bs_ts,name,destination,lat,lon,heading,cog,sog,nav_status,imo,callsign,mmsi,Type of ship
2008-08-28T23:29:00,MILLENNIUM,SEWARD,59.5566667,-142.873333,511,360.0,102.3,15,9189419.0,9HJF9,249055000,16.0
2008-08-28T22:28:49,MILLENNIUM,SEWARD,59.5506667,-142.203333,511,360.0,102.3,15,9189419.0,9HJF9,249055000,16.0
2008-08-28T21:28:28,MILLENNIUM,SEWARD,59.5346667,-141.539333,511,360.0,102.3,15,9189419.0,9HJF9,249055000,16.0
2008-08-28T20:28:00,MILLENNIUM,SEWARD,59.522,-140.874667,511,360.0,102.3,15,9189419.0,9HJF9,249055000,16.0
2008-08-28T19:48:23,MILLENNIUM,SEWARD,59.51086667,-140.4432833,272,272.0,20.3,0,9189419.0,9HJF9,249055000,16.0
2008-08-28T19:44:53,MILLENNIUM,SEWARD,59.50986667,-140.4046333,272,272.8,20.3,0,9189419.0,9HJF9,249055000,16.0
2008-08-28T19:41:05,MILLENNIUM,SEWARD,59.50895,-140.3630333,272,271.7,20.2,0,9189419.0,9HJF9,249055000,16.0
2008-08-28T19:40:53,MILLENNIUM,SEWARD,59.50888333,-140.3606,272,272.5,20.3,0,9189419.0,9HJF9,249055000,16.0
2008-08-28T19:40:46,MILLENNIUM,SEWARD,59.50886667,-140.3595167,272,273.1,20.4,0,9189419.0,9HJF9,249055000,16.0
2008-08-28T19:35:59,MILLENNIUM,SEWARD,59.50768333,-140.3063167,272,273.6,20.3,0,9189419.0,9HJF9,249055000,16.0
2008-08-28T19:35:54,MILLENNIUM,SEWARD,59.50765,-140.3052,272,273.7,20.2,0,9189419.0,9HJF9,249055000,16.0
2008-08-28T19:35:29,MILLENNIUM,SEWARD,59.50751667,-140.3007167,272,273.8,20.4,0,9189419.0,9HJF9,249055000,16.0
2008-08-28T19:30:29,MILLENNIUM,SEWARD,59.50608333,-140.2445,271,273.7,20.8,0,9189419.0,9HJF9,249055000,16.0
2008-08-28T19:29:35,MILLENNIUM,SEWARD,59.5058,-140.2345333,272,273.0,20.9,0,9189419.0,9HJF9,249055000,16.0
2008-08-28T19:29:29,MILLENNIUM,SEWARD,59.50576667,-140.2331833,271,273.0,20.9,0,9189419.0,9HJF9,249055000,16.0
2008-08-28T19:29:17,MILLENNIUM,SEWARD,59.5057,-140.2309167,272,272.6,20.8,0,9189419.0,9HJF9,249055000,16.0
2008-08-28T19:29:11,MILLENNIUM,SEWARD,59.50566667,-140.2297833,272,273.9,20.8,0,9189419.0,9HJF9,249055000,16.0
2008-08-28T19:29:10,MILLENNIUM,SEWARD,59.50563333,-140.22865,0,0.0,0.0,0,9189419.0,9HJF9,249055000,16.0
2008-08-28T19:29:05,MILLENNIUM,SEWARD,59.50563333,-140.22865,271,272.9,21.0,0,9189419.0,9HJF9,249055000,16.0
2008-08-28T19:28:05,MILLENNIUM,SEWARD,59.50536667,-140.2173167,271,272.6,20.9,0,9189419.0,9HJF9,249055000,16.0
2008-08-28T19:27:58,MILLENNIUM,SEWARD,59.50533333,-140.2161667,271,272.9,20.9,0,9189419.0,9HJF9,249055000,16.0
2008-08-28T19:27:53,MILLENNIUM,SEWARD,59.5053,-140.21525,271,272.6,20.8,0,9189419.0,9HJF9,249055000,16.0
2008-08-28T19:27:46,MILLENNIUM,SEWARD,59.50528333,-140.2139,271,272.3,20.7,0,9189419.0,9HJF9,249055000,16.0
2008-08-28T19:27:22,MILLENNIUM,SEWARD,59.5046667,-140.199333,511,360.0,102.3,15,9189419.0,9HJF9,249055000,16.0
2008-08-28T19:27:11,MILLENNIUM,SEWARD,59.50511667,-140.20735,271,272.0,20.9,0,9189419.0,9HJF9,249055000,16.0
2008-08-28T19:27:05,MILLENNIUM,SEWARD,59.50508333,-140.206,271,272.9,21.0,0,9189419.0,9HJF9,249055000,16.0
2008-08-28T19:23:28,MILLENNIUM,SEWARD,59.50398333,-140.1650833,271,272.9,20.8,0,9189419.0,9HJF9,249055000,16.0
2008-08-28T19:22:11,MILLENNIUM,SEWARD,59.50358333,-140.15035,271,274.0,20.8,0,9189419.0,9HJF9,249055000,16.0
2008-08-28T19:21:11,MILLENNIUM,SEWARD,59.50328333,-140.1392333,271,272.3,20.8,0,9189419.0,9HJF9,249055000,16.0
2008-08-28T19:21:06,MILLENNIUM,SEWARD,59.50325,-140.1381167,271,273.2,20.8,0,9189419.0,9HJF9,249055000,16.0
2008-08-28T19:20:58,MILLENNIUM,SEWARD,59.50321667,-140.13675,271,272.3,20.9,0,9189419.0,9HJF9,249055000,16.0
2008-08-28T19:20:41,MILLENNIUM,SEWARD,59.50311667,-140.1335667,271,273.5,20.6,0,9189419.0,9HJF9,249055000,16.0
2008-08-28T19:20:35,MILLENNIUM,SEWARD,59.50308333,-140.13245,271,273.7,20.7,0,9189419.0,9HJF9,249055000,16.0
2008-08-28T19:20:31,MILLENNIUM,SEWARD,59.50306667,-140.1313167,271,272.3,20.6,0,9189419.0,9HJF9,249055000,16.0
2008-08-28T19:20:24,MILLENNIUM,SEWARD,59.50301667,-140.13015,271,273.7,20.7,0,9189419.0,9HJF9,249055000,16.0
2008-08-28T19:20:05,MILLENNIUM,SEWARD,59.5029,-140.1267667,271,273.7,20.7,0,9189419.0,9HJF9,249055000,16.0
2008-08-28T19:19:58,MILLENNIUM,SEWARD,59.50286667,-140.1254333,271,272.3,20.8,0,9189419.0,9HJF9,249055000,16.0
2008-08-28T19:19:53,MILLENNIUM,SEWARD,59.50283333,-140.1245333,271,274.0,20.5,0,9189419.0,9HJF9,249055000,16.0
2008-08-28T19:19:35,MILLENNIUM,SEWARD,59.50273333,-140.12115,271,274.0,20.5,0,9189419.0,9HJF9,249055000,16.0
2008-08-28T19:18:58,MILLENNIUM,SEWARD,59.5025,-140.1142167,271,273.7,20.6,0,9189419.0,9HJF9,249055000,16.0
2008-08-28T19:18:53,MILLENNIUM,SEWARD,59.50246667,-140.1133333,271,273.7,20.6,0,9189419.0,9HJF9,249055000,16.0
2008-08-28T19:18:47,MILLENNIUM,SEWARD,59.50243333,-140.1122167,271,272.3,20.6,0,9189419.0,9HJF9,249055000,16.0
2008-08-28T19:18:23,MILLENNIUM,SEWARD,59.50231667,-140.1077,271,272.4,20.4,0,9189419.0,9HJF9,249055000,16.0
2008-08-28T19:18:18,MILLENNIUM,SEWARD,59.50228333,-140.1065833,271,273.8,20.4,0,9189419.0,9HJF9,249055000,16.0
2008-08-28T19:18:12,MILLENNIUM,SEWARD,59.50225,-140.10545,271,273.7,20.5,0,9189419.0,9HJF9,249055000,16.0
2008-08-28T19:17:53,MILLENNIUM,SEWARD,59.50213333,-140.1021167,272,274.5,20.2,0,9189419.0,9HJF9,249055000,16.0
2008-08-28T19:17:47,MILLENNIUM,SEWARD,59.5021,-140.101,271,273.5,20.4,0,9189419.0,9HJF9,249055000,16.0
2008-08-28T19:17:41,MILLENNIUM,SEWARD,59.50206667,-140.0999,271,272.3,20.7,0,9189419.0,9HJF9,249055000,16.0
2008-08-28T19:17:35,MILLENNIUM,SEWARD,59.50203333,-140.0988,271,272.3,20.5,0,9189419.0,9HJF9,249055000,16.0
2008-08-28T19:17:23,MILLENNIUM,SEWARD,59.50198333,-140.0967833,271,272.4,20.3,0,9189419.0,9HJF9,249055000,16.0
2008-08-28T19:17:17,MILLENNIUM,SEWARD,59.50195,-140.09545,271,274.1,20.3,0,9189419.0,9HJF9,249055000,16.0
2008-08-28T19:17:09,MILLENNIUM,SEWARD,59.50188333,-140.09325,0,0.0,0.0,0,9189419.0,9HJF9,249055000,16.0
2008-08-28T19:17:06,MILLENNIUM,SEWARD,59.50188333,-140.09325,271,273.2,20.3,0,9189419.0,9HJF9,249055000,16.0
2008-08-28T19:16:58,MILLENNIUM,SEWARD,59.50185,-140.09215,271,272.9,20.3,0,9189419.0,9HJF9,249055000,16.0
2008-08-28T19:16:54,MILLENNIUM,SEWARD,59.50183333,-140.09125,271,272.4,20.3,0,9189419.0,9HJF9,249055000,16.0
2008-08-28T19:16:47,MILLENNIUM,SEWARD,59.5018,-140.0899333,271,273.2,20.2,0,9189419.0,9HJF9,249055000,16.0
2008-08-28T19:16:29,MILLENNIUM,SEWARD,59.50168333,-140.0866167,272,273.7,20.2,0,9189419.0,9HJF9,249055000,16.0
2008-08-28T19:16:17,MILLENNIUM,SEWARD,59.50161667,-140.0844167,272,273.1,20.2,0,9189419.0,9HJF9,249055000,16.0
2008-08-28T19:16:11,MILLENNIUM,SEWARD,59.50156667,-140.0833167,272,274.5,20.2,0,9189419.0,9HJF9,249055000,16.0
2008-08-28T19:15:58,MILLENNIUM,SEWARD,59.50148333,-140.0809167,273,275.2,20.0,0,9189419.0,9HJF9,249055000,16.0
2008-08-28T19:15:54,MILLENNIUM,SEWARD,59.50145,-140.0802667,273,273.8,20.4,0,9189419.0,9HJF9,249055000,16.0
2008-08-28T19:15:47,MILLENNIUM,SEWARD,59.5014,-140.0789333,273,274.7,20.2,0,9189419.0,9HJF9,249055000,16.0
2008-08-28T19:15:41,MILLENNIUM,SEWARD,59.50136667,-140.07785,273,275.2,20.1,0,9189419.0,9HJF9,249055000,16.0
2008-08-28T19:15:35,MILLENNIUM,SEWARD,59.50131667,-140.07675,273,274.1,20.0,0,9189419.0,9HJF9,249055000,16.0
2008-08-28T19:15:29,MILLENNIUM,SEWARD,59.50128333,-140.07565,273,275.5,20.0,0,9189419.0,9HJF9,249055000,16.0
2008-08-28T19:15:22,MILLENNIUM,SEWARD,59.50123333,-140.0745667,273,273.4,20.2,0,9189419.0,9HJF9,249055000,16.0
2008-08-28T19:15:17,MILLENNIUM,SEWARD,59.50121667,-140.0734667,272,272.8,20.3,0,9189419.0,9HJF9,249055000,16.0
2008-08-28T19:15:05,MILLENNIUM,SEWARD,59.50118333,-140.0715333,272,273.9,20.1,0,9189419.0,9HJF9,249055000,16.0
2008-08-28T19:14:59,MILLENNIUM,SEWARD,59.50111667,-140.0702,271,272.9,20.1,0,9189419.0,9HJF9,249055000,16.0
2008-08-28T19:14:53,MILLENNIUM,SEWARD,59.5011,-140.0690833,271,272.4,20.1,0,9189419.0,9HJF9,249055000,16.0
2008-08-28T19:14:40,MILLENNIUM,SEWARD,59.50105,-140.0668833,271,272.4,20.1,0,9189419.0,9HJF9,249055000,16.0
2008-08-28T19:14:35,MILLENNIUM,SEWARD,59.50101667,-140.0658167,270,271.9,20.1,0,9189419.0,9HJF9,249055000,16.0
2008-08-28T19:14:23,MILLENNIUM,SEWARD,59.501,-140.0636167,269,270.1,19.9,0,9189419.0,9HJF9,249055000,16.0
2008-08-28T19:14:11,MILLENNIUM,SEWARD,59.501,-140.0614333,268,269.9,20.1,0,9189419.0,9HJF9,249055000,16.0
2008-08-28T19:14:06,MILLENNIUM,SEWARD,59.50101667,-140.0605667,268,268.5,20.0,0,9189419.0,9HJF9,249055000,16.0
2008-08-28T19:13:59,MILLENNIUM,SEWARD,59.50101667,-140.05925,267,269.5,19.9,0,9189419.0,9HJF9,249055000,16.0
2008-08-28T19:13:29,MILLENNIUM,SEWARD,59.50111667,-140.0538167,264,264.2,20.2,0,9189419.0,9HJF9,249055000,16.0
2008-08-28T19:13:22,MILLENNIUM,SEWARD,59.50116667,-140.0527333,264,264.4,20.0,0,9189419.0,9HJF9,249055000,16.0
2008-08-28T19:13:18,MILLENNIUM,SEWARD,59.5012,-140.05185,263,265.6,19.8,0,9189419.0,9HJF9,249055000,16.0
2008-08-28T19:13:06,MILLENNIUM,SEWARD,59.5013,-140.04945,262,264.2,20.0,0,9189419.0,9HJF9,249055000,16.0
2008-08-28T19:12:54,MILLENNIUM,SEWARD,59.50145,-140.0473167,260,262.3,19.8,0,9189419.0,9HJF9,249055000,16.0
2008-08-28T19:12:46,MILLENNIUM,SEWARD,59.50156667,-140.0460333,259,260.1,19.9,0,9189419.0,9HJF9,249055000,16.0
2008-08-28T19:12:40,MILLENNIUM,SEWARD,59.50165,-140.0451833,259,261.0,19.8,0,9189419.0,9HJF9,249055000,16.0
2008-08-28T19:12:35,MILLENNIUM,SEWARD,59.50173333,-140.0441,258,259.7,19.8,0,9189419.0,9HJF9,249055000,16.0
2008-08-28T19:12:28,MILLENNIUM,SEWARD,59.50186667,-140.0428167,257,258.7,19.7,0,9189419.0,9HJF9,249055000,16.0
2008-08-28T19:12:23,MILLENNIUM,SEWARD,59.50193333,-140.0419833,257,258.4,20.0,0,9189419.0,9HJF9,249055000,16.0
2008-08-28T19:12:17,MILLENNIUM,SEWARD,59.50206667,-140.0409167,256,257.1,19.9,0,9189419.0,9HJF9,249055000,16.0
2008-08-28T19:12:11,MILLENNIUM,SEWARD,59.50218333,-140.0398667,256,256.8,19.8,0,9189419.0,9HJF9,249055000,16.0
2008-08-28T19:12:06,MILLENNIUM,SEWARD,59.5023,-140.039,255,256.1,19.7,0,9189419.0,9HJF9,249055000,16.0
2008-08-28T19:11:58,MILLENNIUM,SEWARD,59.50243333,-140.03775,254,256.0,19.8,0,9189419.0,9HJF9,249055000,16.0
2008-08-28T19:11:47,MILLENNIUM,SEWARD,59.50271667,-140.0356667,253,255.6,19.8,0,9189419.0,9HJF9,249055000,16.0
2008-08-28T19:11:11,MILLENNIUM,SEWARD,59.5037,-140.0294833,249,250.4,19.7,0,9189419.0,9HJF9,249055000,16.0
2008-08-28T19:11:05,MILLENNIUM,SEWARD,59.50433333,-140.0265333,0,0.0,0.0,0,9189419.0,9HJF9,249055000,16.0
2008-08-28T19:10:53,MILLENNIUM,SEWARD,59.50433333,-140.0265333,247,248.1,19.7,0,9189419.0,9HJF9,249055000,16.0
2008-08-28T19:10:49,MILLENNIUM,SEWARD,59.5045,-140.0255167,247,248.4,19.6,0,9189419.0,9HJF9,249055000,16.0
2008-08-28T19:10:41,MILLENNIUM,SEWARD,59.5047,-140.0245167,246,248.6,19.5,0,9189419.0,9HJF9,249055000,16.0
2008-08-28T19:10:35,MILLENNIUM,SEWARD,59.50485,-140.0237333,246,247.4,19.5,0,9189419.0,9HJF9,249055000,16.0
2008-08-28T19:10:28,MILLENNIUM,SEWARD,59.50513333,-140.02235,245,246.4,19.5,0,9189419.0,9HJF9,249055000,16.0
2008-08-28T19:10:23,MILLENNIUM,SEWARD,59.50531667,-140.0215667,244,245.1,19.5,0,9189419.0,9HJF9,249055000,16.0
2008-08-28T19:10:18,MILLENNIUM,SEWARD,59.50555,-140.0206,243,244.7,19.5,0,9189419.0,9HJF9,249055000,16.0
2008-08-28T19:10:12,MILLENNIUM,SEWARD,59.50578333,-140.01965,243,244.4,19.5,0,9189419.0,9HJF9,249055000,16.0
2008-08-28T19:10:06,MILLENNIUM,SEWARD,59.50596667,-140.0188833,243,244.1,19.4,0,9189419.0,9HJF9,249055000,16.0
2008-08-28T19:09:58,MILLENNIUM,SEWARD,59.50623333,-140.0177167,242,244.0,19.3,0,9189419.0,9HJF9,249055000,16.0
2008-08-28T19:09:53,MILLENNIUM,SEWARD,59.50641667,-140.0169667,242,242.1,19.4,0,9189419.0,9HJF9,249055000,16.0
2008-08-28T19:09:47,MILLENNIUM,SEWARD,59.50671667,-140.0158333,241,242.1,19.4,0,9189419.0,9HJF9,249055000,16.0
2008-08-28T19:05:47,MILLENNIUM,SEWARD,59.51996667,-139.9845333,217,218.2,18.2,0,9189419.0,9HJF9,249055000,16.0
2008-08-28T19:05:41,MILLENNIUM,SEWARD,59.52036667,-139.9839333,217,218.2,18.2,0,9189419.0,9HJF9,249055000,16.0
2008-08-28T19:05:35,MILLENNIUM,SEWARD,59.52066667,-139.9834333,216,217.5,18.2,0,9189419.0,9HJF9,249055000,16.0
2008-08-28T19:05:29,MILLENNIUM,SEWARD,59.52125,-139.9826167,216,216.9,18.1,0,9189419.0,9HJF9,249055000,16.0
2008-08-28T19:05:22,MILLENNIUM,SEWARD,59.52156667,-139.9821167,215,215.9,18.2,0,9189419.0,9HJF9,249055000,16.0
2008-08-28T19:05:17,MILLENNIUM,SEWARD,59.52196667,-139.98155,215,215.6,18.2,0,9189419.0,9HJF9,249055000,16.0
2008-08-28T19:05:12,MILLENNIUM,SEWARD,59.5223,-139.9810833,215,216.2,18.1,0,9189419.0,9HJF9,249055000,16.0
2008-08-28T19:05:05,MILLENNIUM,SEWARD,59.52278333,-139.9804,214,214.9,18.3,0,9189419.0,9HJF9,249055000,16.0
2008-08-28T19:04:58,MILLENNIUM,SEWARD,59.5232,-139.9798333,214,214.9,18.1,0,9189419.0,9HJF9,249055000,16.0
2008-08-28T19:04:53,MILLENNIUM,SEWARD,59.52353333,-139.9794,213,213.9,18.1,0,9189419.0,9HJF9,249055000,16.0
2008-08-28T19:04:46,MILLENNIUM,SEWARD,59.52403333,-139.97875,213,214.2,18.0,0,9189419.0,9HJF9,249055000,16.0
2008-08-28T19:04:41,MILLENNIUM,SEWARD,59.52436667,-139.9783,212,213.5,18.0,0,9189419.0,9HJF9,249055000,16.0
2008-08-28T19:04:35,MILLENNIUM,SEWARD,59.5248,-139.9777333,212,213.2,18.1,0,9189419.0,9HJF9,249055000,16.0
2008-08-28T19:04:28,MILLENNIUM,SEWARD,59.5253,-139.9771167,211,211.6,18.1,0,9189419.0,9HJF9,249055000,16.0
2008-08-28T19:04:23,MILLENNIUM,SEWARD,59.52573333,-139.9765667,211,212.2,18.2,0,9189419.0,9HJF9,249055000,16.0
2008-08-28T19:04:18,MILLENNIUM,SEWARD,59.52606667,-139.97615,211,212.5,18.1,0,9189419.0,9HJF9,249055000,16.0
2008-08-28T19:04:12,MILLENNIUM,SEWARD,59.5265,-139.9756167,210,211.9,17.9,0,9189419.0,9HJF9,249055000,16.0
2008-08-28T19:04:05,MILLENNIUM,SEWARD,59.52703333,-139.9750167,210,210.9,18.1,0,9189419.0,9HJF9,249055000,16.0
2008-08-28T19:03:58,MILLENNIUM,SEWARD,59.52746667,-139.9745,209,210.5,18.1,0,9189419.0,9HJF9,249055000,16.0
2008-08-28T19:03:53,MILLENNIUM,SEWARD,59.52788333,-139.9739833,209,209.9,18.0,0,9189419.0,9HJF9,249055000,16.0
2008-08-28T19:03:41,MILLENNIUM,SEWARD,59.52875,-139.973,210,210.9,18.0,0,9189419.0,9HJF9,249055000,16.0
2008-08-28T19:03:36,MILLENNIUM,SEWARD,59.52908333,-139.9726,210,211.2,17.8,0,9189419.0,9HJF9,249055000,16.0
2008-08-28T19:03:29,MILLENNIUM,SEWARD,59.5296,-139.972,210,211.2,17.8,0,9189419.0,9HJF9,249055000,16.0
2008-08-28T19:03:23,MILLENNIUM,SEWARD,59.53001667,-139.9715167,210,211.2,17.8,0,9189419.0,9HJF9,249055000,16.0
2008-08-28T19:03:11,MILLENNIUM,SEWARD,59.5308,-139.9706167,210,210.9,17.8,0,9189419.0,9HJF9,249055000,16.0
2008-08-28T19:03:05,MILLENNIUM,SEWARD,59.53121667,-139.9701167,210,210.9,17.8,0,9189419.0,9HJF9,249055000,16.0
2008-08-28T19:02:54,MILLENNIUM,SEWARD,59.53205,-139.9691333,210,210.6,17.6,0,9189419.0,9HJF9,249055000,16.0
2008-08-28T19:02:47,MILLENNIUM,SEWARD,59.53255,-139.9685167,210,211.6,17.6,0,9189419.0,9HJF9,249055000,16.0
2008-08-28T19:02:42,MILLENNIUM,SEWARD,59.53285,-139.9681667,210,211.3,17.5,0,9189419.0,9HJF9,249055000,16.0
2008-08-28T19:02:36,MILLENNIUM,SEWARD,59.53316667,-139.9678,210,210.6,17.4,0,9189419.0,9HJF9,249055000,16.0
2008-08-28T19:02:28,MILLENNIUM,SEWARD,59.53373333,-139.9671,210,210.6,17.4,0,9189419.0,9HJF9,249055000,16.0
2008-08-28T19:02:24,MILLENNIUM,SEWARD,59.53405,-139.9667167,210,211.3,17.3,0,9189419.0,9HJF9,249055000,16.0
2008-08-28T19:02:17,MILLENNIUM,SEWARD,59.53446667,-139.9662333,210,211.3,17.2,0,9189419.0,9HJF9,249055000,16.0
2008-08-28T19:02:11,MILLENNIUM,SEWARD,59.53488333,-139.9657333,210,210.6,17.3,0,9189419.0,9HJF9,249055000,16.0
2008-08-28T19:02:05,MILLENNIUM,SEWARD,59.53538333,-139.96515,210,210.9,17.3,0,9189419.0,9HJF9,249055000,16.0
2008-08-28T19:01:58,MILLENNIUM,SEWARD,59.5358,-139.96465,210,211.3,17.2,0,9189419.0,9HJF9,249055000,16.0
2008-08-28T19:01:53,MILLENNIUM,SEWARD,59.53621667,-139.9641833,210,210.6,17.1,0,9189419.0,9HJF9,249055000,16.0
2008-08-28T19:01:47,MILLENNIUM,SEWARD,59.53661667,-139.9637167,210,210.6,17.1,0,9189419.0,9HJF9,249055000,16.0
2008-08-28T19:01:41,MILLENNIUM,SEWARD,59.53695,-139.9633333,209,209.6,17.2,0,9189419.0,9HJF9,249055000,16.0
2008-08-28T19:01:36,MILLENNIUM,SEWARD,59.53735,-139.9628833,209,210.0,17.1,0,9189419.0,9HJF9,249055000,16.0
2008-08-28T19:01:28,MILLENNIUM,SEWARD,59.53785,-139.9623167,209,209.3,17.1,0,9189419.0,9HJF9,249055000,16.0
2008-08-28T19:01:22,MILLENNIUM,SEWARD,59.53825,-139.96185,209,209.6,17.1,0,9189419.0,9HJF9,249055000,16.0
2008-08-28T19:01:17,MILLENNIUM,SEWARD,59.53858333,-139.9614833,209,210.3,17.1,0,9189419.0,9HJF9,249055000,16.0
2008-08-28T19:01:11,MILLENNIUM,SEWARD,59.539,-139.961,209,210.0,17.0,0,9189419.0,9HJF9,249055000,16.0
2008-08-28T19:01:05,MILLENNIUM,SEWARD,59.53938333,-139.9605333,209,210.0,17.0,0,9189419.0,9HJF9,249055000,16.0
2008-08-28T19:00:58,MILLENNIUM,SEWARD,59.53988333,-139.9599833,209,210.3,17.1,0,9189419.0,9HJF9,249055000,16.0
2008-08-28T19:00:53,MILLENNIUM,SEWARD,59.5402,-139.9596,209,210.0,17.1,0,9189419.0,9HJF9,249055000,16.0
2008-08-28T19:00:46,MILLENNIUM,SEWARD,59.54063333,-139.9591333,209,209.6,17.0,0,9189419.0,9HJF9,249055000,16.0
2008-08-28T19:00:41,MILLENNIUM,SEWARD,59.54105,-139.9586833,209,209.3,17.1,0,9189419.0,9HJF9,249055000,16.0
2008-08-28T19:00:35,MILLENNIUM,SEWARD,59.54148333,-139.95825,209,209.6,17.2,0,9189419.0,9HJF9,249055000,16.0
2008-08-28T19:00:30,MILLENNIUM,SEWARD,59.54198333,-139.9576833,209,209.3,17.1,0,9189419.0,9HJF9,249055000,16.0
2008-08-28T19:00:23,MILLENNIUM,SEWARD,59.5424,-139.9572167,209,209.6,17.1,0,9189419.0,9HJF9,249055000,16.0
2008-08-28T19:00:18,MILLENNIUM,SEWARD,59.5428,-139.9567333,210,210.3,17.1,0,9189419.0,9HJF9,249055000,16.0
2008-08-28T19:00:11,MILLENNIUM,SEWARD,59.54321667,-139.9562667,210,210.3,17.2,0,9189419.0,9HJF9,249055000,16.0
2008-08-28T19:00:05,MILLENNIUM,SEWARD,59.54363333,-139.9558,210,210.6,17.2,0,9189419.0,9HJF9,249055000,16.0
2008-08-28T18:59:58,MILLENNIUM,SEWARD,59.54403333,-139.9553333,210,210.0,17.2,0,9189419.0,9HJF9,249055000,16.0
2008-08-28T18:59:53,MILLENNIUM,SEWARD,59.54435,-139.9549667,210,210.6,17.1,0,9189419.0,9HJF9,249055000,16.0
2008-08-28T18:59:47,MILLENNIUM,SEWARD,59.54478333,-139.9544833,210,210.0,17.1,0,9189419.0,9HJF9,249055000,16.0
2008-08-28T18:59:41,MILLENNIUM,SEWARD,59.54518333,-139.9540333,210,209.6,17.2,0,9189419.0,9HJF9,249055000,16.0
2008-08-28T18:59:36,MILLENNIUM,SEWARD,59.5456,-139.9535667,210,210.9,17.2,0,9189419.0,9HJF9,249055000,16.0
2008-08-28T18:59:28,MILLENNIUM,SEWARD,59.5461,-139.9529833,210,209.6,17.3,0,9189419.0,9HJF9,249055000,16.0
2008-08-28T18:59:22,MILLENNIUM,SEWARD,59.54643333,-139.9526333,209,208.6,17.3,0,9189419.0,9HJF9,249055000,16.0
2008-08-28T18:59:18,MILLENNIUM,SEWARD,59.54685,-139.9521667,209,209.9,17.3,0,9189419.0,9HJF9,249055000,16.0
2008-08-28T18:59:11,MILLENNIUM,SEWARD,59.54726667,-139.9516833,209,208.3,17.3,0,9189419.0,9HJF9,249055000,16.0
2008-08-28T18:59:07,MILLENNIUM,SEWARD,59.5477,-139.9512333,0,0.0,0.0,0,9189419.0,9HJF9,249055000,16.0
2008-08-28T18:59:05,MILLENNIUM,SEWARD,59.5477,-139.9512333,209,208.3,17.3,0,9189419.0,9HJF9,249055000,16.0
2008-08-28T18:58:58,MILLENNIUM,SEWARD,59.54811667,-139.9508,209,208.6,17.4,0,9189419.0,9HJF9,249055000,16.0
2008-08-28T18:58:54,MILLENNIUM,SEWARD,59.54851667,-139.9503167,209,208.6,17.4,0,9189419.0,9HJF9,249055000,16.0
2008-08-28T18:58:47,MILLENNIUM,SEWARD,59.54896667,-139.9498667,209,208.3,17.5,0,9189419.0,9HJF9,249055000,16.0
2008-08-28T18:58:41,MILLENNIUM,SEWARD,59.54936667,-139.9494167,209,209.0,17.6,0,9189419.0,9HJF9,249055000,16.0
2008-08-28T18:58:36,MILLENNIUM,SEWARD,59.5498,-139.94895,209,209.0,17.5,0,9189419.0,9HJF9,249055000,16.0
2008-08-28T18:58:28,MILLENNIUM,SEWARD,59.55031667,-139.9484,209,208.6,17.6,0,9189419.0,9HJF9,249055000,16.0
2008-08-28T18:58:24,MILLENNIUM,SEWARD,59.55075,-139.94795,209,208.3,17.5,0,9189419.0,9HJF9,249055000,16.0
2008-08-28T18:58:18,MILLENNIUM,SEWARD,59.5511,-139.9475833,208,208.0,17.5,0,9189419.0,9HJF9,249055000,16.0
2008-08-28T18:58:11,MILLENNIUM,SEWARD,59.55161667,-139.94705,208,208.0,17.6,0,9189419.0,9HJF9,249055000,16.0
2008-08-28T18:58:05,MILLENNIUM,SEWARD,59.55205,-139.9466,208,208.3,17.5,0,9189419.0,9HJF9,249055000,16.0
2008-08-28T18:57:58,MILLENNIUM,SEWARD,59.55246667,-139.94615,208,207.3,17.6,0,9189419.0,9HJF9,249055000,16.0
2008-08-28T18:57:53,MILLENNIUM,SEWARD,59.55281667,-139.9457833,208,208.0,17.5,0,9189419.0,9HJF9,249055000,16.0
2008-08-28T18:57:49,MILLENNIUM,SEWARD,59.55325,-139.9453167,208,207.3,17.6,0,9189419.0,9HJF9,249055000,16.0
2008-08-28T18:57:41,MILLENNIUM,SEWARD,59.55366667,-139.9448833,208,208.3,17.6,0,9189419.0,9HJF9,249055000,16.0
2008-08-28T18:57:34,MILLENNIUM,SEWARD,59.5541,-139.9444167,208,207.6,17.5,0,9189419.0,9HJF9,249055000,16.0
2008-08-28T18:57:29,MILLENNIUM,SEWARD,59.55461667,-139.9438667,208,208.3,17.6,0,9189419.0,9HJF9,249055000,16.0
2008-08-28T18:57:23,MILLENNIUM,SEWARD,59.55496667,-139.9435167,208,207.3,17.6,0,9189419.0,9HJF9,249055000,16.0
2008-08-28T18:57:17,MILLENNIUM,SEWARD,59.5554,-139.9430667,208,208.3,17.7,0,9189419.0,9HJF9,249055000,16.0
2008-08-28T18:57:11,MILLENNIUM,SEWARD,59.55581667,-139.9426,208,207.6,17.7,0,9189419.0,9HJF9,249055000,16.0
2008-08-28T18:57:05,MILLENNIUM,SEWARD,59.55625,-139.94215,208,208.6,17.6,0,9189419.0,9HJF9,249055000,16.0
2008-08-28T18:56:59,MILLENNIUM,SEWARD,59.55668333,-139.9416833,208,208.0,17.6,0,9189419.0,9HJF9,249055000,16.0
2008-08-28T18:56:53,MILLENNIUM,SEWARD,59.5571,-139.9412333,208,208.3,17.7,0,9189419.0,9HJF9,249055000,16.0
2008-08-28T18:56:47,MILLENNIUM,SEWARD,59.55753333,-139.9407667,208,208.3,17.7,0,9189419.0,9HJF9,249055000,16.0
2008-08-28T18:56:41,MILLENNIUM,SEWARD,59.55803333,-139.9402167,208,208.3,17.6,0,9189419.0,9HJF9,249055000,16.0
2008-08-28T18:56:35,MILLENNIUM,SEWARD,59.55846667,-139.93975,208,208.3,17.6,0,9189419.0,9HJF9,249055000,16.0
2008-08-28T18:56:29,MILLENNIUM,SEWARD,59.5589,-139.9393,208,208.3,17.6,0,9189419.0,9HJF9,249055000,16.0
2008-08-28T18:56:23,MILLENNIUM,SEWARD,59.55925,-139.9389333,208,208.3,17.7,0,9189419.0,9HJF9,249055000,16.0
2008-08-28T18:56:17,MILLENNIUM,SEWARD,59.55968333,-139.9384667,208,208.6,17.7,0,9189419.0,9HJF9,249055000,16.0
2008-08-28T18:56:11,MILLENNIUM,SEWARD,59.5602,-139.9379167,208,208.0,17.7,0,9189419.0,9HJF9,249055000,16.0
2008-08-28T18:56:05,MILLENNIUM,SEWARD,59.56053333,-139.93755,208,208.3,17.7,0,9189419.0,9HJF9,249055000,16.0
2008-08-28T18:55:58,MILLENNIUM,SEWARD,59.56105,-139.9369833,208,208.6,17.8,0,9189419.0,9HJF9,249055000,16.0
2008-08-28T18:55:53,MILLENNIUM,SEWARD,59.56138333,-139.9366,208,208.3,17.7,0,9189419.0,9HJF9,249055000,16.0
2008-08-28T18:55:47,MILLENNIUM,SEWARD,59.56173333,-139.9362333,208,208.6,17.7,0,9189419.0,9HJF9,249055000,16.0
2008-08-28T18:55:41,MILLENNIUM,SEWARD,59.56226667,-139.9356667,208,208.6,17.7,0,9189419.0,9HJF9,249055000,16.0
2008-08-28T18:55:34,MILLENNIUM,SEWARD,59.56268333,-139.9352,208,208.6,17.7,0,9189419.0,9HJF9,249055000,16.0
2008-08-28T18:55:33,MILLENNIUM,SEWARD,59.56311667,-139.9347333,208,208.6,17.8,0,9189419.0,9HJF9,249055000,16.0
2008-08-28T18:55:23,MILLENNIUM,SEWARD,59.56355,-139.9342667,209,209.6,17.8,0,9189419.0,9HJF9,249055000,16.0
2008-08-28T18:55:17,MILLENNIUM,SEWARD,59.56398333,-139.9337833,209,209.6,17.7,0,9189419.0,9HJF9,249055000,16.0
2008-08-28T18:55:11,MILLENNIUM,SEWARD,59.56441667,-139.9333167,209,209.6,17.7,0,9189419.0,9HJF9,249055000,16.0
2008-08-28T18:55:05,MILLENNIUM,SEWARD,59.56485,-139.9328333,209,209.6,17.7,0,9189419.0,9HJF9,249055000,16.0
2008-08-28T18:54:58,MILLENNIUM,SEWARD,59.56528333,-139.9323667,209,209.6,17.7,0,9189419.0,9HJF9,249055000,16.0
2008-08-28T18:54:53,MILLENNIUM,SEWARD,59.5657,-139.9318833,209,209.6,17.8,0,9189419.0,9HJF9,249055000,16.0
2008-08-28T18:54:47,MILLENNIUM,SEWARD,59.56613333,-139.9314167,209,209.6,17.7,0,9189419.0,9HJF9,249055000,16.0
2008-08-28T18:54:41,MILLENNIUM,SEWARD,59.56656667,-139.9309333,209,209.3,17.7,0,9189419.0,9HJF9,249055000,16.0
2008-08-28T18:54:34,MILLENNIUM,SEWARD,59.56708333,-139.93035,209,209.6,17.8,0,9189419.0,9HJF9,249055000,16.0
2008-08-28T18:54:28,MILLENNIUM,SEWARD,59.5675,-139.9298667,209,209.9,17.8,0,9189419.0,9HJF9,249055000,16.0
2008-08-28T18:54:23,MILLENNIUM,SEWARD,59.56785,-139.9294833,209,209.6,17.8,0,9189419.0,9HJF9,249055000,16.0
2008-08-28T18:54:16,MILLENNIUM,SEWARD,59.56836667,-139.9289,209,209.9,17.8,0,9189419.0,9HJF9,249055000,16.0
2008-08-28T18:54:11,MILLENNIUM,SEWARD,59.5687,-139.9285167,209,209.6,17.8,0,9189419.0,9HJF9,249055000,16.0
2008-08-28T18:54:05,MILLENNIUM,SEWARD,59.56911667,-139.9280167,209,209.6,17.8,0,9189419.0,9HJF9,249055000,16.0
2008-08-28T18:54:00,MILLENNIUM,SEWARD,59.56953333,-139.9275333,208,208.3,17.8,0,9189419.0,9HJF9,249055000,16.0
2008-08-28T18:53:53,MILLENNIUM,SEWARD,59.56996667,-139.9270667,208,208.6,17.8,0,9189419.0,9HJF9,249055000,16.0
2008-08-28T18:53:41,MILLENNIUM,SEWARD,59.57083333,-139.9261333,208,208.6,17.8,0,9189419.0,9HJF9,249055000,16.0
2008-08-28T18:53:35,MILLENNIUM,SEWARD,59.57128333,-139.9256667,208,208.6,17.7,0,9189419.0,9HJF9,249055000,16.0
2008-08-28T18:53:28,MILLENNIUM,SEWARD,59.57171667,-139.9252167,208,208.3,17.8,0,9189419.0,9HJF9,249055000,16.0
2008-08-28T18:53:23,MILLENNIUM,SEWARD,59.57205,-139.92485,208,207.9,17.7,0,9189419.0,9HJF9,249055000,16.0
2008-08-28T18:53:17,MILLENNIUM,SEWARD,59.57258333,-139.9243,207,207.9,17.7,0,9189419.0,9HJF9,249055000,16.0
2008-08-28T18:53:11,MILLENNIUM,SEWARD,59.57301667,-139.9238333,207,207.9,17.7,0,9189419.0,9HJF9,249055000,16.0
2008-08-28T18:53:07,MILLENNIUM,SEWARD,59.57343333,-139.9234167,0,0.0,0.0,0,9189419.0,9HJF9,249055000,16.0
2008-08-28T18:53:05,MILLENNIUM,SEWARD,59.57343333,-139.9234167,206,206.6,17.7,0,9189419.0,9HJF9,249055000,16.0
2008-08-28T18:52:59,MILLENNIUM,SEWARD,59.57386667,-139.9229667,206,207.3,17.6,0,9189419.0,9HJF9,249055000,16.0
2008-08-28T18:52:53,MILLENNIUM,SEWARD,59.57431667,-139.9225333,206,206.9,17.7,0,9189419.0,9HJF9,249055000,16.0
2008-08-28T18:52:47,MILLENNIUM,SEWARD,59.57475,-139.9221,206,206.6,17.6,0,9189419.0,9HJF9,249055000,16.0
2008-08-28T18:52:41,MILLENNIUM,SEWARD,59.57518333,-139.9216667,206,207.2,17.7,0,9189419.0,9HJF9,249055000,16.0
2008-08-28T18:52:35,MILLENNIUM,SEWARD,59.57561667,-139.9212333,206,206.9,17.7,0,9189419.0,9HJF9,249055000,16.0
2008-08-28T18:52:28,MILLENNIUM,SEWARD,59.57615,-139.9207,206,206.9,17.7,0,9189419.0,9HJF9,249055000,16.0
2008-08-28T18:52:23,MILLENNIUM,SEWARD,59.5765,-139.92035,206,206.9,17.6,0,9189419.0,9HJF9,249055000,16.0
2008-08-28T18:52:17,MILLENNIUM,SEWARD,59.57693333,-139.9199167,206,207.3,17.6,0,9189419.0,9HJF9,249055000,16.0
2008-08-28T18:52:11,MILLENNIUM,SEWARD,59.57738333,-139.9194667,206,206.9,17.7,0,9189419.0,9HJF9,249055000,16.0
2008-08-28T18:52:05,MILLENNIUM,SEWARD,59.5778,-139.9190333,207,207.9,17.6,0,9189419.0,9HJF9,249055000,16.0
2008-08-28T18:51:59,MILLENNIUM,SEWARD,59.57823333,-139.9185833,207,207.6,17.5,0,9189419.0,9HJF9,249055000,16.0
2008-08-28T18:51:53,MILLENNIUM,SEWARD,59.57866667,-139.9181167,207,208.3,17.4,0,9189419.0,9HJF9,249055000,16.0
2008-08-28T18:51:47,MILLENNIUM,SEWARD,59.579,-139.9177667,207,207.9,17.6,0,9189419.0,9HJF9,249055000,16.0
2008-08-28T18:51:41,MILLENNIUM,SEWARD,59.57951667,-139.9172,207,207.9,17.5,0,9189419.0,9HJF9,249055000,16.0
2008-08-28T18:51:35,MILLENNIUM,SEWARD,59.57995,-139.91675,207,207.6,17.5,0,9189419.0,9HJF9,249055000,16.0
2008-08-28T18:51:29,MILLENNIUM,SEWARD,59.58028333,-139.9164167,207,208.3,17.4,0,9189419.0,9HJF9,249055000,16.0
2008-08-28T18:51:23,MILLENNIUM,SEWARD,59.5808,-139.9158833,207,207.9,17.4,0,9189419.0,9HJF9,249055000,16.0
2008-08-28T18:51:17,MILLENNIUM,SEWARD,59.58123333,-139.9154333,207,207.9,17.5,0,9189419.0,9HJF9,249055000,16.0
2008-08-28T18:51:11,MILLENNIUM,SEWARD,59.58165,-139.9149833,207,207.9,17.3,0,9189419.0,9HJF9,249055000,16.0
2008-08-28T18:51:06,MILLENNIUM,SEWARD,59.582,-139.9146167,207,207.9,17.2,0,9189419.0,9HJF9,249055000,16.0
2008-08-28T18:50:59,MILLENNIUM,SEWARD,59.5825,-139.9141,207,206.6,17.2,0,9189419.0,9HJF9,249055000,16.0
2008-08-28T18:50:53,MILLENNIUM,SEWARD,59.58293333,-139.9136667,206,206.6,17.1,0,9189419.0,9HJF9,249055000,16.0
2008-08-28T18:50:48,MILLENNIUM,SEWARD,59.58335,-139.91325,206,206.3,17.2,0,9189419.0,9HJF9,249055000,16.0
2008-08-28T18:50:41,MILLENNIUM,SEWARD,59.58378333,-139.9128167,207,208.0,17.1,0,9189419.0,9HJF9,249055000,16.0
2008-08-28T18:50:35,MILLENNIUM,SEWARD,59.58411667,-139.9124833,207,207.6,17.0,0,9189419.0,9HJF9,249055000,16.0
2008-08-28T18:50:29,MILLENNIUM,SEWARD,59.58461667,-139.9119667,207,207.3,16.9,0,9189419.0,9HJF9,249055000,16.0
2008-08-28T18:50:23,MILLENNIUM,SEWARD,59.58503333,-139.9115333,207,207.6,16.9,0,9189419.0,9HJF9,249055000,16.0
2008-08-28T18:50:17,MILLENNIUM,SEWARD,59.58546667,-139.9111167,207,207.6,16.9,0,9189419.0,9HJF9,249055000,16.0
2008-08-28T18:50:11,MILLENNIUM,SEWARD,59.58588333,-139.9107,207,208.3,16.9,0,9189419.0,9HJF9,249055000,16.0
2008-08-28T18:50:06,MILLENNIUM,SEWARD,59.5862,-139.91035,207,208.0,16.8,0,9189419.0,9HJF9,249055000,16.0
2008-08-28T18:49:59,MILLENNIUM,SEWARD,59.58663333,-139.9099167,207,208.0,16.6,0,9189419.0,9HJF9,249055000,16.0
2008-08-28T18:49:53,MILLENNIUM,SEWARD,59.58713333,-139.9093667,207,206.6,16.7,0,9189419.0,9HJF9,249055000,16.0
2008-08-28T18:49:47,MILLENNIUM,SEWARD,59.58745,-139.9090667,206,207.0,16.7,0,9189419.0,9HJF9,249055000,16.0
2008-08-28T18:49:40,MILLENNIUM,SEWARD,59.58793333,-139.9085667,206,206.6,16.5,0,9189419.0,9HJF9,249055000,16.0
2008-08-28T18:49:36,MILLENNIUM,SEWARD,59.58825,-139.90825,206,206.7,16.3,0,9189419.0,9HJF9,249055000,16.0
2008-08-28T18:49:29,MILLENNIUM,SEWARD,59.58865,-139.9078333,206,206.6,16.4,0,9189419.0,9HJF9,249055000,16.0
2008-08-28T18:49:23,MILLENNIUM,SEWARD,59.58905,-139.9074333,206,207.0,16.3,0,9189419.0,9HJF9,249055000,16.0
2008-08-28T18:49:17,MILLENNIUM,SEWARD,59.58946667,-139.90705,206,206.7,16.3,0,9189419.0,9HJF9,249055000,16.0
2008-08-28T18:49:11,MILLENNIUM,SEWARD,59.58986667,-139.9066667,205,206.0,16.2,0,9189419.0,9HJF9,249055000,16.0
2008-08-28T18:49:06,MILLENNIUM,SEWARD,59.59026667,-139.9062833,205,205.3,16.0,0,9189419.0,9HJF9,249055000,16.0
2008-08-28T18:48:59,MILLENNIUM,SEWARD,59.59075,-139.9058167,205,205.7,16.0,0,9189419.0,9HJF9,249055000,16.0
2008-08-28T18:48:53,MILLENNIUM,SEWARD,59.59115,-139.90545,205,206.0,16.0,0,9189419.0,9HJF9,249055000,16.0
2008-08-28T18:48:47,MILLENNIUM,SEWARD,59.59155,-139.90505,205,205.7,15.9,0,9189419.0,9HJF9,249055000,16.0
2008-08-28T18:48:40,MILLENNIUM,SEWARD,59.59193333,-139.9046833,204,205.0,15.9,0,9189419.0,9HJF9,249055000,16.0
2008-08-28T18:48:36,MILLENNIUM,SEWARD,59.59225,-139.9044,204,204.7,15.7,0,9189419.0,9HJF9,249055000,16.0
2008-08-28T18:48:29,MILLENNIUM,SEWARD,59.59273333,-139.9039833,204,204.3,15.6,0,9189419.0,9HJF9,249055000,16.0
2008-08-28T18:48:23,MILLENNIUM,SEWARD,59.59311667,-139.9036333,204,204.7,15.7,0,9189419.0,9HJF9,249055000,16.0
2008-08-28T18:48:17,MILLENNIUM,SEWARD,59.59351667,-139.9032833,204,205.1,15.6,0,9189419.0,9HJF9,249055000,16.0
2008-08-28T18:48:11,MILLENNIUM,SEWARD,59.59391667,-139.9029333,204,204.3,15.3,0,9189419.0,9HJF9,249055000,16.0
2008-08-28T18:48:06,MILLENNIUM,SEWARD,59.59423333,-139.9026333,204,205.1,15.4,0,9189419.0,9HJF9,249055000,16.0
2008-08-28T18:47:59,MILLENNIUM,SEWARD,59.5946,-139.9023,204,204.7,15.2,0,9189419.0,9HJF9,249055000,16.0
2008-08-28T18:47:53,MILLENNIUM,SEWARD,59.59498333,-139.90195,203,204.1,15.2,0,9189419.0,9HJF9,249055000,16.0
2008-08-28T18:47:47,MILLENNIUM,SEWARD,59.59536667,-139.9016167,203,203.7,15.1,0,9189419.0,9HJF9,249055000,16.0
2008-08-28T18:47:41,MILLENNIUM,SEWARD,59.59581667,-139.90125,203,203.3,15.1,0,9189419.0,9HJF9,249055000,16.0
2008-08-28T18:47:36,MILLENNIUM,SEWARD,59.59613333,-139.90095,203,203.7,15.0,0,9189419.0,9HJF9,249055000,16.0
2008-08-28T18:47:29,MILLENNIUM,SEWARD,59.5965,-139.9006333,203,204.1,14.9,0,9189419.0,9HJF9,249055000,16.0
2008-08-28T18:47:23,MILLENNIUM,SEWARD,59.59688333,-139.9003,203,203.7,14.7,0,9189419.0,9HJF9,249055000,16.0
2008-08-28T18:47:19,MILLENNIUM,SEWARD,59.5972,-139.9000333,203,204.1,14.8,0,9189419.0,9HJF9,249055000,16.0
2008-08-28T18:47:17,MILLENNIUM,SEWARD,59.59735,-139.8999167,203,203.7,14.7,0,9189419.0,9HJF9,249055000,16.0
2008-08-28T18:47:11,MILLENNIUM,SEWARD,59.59771667,-139.8995833,203,203.3,14.6,0,9189419.0,9HJF9,249055000,16.0
2008-08-28T18:47:09,MILLENNIUM,SEWARD,59.5978,-139.8995333,203,203.7,14.6,0,9189419.0,9HJF9,249055000,16.0
2008-08-28T18:47:07,MILLENNIUM,SEWARD,59.59801667,-139.8993167,0,0.0,0.0,0,9189419.0,9HJF9,249055000,16.0
2008-08-28T18:47:06,MILLENNIUM,SEWARD,59.59801667,-139.8993167,202,203.1,14.7,0,9189419.0,9HJF9,249055000,16.0
2008-08-28T18:46:59,MILLENNIUM,SEWARD,59.59845,-139.89895,202,202.7,14.5,0,9189419.0,9HJF9,249055000,16.0
2008-08-28T18:46:53,MILLENNIUM,SEWARD,59.59881667,-139.8986333,202,202.7,14.4,0,9189419.0,9HJF9,249055000,16.0
2008-08-28T18:46:47,MILLENNIUM,SEWARD,59.59911667,-139.8983833,202,202.8,14.3,0,9189419.0,9HJF9,249055000,16.0
2008-08-28T18:46:47,MILLENNIUM,SEWARD,59.59918333,-139.8983333,202,202.8,14.3,0,9189419.0,9HJF9,249055000,16.0
2008-08-28T18:46:40,MILLENNIUM,SEWARD,59.59955,-139.8980333,202,202.8,14.2,0,9189419.0,9HJF9,249055000,16.0
2008-08-28T18:46:38,MILLENNIUM,SEWARD,59.59971667,-139.8979167,202,203.2,14.2,0,9189419.0,9HJF9,249055000,16.0
2008-08-28T18:46:37,MILLENNIUM,SEWARD,59.59983333,-139.8978,201,202.6,14.3,0,9189419.0,9HJF9,249055000,16.0
2008-08-28T18:46:30,MILLENNIUM,SEWARD,59.60021667,-139.8975,201,202.2,14.0,0,9189419.0,9HJF9,249055000,16.0
2008-08-28T18:46:19,MILLENNIUM,SEWARD,59.60086667,-139.897,201,202.2,14.0,0,9189419.0,9HJF9,249055000,16.0
2008-08-28T18:46:09,MILLENNIUM,SEWARD,59.60143333,-139.8965167,201,202.2,13.9,0,9189419.0,9HJF9,249055000,16.0
2008-08-28T18:45:59,MILLENNIUM,SEWARD,59.602,-139.8960833,201,201.8,13.7,0,9189419.0,9HJF9,249055000,16.0
2008-08-28T18:45:49,MILLENNIUM,SEWARD,59.60263333,-139.8955833,200,201.8,13.6,0,9189419.0,9HJF9,249055000,16.0
2008-08-28T18:45:38,MILLENNIUM,SEWARD,59.60318333,-139.8951667,201,201.8,13.4,0,9189419.0,9HJF9,249055000,16.0
2008-08-28T18:45:29,MILLENNIUM,SEWARD,59.6038,-139.8946833,201,202.3,13.2,0,9189419.0,9HJF9,249055000,16.0
2008-08-28T18:45:18,MILLENNIUM,SEWARD,59.60435,-139.8942667,201,201.8,13.1,0,9189419.0,9HJF9,249055000,16.0
2008-08-28T18:45:09,MILLENNIUM,SEWARD,59.60488333,-139.8938667,201,201.4,13.0,0,9189419.0,9HJF9,249055000,16.0
2008-08-28T18:44:59,MILLENNIUM,SEWARD,59.60541667,-139.8934333,200,201.3,12.8,0,9189419.0,9HJF9,249055000,16.0
2008-08-28T18:44:50,MILLENNIUM,SEWARD,59.60595,-139.8930167,200,200.0,12.7,0,9189419.0,9HJF9,249055000,16.0
2008-08-28T18:44:39,MILLENNIUM,SEWARD,59.6066,-139.8925333,200,200.9,12.6,0,9189419.0,9HJF9,249055000,16.0
2008-08-28T18:44:18,MILLENNIUM,SEWARD,59.60763333,-139.8917667,200,200.9,12.3,0,9189419.0,9HJF9,249055000,16.0
2008-08-28T18:44:09,MILLENNIUM,SEWARD,59.60813333,-139.8913833,200,200.0,12.1,0,9189419.0,9HJF9,249055000,16.0
2008-08-28T18:43:59,MILLENNIUM,SEWARD,59.60865,-139.8910167,200,199.0,11.9,0,9189419.0,9HJF9,249055000,16.0
2008-08-28T18:43:49,MILLENNIUM,SEWARD,59.6092,-139.8906333,201,200.5,11.9,0,9189419.0,9HJF9,249055000,16.0
2008-08-28T18:43:39,MILLENNIUM,SEWARD,59.60968333,-139.8902667,201,199.5,11.7,0,9189419.0,9HJF9,249055000,16.0
2008-08-28T18:43:29,MILLENNIUM,SEWARD,59.61025,-139.8898833,200,199.5,11.6,0,9189419.0,9HJF9,249055000,16.0
2008-08-28T18:43:18,MILLENNIUM,SEWARD,59.61075,-139.8895333,199,198.0,11.5,0,9189419.0,9HJF9,249055000,16.0
2008-08-28T18:43:09,MILLENNIUM,SEWARD,59.6112,-139.8892333,198,197.4,11.4,0,9189419.0,9HJF9,249055000,16.0
2008-08-28T18:42:59,MILLENNIUM,SEWARD,59.61168333,-139.8889167,196,196.0,11.3,0,9189419.0,9HJF9,249055000,16.0
2008-08-28T18:42:50,MILLENNIUM,SEWARD,59.61218333,-139.8886667,194,195.0,11.3,0,9189419.0,9HJF9,249055000,16.0
2008-08-28T18:42:38,MILLENNIUM,SEWARD,59.61276667,-139.8884,192,192.0,11.2,0,9189419.0,9HJF9,249055000,16.0
2008-08-28T18:42:29,MILLENNIUM,SEWARD,59.61318333,-139.8882333,190,190.0,11.1,0,9189419.0,9HJF9,249055000,16.0
2008-08-28T18:42:18,MILLENNIUM,SEWARD,59.6138,-139.88805,188,188.5,11.1,0,9189419.0,9HJF9,249055000,16.0
2008-08-28T18:42:09,MILLENNIUM,SEWARD,59.61421667,-139.8879333,186,187.5,11.0,0,9189419.0,9HJF9,249055000,16.0
2008-08-28T18:41:59,MILLENNIUM,SEWARD,59.61476667,-139.8878333,184,184.0,11.0,0,9189419.0,9HJF9,249055000,16.0
2008-08-28T18:41:50,MILLENNIUM,SEWARD,59.6152,-139.8877833,182,183.5,10.9,0,9189419.0,9HJF9,249055000,16.0
2008-08-28T18:41:38,MILLENNIUM,SEWARD,59.61573333,-139.88775,180,179.5,10.8,0,9189419.0,9HJF9,249055000,16.0
2008-08-28T18:41:29,MILLENNIUM,SEWARD,59.61623333,-139.88775,178,177.4,10.8,0,9189419.0,9HJF9,249055000,16.0
2008-08-28T18:41:18,MILLENNIUM,SEWARD,59.61675,-139.8877833,177,177.5,10.7,0,9189419.0,9HJF9,249055000,16.0
2008-08-28T18:41:09,MILLENNIUM,SEWARD,59.61731667,-139.8878667,176,174.4,10.7,0,9189419.0,9HJF9,249055000,16.0
2008-08-28T18:41:05,MILLENNIUM,SEWARD,59.61771667,-139.8879167,0,0.0,0.0,0,9189419.0,9HJF9,249055000,16.0
2008-08-28T18:40:59,MILLENNIUM,SEWARD,59.61771667,-139.8879167,175,174.4,10.6,0,9189419.0,9HJF9,249055000,16.0
2008-08-28T18:40:50,MILLENNIUM,SEWARD,59.61826667,-139.8880167,174,175.6,10.6,0,9189419.0,9HJF9,249055000,16.0
2008-08-28T18:40:38,MILLENNIUM,SEWARD,59.61871667,-139.8881,173,174.6,10.6,0,9189419.0,9HJF9,249055000,16.0
2008-08-28T18:40:30,MILLENNIUM,SEWARD,59.61918333,-139.8882,172,173.6,10.5,0,9189419.0,9HJF9,249055000,16.0
2008-08-28T18:40:18,MILLENNIUM,SEWARD,59.61971667,-139.8883167,172,172.0,10.4,0,9189419.0,9HJF9,249055000,16.0
2008-08-28T18:40:09,MILLENNIUM,SEWARD,59.62016667,-139.8884333,172,174.1,10.5,0,9189419.0,9HJF9,249055000,16.0
2008-08-28T18:39:59,MILLENNIUM,SEWARD,59.62061667,-139.8885333,171,172.0,10.5,0,9189419.0,9HJF9,249055000,16.0
2008-08-28T18:39:49,MILLENNIUM,SEWARD,59.62108333,-139.8886667,171,172.1,10.3,0,9189419.0,9HJF9,249055000,16.0
2008-08-28T18:39:38,MILLENNIUM,SEWARD,59.62158333,-139.8888,172,173.6,10.6,0,9189419.0,9HJF9,249055000,16.0
2008-08-28T18:39:30,MILLENNIUM,SEWARD,59.62205,-139.8889167,172,173.6,10.5,0,9189419.0,9HJF9,249055000,16.0
2008-08-28T18:39:18,MILLENNIUM,SEWARD,59.62256667,-139.8890167,173,172.4,10.4,0,9189419.0,9HJF9,249055000,16.0
2008-08-28T18:39:08,MILLENNIUM,SEWARD,59.62301667,-139.8891333,174,172.9,10.5,0,9189419.0,9HJF9,249055000,16.0
2008-08-28T18:39:00,MILLENNIUM,SEWARD,59.62348333,-139.88925,176,175.4,10.8,0,9189419.0,9HJF9,249055000,16.0
2008-08-28T18:38:49,MILLENNIUM,SEWARD,59.62403333,-139.8893333,177,176.3,10.7,0,9189419.0,9HJF9,249055000,16.0
2008-08-28T18:38:38,MILLENNIUM,SEWARD,59.6245,-139.88935,179,178.4,11.0,0,9189419.0,9HJF9,249055000,16.0
2008-08-28T18:38:32,MILLENNIUM,SEWARD,59.62481667,-139.8893667,179,179.5,11.1,0,9189419.0,9HJF9,249055000,16.0
2008-08-28T18:38:29,MILLENNIUM,SEWARD,59.625,-139.8893667,180,179.4,11.2,0,9189419.0,9HJF9,249055000,16.0
2008-08-28T18:38:26,MILLENNIUM,SEWARD,59.62518333,-139.8893833,180,179.4,11.1,0,9189419.0,9HJF9,249055000,16.0
2008-08-28T18:38:19,MILLENNIUM,SEWARD,59.6255,-139.8893667,180,180.0,11.3,0,9189419.0,9HJF9,249055000,16.0
2008-08-28T18:38:18,MILLENNIUM,SEWARD,59.62555,-139.8893667,180,179.4,11.3,0,9189419.0,9HJF9,249055000,16.0
2008-08-28T18:38:15,MILLENNIUM,SEWARD,59.62575,-139.8893667,181,181.0,11.2,0,9189419.0,9HJF9,249055000,16.0
2008-08-28T18:38:08,MILLENNIUM,SEWARD,59.62606667,-139.88935,181,179.9,11.4,0,9189419.0,9HJF9,249055000,16.0
2008-08-28T18:38:02,MILLENNIUM,SEWARD,59.62638333,-139.88935,181,181.0,11.5,0,9189419.0,9HJF9,249055000,16.0
2008-08-28T18:37:59,MILLENNIUM,SEWARD,59.62658333,-139.8893333,181,181.0,11.4,0,9189419.0,9HJF9,249055000,16.0
2008-08-28T18:37:55,MILLENNIUM,SEWARD,59.62676667,-139.8893333,181,181.5,11.6,0,9189419.0,9HJF9,249055000,16.0
2008-08-28T18:37:50,MILLENNIUM,SEWARD,59.62708333,-139.8893167,182,182.0,11.7,0,9189419.0,9HJF9,249055000,16.0
2008-08-28T18:37:49,MILLENNIUM,SEWARD,59.62708333,-139.8893167,182,182.0,11.7,0,9189419.0,9HJF9,249055000,16.0
2008-08-28T18:37:44,MILLENNIUM,SEWARD,59.62735,-139.8893,182,181.5,11.6,0,9189419.0,9HJF9,249055000,16.0
2008-08-28T18:37:39,MILLENNIUM,SEWARD,59.62775,-139.88925,182,181.5,11.8,0,9189419.0,9HJF9,249055000,16.0
2008-08-28T18:37:32,MILLENNIUM,SEWARD,59.62806667,-139.8892333,182,182.9,11.9,0,9189419.0,9HJF9,249055000,16.0
2008-08-28T18:37:26,MILLENNIUM,SEWARD,59.6284,-139.8892167,182,182.0,11.9,0,9189419.0,9HJF9,249055000,16.0
2008-08-28T18:37:19,MILLENNIUM,SEWARD,59.62873333,-139.8892,182,181.5,12.0,0,9189419.0,9HJF9,249055000,16.0
2008-08-28T18:37:15,MILLENNIUM,SEWARD,59.62898333,-139.8891667,182,182.4,12.1,0,9189419.0,9HJF9,249055000,16.0
2008-08-28T18:37:08,MILLENNIUM,SEWARD,59.62933333,-139.8891333,182,182.4,12.1,0,9189419.0,9HJF9,249055000,16.0
2008-08-28T18:37:02,MILLENNIUM,SEWARD,59.62973333,-139.8891,182,182.4,12.3,0,9189419.0,9HJF9,249055000,16.0
2008-08-28T18:36:56,MILLENNIUM,SEWARD,59.63,-139.8890833,182,181.5,12.2,0,9189419.0,9HJF9,249055000,16.0
2008-08-28T18:36:50,MILLENNIUM,SEWARD,59.63041667,-139.88905,182,181.5,12.3,0,9189419.0,9HJF9,249055000,16.0
2008-08-28T18:36:46,MILLENNIUM,SEWARD,59.63068333,-139.8890333,182,182.4,12.4,0,9189419.0,9HJF9,249055000,16.0
2008-08-28T18:36:38,MILLENNIUM,SEWARD,59.63103333,-139.889,182,182.0,12.4,0,9189419.0,9HJF9,249055000,16.0
2008-08-28T18:36:32,MILLENNIUM,SEWARD,59.63136667,-139.8889667,182,182.0,12.5,0,9189419.0,9HJF9,249055000,16.0
2008-08-28T18:36:26,MILLENNIUM,SEWARD,59.6318,-139.8889333,182,182.4,12.5,0,9189419.0,9HJF9,249055000,16.0
2008-08-28T18:36:20,MILLENNIUM,SEWARD,59.63215,-139.8889167,182,181.5,12.6,0,9189419.0,9HJF9,249055000,16.0
2008-08-28T18:36:14,MILLENNIUM,SEWARD,59.63241667,-139.8888833,182,181.5,12.7,0,9189419.0,9HJF9,249055000,16.0
2008-08-28T18:36:09,MILLENNIUM,SEWARD,59.63276667,-139.8888667,182,182.0,12.8,0,9189419.0,9HJF9,249055000,16.0
2008-08-28T18:36:02,MILLENNIUM,SEWARD,59.63311667,-139.8888333,182,183.0,12.9,0,9189419.0,9HJF9,249055000,16.0
2008-08-28T18:35:57,MILLENNIUM,SEWARD,59.63348333,-139.8888,182,182.0,12.8,0,9189419.0,9HJF9,249055000,16.0
2008-08-28T18:35:50,MILLENNIUM,SEWARD,59.63391667,-139.8887833,182,181.5,13.0,0,9189419.0,9HJF9,249055000,16.0
2008-08-28T18:35:46,MILLENNIUM,SEWARD,59.6342,-139.88875,182,182.0,13.0,0,9189419.0,9HJF9,249055000,16.0
2008-08-28T18:35:41,MILLENNIUM,SEWARD,59.63455,-139.8887167,182,182.4,13.1,0,9189419.0,9HJF9,249055000,16.0
2008-08-28T18:35:32,MILLENNIUM,SEWARD,59.63491667,-139.8887,182,181.5,13.2,0,9189419.0,9HJF9,249055000,16.0
2008-08-28T18:35:26,MILLENNIUM,SEWARD,59.63536667,-139.8886667,182,181.5,13.4,0,9189419.0,9HJF9,249055000,16.0
2008-08-28T18:35:20,MILLENNIUM,SEWARD,59.63573333,-139.8886333,183,183.8,13.4,0,9189419.0,9HJF9,249055000,16.0
2008-08-28T18:35:15,MILLENNIUM,SEWARD,59.63603333,-139.8886,182,181.5,13.4,0,9189419.0,9HJF9,249055000,16.0
2008-08-28T18:35:09,MILLENNIUM,SEWARD,59.6364,-139.8885833,182,181.5,13.6,0,9189419.0,9HJF9,249055000,16.0
2008-08-28T18:35:06,MILLENNIUM,SEWARD,59.63678333,-139.88855,0,0.0,0.0,0,9189419.0,9HJF9,249055000,16.0
2008-08-28T18:35:03,MILLENNIUM,SEWARD,59.63678333,-139.88855,182,181.5,13.6,0,9189419.0,9HJF9,249055000,16.0
2008-08-28T18:34:56,MILLENNIUM,SEWARD,59.63716667,-139.8885167,182,181.5,13.7,0,9189419.0,9HJF9,249055000,16.0
2008-08-28T18:34:50,MILLENNIUM,SEWARD,59.63761667,-139.8884833,182,182.4,13.8,0,9189419.0,9HJF9,249055000,16.0
2008-08-28T18:34:45,MILLENNIUM,SEWARD,59.63791667,-139.8884667,182,181.1,13.7,0,9189419.0,9HJF9,249055000,16.0
2008-08-28T18:34:39,MILLENNIUM,SEWARD,59.63823333,-139.8884333,182,181.5,13.9,0,9189419.0,9HJF9,249055000,16.0
2008-08-28T18:34:32,MILLENNIUM,SEWARD,59.63868333,-139.8884,182,181.5,13.9,0,9189419.0,9HJF9,249055000,16.0
2008-08-28T18:34:26,MILLENNIUM,SEWARD,59.63908333,-139.8883667,182,182.0,14.1,0,9189419.0,9HJF9,249055000,16.0
2008-08-28T18:34:20,MILLENNIUM,SEWARD,59.63955,-139.8883333,182,182.0,14.2,0,9189419.0,9HJF9,249055000,16.0
2008-08-28T18:34:14,MILLENNIUM,SEWARD,59.63985,-139.8883167,182,182.0,14.2,0,9189419.0,9HJF9,249055000,16.0
2008-08-28T18:34:09,MILLENNIUM,SEWARD,59.64025,-139.8882833,182,182.8,14.3,0,9189419.0,9HJF9,249055000,16.0
2008-08-28T18:34:02,MILLENNIUM,SEWARD,59.64065,-139.8882667,182,182.3,14.4,0,9189419.0,9HJF9,249055000,16.0
2008-08-28T18:33:56,MILLENNIUM,SEWARD,59.64105,-139.8882333,182,181.6,14.4,0,9189419.0,9HJF9,249055000,16.0
2008-08-28T18:33:50,MILLENNIUM,SEWARD,59.64151667,-139.8881833,182,182.3,14.5,0,9189419.0,9HJF9,249055000,16.0
2008-08-28T18:33:44,MILLENNIUM,SEWARD,59.64185,-139.8881667,182,182.3,14.5,0,9189419.0,9HJF9,249055000,16.0
2008-08-28T18:33:39,MILLENNIUM,SEWARD,59.64218333,-139.8881333,182,182.0,14.4,0,9189419.0,9HJF9,249055000,16.0
2008-08-28T18:33:32,MILLENNIUM,SEWARD,59.64273333,-139.8880833,183,183.3,14.6,0,9189419.0,9HJF9,249055000,16.0
2008-08-28T18:33:26,MILLENNIUM,SEWARD,59.64315,-139.8880333,183,183.0,14.7,0,9189419.0,9HJF9,249055000,16.0
2008-08-28T18:33:19,MILLENNIUM,SEWARD,59.64355,-139.8879833,183,183.3,14.7,0,9189419.0,9HJF9,249055000,16.0
2008-08-28T18:33:14,MILLENNIUM,SEWARD,59.64396667,-139.88795,183,183.0,14.7,0,9189419.0,9HJF9,249055000,16.0
2008-08-28T18:33:08,MILLENNIUM,SEWARD,59.6443,-139.8879167,183,183.0,14.8,0,9189419.0,9HJF9,249055000,16.0
2008-08-28T18:33:02,MILLENNIUM,SEWARD,59.64471667,-139.8878833,184,184.7,14.7,0,9189419.0,9HJF9,249055000,16.0
2008-08-28T18:32:57,MILLENNIUM,SEWARD,59.64511667,-139.8878167,184,184.3,14.7,0,9189419.0,9HJF9,249055000,16.0
2008-08-28T18:32:51,MILLENNIUM,SEWARD,59.6456,-139.8877333,184,184.0,14.9,0,9189419.0,9HJF9,249055000,16.0
2008-08-28T18:32:45,MILLENNIUM,SEWARD,59.64585,-139.8877167,184,184.3,14.8,0,9189419.0,9HJF9,249055000,16.0
2008-08-28T18:32:39,MILLENNIUM,SEWARD,59.64626667,-139.88765,184,184.3,14.9,0,9189419.0,9HJF9,249055000,16.0
2008-08-28T18:32:32,MILLENNIUM,SEWARD,59.64676667,-139.8875667,185,185.0,15.0,0,9189419.0,9HJF9,249055000,16.0
2008-08-28T18:32:26,MILLENNIUM,SEWARD,59.64718333,-139.8875167,185,185.3,15.0,0,9189419.0,9HJF9,249055000,16.0
2008-08-28T18:32:21,MILLENNIUM,SEWARD,59.6476,-139.8874333,185,185.3,15.1,0,9189419.0,9HJF9,249055000,16.0
2008-08-28T18:32:14,MILLENNIUM,SEWARD,59.648,-139.88735,186,186.3,15.1,0,9189419.0,9HJF9,249055000,16.0
2008-08-28T18:32:08,MILLENNIUM,SEWARD,59.64841667,-139.88725,186,186.0,15.0,0,9189419.0,9HJF9,249055000,16.0
2008-08-28T18:32:03,MILLENNIUM,SEWARD,59.64883333,-139.8871667,186,186.6,15.0,0,9189419.0,9HJF9,249055000,16.0
2008-08-28T18:31:57,MILLENNIUM,SEWARD,59.64925,-139.8870667,187,187.7,15.2,0,9189419.0,9HJF9,249055000,16.0
2008-08-28T18:31:50,MILLENNIUM,SEWARD,59.64966667,-139.8869667,187,187.0,15.2,0,9189419.0,9HJF9,249055000,16.0
2008-08-28T18:31:45,MILLENNIUM,SEWARD,59.65008333,-139.88685,188,188.3,15.1,0,9189419.0,9HJF9,249055000,16.0
2008-08-28T18:31:39,MILLENNIUM,SEWARD,59.65041667,-139.88675,188,188.3,15.2,0,9189419.0,9HJF9,249055000,16.0
2008-08-28T18:31:33,MILLENNIUM,SEWARD,59.6509,-139.8866,188,187.6,15.3,0,9189419.0,9HJF9,249055000,16.0
2008-08-28T18:31:26,MILLENNIUM,SEWARD,59.65131667,-139.8864833,189,189.7,15.4,0,9189419.0,9HJF9,249055000,16.0
2008-08-28T18:31:21,MILLENNIUM,SEWARD,59.65173333,-139.88635,189,189.3,15.4,0,9189419.0,9HJF9,249055000,16.0
2008-08-28T18:31:14,MILLENNIUM,SEWARD,59.65223333,-139.8861667,190,190.0,15.4,0,9189419.0,9HJF9,249055000,16.0
2008-08-28T18:31:08,MILLENNIUM,SEWARD,59.65256667,-139.88605,190,190.7,15.4,0,9189419.0,9HJF9,249055000,16.0
2008-08-28T18:31:03,MILLENNIUM,SEWARD,59.65298333,-139.8859,191,191.3,15.6,0,9189419.0,9HJF9,249055000,16.0
2008-08-28T18:30:57,MILLENNIUM,SEWARD,59.65333333,-139.8857833,191,191.3,15.6,0,9189419.0,9HJF9,249055000,16.0
2008-08-28T18:30:50,MILLENNIUM,SEWARD,59.65383333,-139.8855667,191,191.0,15.7,0,9189419.0,9HJF9,249055000,16.0
2008-08-28T18:30:45,MILLENNIUM,SEWARD,59.65416667,-139.8854333,192,192.3,15.7,0,9189419.0,9HJF9,249055000,16.0
2008-08-28T18:30:40,MILLENNIUM,SEWARD,59.65468333,-139.8852,192,192.3,15.8,0,9189419.0,9HJF9,249055000,16.0
2008-08-28T18:30:32,MILLENNIUM,SEWARD,59.65511667,-139.8850167,193,193.3,15.9,0,9189419.0,9HJF9,249055000,16.0
2008-08-28T18:30:26,MILLENNIUM,SEWARD,59.65555,-139.8848333,193,193.7,16.0,0,9189419.0,9HJF9,249055000,16.0
2008-08-28T18:30:21,MILLENNIUM,SEWARD,59.65598333,-139.8846167,193,193.3,16.1,0,9189419.0,9HJF9,249055000,16.0
2008-08-28T18:30:14,MILLENNIUM,SEWARD,59.6565,-139.88435,194,194.3,16.2,0,9189419.0,9HJF9,249055000,16.0
2008-08-28T18:30:08,MILLENNIUM,SEWARD,59.65685,-139.8841833,194,194.7,16.2,0,9189419.0,9HJF9,249055000,16.0
2008-08-28T18:30:03,MILLENNIUM,SEWARD,59.65728333,-139.8839833,195,195.6,16.4,0,9189419.0,9HJF9,249055000,16.0
2008-08-28T18:29:57,MILLENNIUM,SEWARD,59.65771667,-139.8837333,195,195.6,16.5,0,9189419.0,9HJF9,249055000,16.0
2008-08-28T18:29:50,MILLENNIUM,SEWARD,59.65815,-139.8834833,196,196.6,16.5,0,9189419.0,9HJF9,249055000,16.0
2008-08-28T18:29:40,MILLENNIUM,SEWARD,59.65895,-139.883,197,197.3,16.6,0,9189419.0,9HJF9,249055000,16.0
2008-08-28T18:29:33,MILLENNIUM,SEWARD,59.65948333,-139.8826833,197,197.6,16.8,0,9189419.0,9HJF9,249055000,16.0
2008-08-28T18:29:26,MILLENNIUM,SEWARD,59.65993333,-139.8824,198,198.3,17.0,0,9189419.0,9HJF9,249055000,16.0
2008-08-28T18:29:21,MILLENNIUM,SEWARD,59.66036667,-139.8821,198,198.6,16.9,0,9189419.0,9HJF9,249055000,16.0
2008-08-28T18:29:14,MILLENNIUM,SEWARD,59.66081667,-139.8817833,198,199.0,17.0,0,9189419.0,9HJF9,249055000,16.0
2008-08-28T18:29:08,MILLENNIUM,SEWARD,59.66128333,-139.8815,199,199.0,17.2,0,9189419.0,9HJF9,249055000,16.0
2008-08-28T18:29:03,MILLENNIUM,SEWARD,59.66163333,-139.8812333,0,0.0,0.0,0,9189419.0,9HJF9,249055000,16.0
2008-08-28T18:29:03,MILLENNIUM,SEWARD,59.66163333,-139.8812333,199,199.6,17.3,0,9189419.0,9HJF9,249055000,16.0
2008-08-28T18:28:57,MILLENNIUM,SEWARD,59.6621,-139.8809167,200,200.6,17.4,0,9189419.0,9HJF9,249055000,16.0
2008-08-28T18:28:52,MILLENNIUM,SEWARD,59.66265,-139.8805167,200,200.3,17.3,0,9189419.0,9HJF9,249055000,16.0
2008-08-28T18:28:44,MILLENNIUM,SEWARD,59.66308333,-139.8801833,201,201.3,17.5,0,9189419.0,9HJF9,249055000,16.0
2008-08-28T18:28:39,MILLENNIUM,SEWARD,59.66345,-139.8799,201,201.3,17.6,0,9189419.0,9HJF9,249055000,16.0
2008-08-28T18:28:33,MILLENNIUM,SEWARD,59.66408333,-139.8793833,202,202.6,17.7,0,9189419.0,9HJF9,249055000,16.0
2008-08-28T18:28:27,MILLENNIUM,SEWARD,59.66445,-139.8790833,202,202.6,17.7,0,9189419.0,9HJF9,249055000,16.0
2008-08-28T18:28:20,MILLENNIUM,SEWARD,59.66498333,-139.8786333,203,203.3,17.8,0,9189419.0,9HJF9,249055000,16.0
2008-08-28T18:28:14,MILLENNIUM,SEWARD,59.66543333,-139.8782333,203,203.3,17.9,0,9189419.0,9HJF9,249055000,16.0
2008-08-28T18:28:08,MILLENNIUM,SEWARD,59.6658,-139.8779167,204,204.9,17.9,0,9189419.0,9HJF9,249055000,16.0
2008-08-28T18:28:03,MILLENNIUM,SEWARD,59.66625,-139.8775,204,204.9,18.0,0,9189419.0,9HJF9,249055000,16.0
2008-08-28T18:27:57,MILLENNIUM,SEWARD,59.66671667,-139.8770833,205,205.3,18.0,0,9189419.0,9HJF9,249055000,16.0
2008-08-28T18:27:50,MILLENNIUM,SEWARD,59.66716667,-139.8766667,205,205.3,18.1,0,9189419.0,9HJF9,249055000,16.0
2008-08-28T18:27:44,MILLENNIUM,SEWARD,59.66761667,-139.8762333,206,206.9,18.1,0,9189419.0,9HJF9,249055000,16.0
2008-08-28T18:27:39,MILLENNIUM,SEWARD,59.66798333,-139.8758667,206,207.2,18.2,0,9189419.0,9HJF9,249055000,16.0
2008-08-28T18:27:32,MILLENNIUM,SEWARD,59.66851667,-139.8753167,206,206.3,18.3,0,9189419.0,9HJF9,249055000,16.0
2008-08-28T18:27:26,MILLENNIUM,SEWARD,59.66898333,-139.8748833,207,207.3,18.3,0,9189419.0,9HJF9,249055000,16.0
2008-08-28T18:27:20,MILLENNIUM,SEWARD,59.66941667,-139.8744333,207,208.5,18.4,0,9189419.0,9HJF9,249055000,16.0
2008-08-28T18:27:14,MILLENNIUM,SEWARD,59.66985,-139.87395,208,209.2,18.3,0,9189419.0,9HJF9,249055000,16.0
2008-08-28T18:27:09,MILLENNIUM,SEWARD,59.6702,-139.8736,208,208.0,18.3,0,9189419.0,9HJF9,249055000,16.0
2008-08-28T18:27:03,MILLENNIUM,SEWARD,59.67075,-139.8730333,209,209.0,18.4,0,9189419.0,9HJF9,249055000,16.0
2008-08-28T18:26:57,MILLENNIUM,SEWARD,59.6712,-139.8725167,209,210.2,18.4,0,9189419.0,9HJF9,249055000,16.0
2008-08-28T18:26:44,MILLENNIUM,SEWARD,59.67206667,-139.8714833,211,210.6,18.5,0,9189419.0,9HJF9,249055000,16.0
2008-08-28T18:26:39,MILLENNIUM,SEWARD,59.67251667,-139.8709667,211,211.3,18.4,0,9189419.0,9HJF9,249055000,16.0
2008-08-28T18:26:32,MILLENNIUM,SEWARD,59.67305,-139.8702833,212,213.5,18.5,0,9189419.0,9HJF9,249055000,16.0
2008-08-28T18:26:26,MILLENNIUM,SEWARD,59.67348333,-139.8697,212,212.9,18.5,0,9189419.0,9HJF9,249055000,16.0
2008-08-28T18:26:20,MILLENNIUM,SEWARD,59.67381667,-139.86925,213,213.0,18.5,0,9189419.0,9HJF9,249055000,16.0
2008-08-28T18:26:15,MILLENNIUM,SEWARD,59.67425,-139.8687,213,213.3,18.5,0,9189419.0,9HJF9,249055000,16.0
2008-08-28T18:26:09,MILLENNIUM,SEWARD,59.67466667,-139.86815,213,215.5,18.5,0,9189419.0,9HJF9,249055000,16.0
2008-08-28T18:26:03,MILLENNIUM,SEWARD,59.67506667,-139.86755,214,215.2,18.5,0,9189419.0,9HJF9,249055000,16.0
2008-08-28T18:25:56,MILLENNIUM,SEWARD,59.6755,-139.8669833,214,214.0,18.4,0,9189419.0,9HJF9,249055000,16.0
2008-08-28T18:25:50,MILLENNIUM,SEWARD,59.67593333,-139.8664333,215,215.3,18.4,0,9189419.0,9HJF9,249055000,16.0
2008-08-28T18:25:45,MILLENNIUM,SEWARD,59.67635,-139.8658333,215,215.9,18.5,0,9189419.0,9HJF9,249055000,16.0
2008-08-28T18:25:39,MILLENNIUM,SEWARD,59.6767,-139.8653667,215,216.6,18.5,0,9189419.0,9HJF9,249055000,16.0
2008-08-28T18:25:33,MILLENNIUM,SEWARD,59.6772,-139.86465,217,216.6,18.6,0,9189419.0,9HJF9,249055000,16.0
2008-08-28T18:25:27,MILLENNIUM,SEWARD,59.67761667,-139.8640333,217,217.6,18.5,0,9189419.0,9HJF9,249055000,16.0
2008-08-28T18:25:20,MILLENNIUM,SEWARD,59.67801667,-139.8634167,217,217.6,18.6,0,9189419.0,9HJF9,249055000,16.0
2008-08-28T18:25:15,MILLENNIUM,SEWARD,59.67835,-139.8629167,217,217.3,18.6,0,9189419.0,9HJF9,249055000,16.0
2008-08-28T18:25:09,MILLENNIUM,SEWARD,59.67883333,-139.8621833,217,217.6,18.6,0,9189419.0,9HJF9,249055000,16.0
2008-08-28T18:25:02,MILLENNIUM,SEWARD,59.67925,-139.86155,217,217.3,18.5,0,9189419.0,9HJF9,249055000,16.0
2008-08-28T18:24:56,MILLENNIUM,SEWARD,59.67965,-139.8609333,217,217.3,18.5,0,9189419.0,9HJF9,249055000,16.0
2008-08-28T18:24:50,MILLENNIUM,SEWARD,59.68005,-139.8603,217,217.3,18.5,0,9189419.0,9HJF9,249055000,16.0
2008-08-28T18:24:45,MILLENNIUM,SEWARD,59.68046667,-139.8596833,217,217.6,18.6,0,9189419.0,9HJF9,249055000,16.0
2008-08-28T18:24:39,MILLENNIUM,SEWARD,59.68086667,-139.8590667,217,217.3,18.6,0,9189419.0,9HJF9,249055000,16.0
2008-08-28T18:24:32,MILLENNIUM,SEWARD,59.68136667,-139.8583167,217,217.3,18.6,0,9189419.0,9HJF9,249055000,16.0
2008-08-28T18:24:26,MILLENNIUM,SEWARD,59.68168333,-139.8578333,217,217.3,18.6,0,9189419.0,9HJF9,249055000,16.0
2008-08-28T18:24:21,MILLENNIUM,SEWARD,59.6821,-139.8572,217,217.6,18.6,0,9189419.0,9HJF9,249055000,16.0
2008-08-28T18:24:15,MILLENNIUM,SEWARD,59.68241667,-139.8567,217,217.3,18.6,0,9189419.0,9HJF9,249055000,16.0
2008-08-28T18:24:09,MILLENNIUM,SEWARD,59.68291667,-139.8559667,217,217.0,18.6,0,9189419.0,9HJF9,249055000,16.0
2008-08-28T18:24:02,MILLENNIUM,SEWARD,59.68333333,-139.85535,217,217.3,18.6,0,9189419.0,9HJF9,249055000,16.0
2008-08-28T18:23:56,MILLENNIUM,SEWARD,59.68373333,-139.8547333,217,217.3,18.6,0,9189419.0,9HJF9,249055000,16.0
2008-08-28T18:23:50,MILLENNIUM,SEWARD,59.68415,-139.8541167,217,217.0,18.6,0,9189419.0,9HJF9,249055000,16.0
2008-08-28T18:23:44,MILLENNIUM,SEWARD,59.68455,-139.8535,217,217.3,18.6,0,9189419.0,9HJF9,249055000,16.0
2008-08-28T18:23:39,MILLENNIUM,SEWARD,59.68488333,-139.853,217,217.3,18.6,0,9189419.0,9HJF9,249055000,16.0
2008-08-28T18:23:32,MILLENNIUM,SEWARD,59.68528333,-139.8523833,217,217.0,18.6,0,9189419.0,9HJF9,249055000,16.0
2008-08-28T18:23:26,MILLENNIUM,SEWARD,59.68578333,-139.8516333,217,217.3,18.6,0,9189419.0,9HJF9,249055000,16.0
2008-08-28T18:23:20,MILLENNIUM,SEWARD,59.68618333,-139.8510167,217,217.0,18.6,0,9189419.0,9HJF9,249055000,16.0
2008-08-28T18:23:15,MILLENNIUM,SEWARD,59.6866,-139.8504167,217,217.3,18.6,0,9189419.0,9HJF9,249055000,16.0
2008-08-28T18:23:09,MILLENNIUM,SEWARD,59.687,-139.8497833,217,217.0,18.6,0,9189419.0,9HJF9,249055000,16.0
2008-08-28T18:23:02,MILLENNIUM,SEWARD,59.68741667,-139.8491667,217,217.0,18.6,0,9189419.0,9HJF9,249055000,16.0
2008-08-28T18:23:01,MILLENNIUM,SEWARD,59.68781667,-139.84855,0,0.0,0.0,0,9189419.0,9HJF9,249055000,16.0
2008-08-28T18:22:56,MILLENNIUM,SEWARD,59.68781667,-139.84855,217,217.3,18.6,0,9189419.0,9HJF9,249055000,16.0
2008-08-28T18:22:50,MILLENNIUM,SEWARD,59.68823333,-139.8479333,217,217.3,18.5,0,9189419.0,9HJF9,249055000,16.0
2008-08-28T18:22:44,MILLENNIUM,SEWARD,59.68865,-139.8473167,217,217.0,18.5,0,9189419.0,9HJF9,249055000,16.0
2008-08-28T18:22:39,MILLENNIUM,SEWARD,59.68896667,-139.8468333,217,216.6,18.6,0,9189419.0,9HJF9,249055000,16.0
2008-08-28T18:22:32,MILLENNIUM,SEWARD,59.68946667,-139.8460667,217,217.3,18.6,0,9189419.0,9HJF9,249055000,16.0
2008-08-28T18:22:26,MILLENNIUM,SEWARD,59.68986667,-139.84545,217,217.3,18.6,0,9189419.0,9HJF9,249055000,16.0
2008-08-28T18:22:20,MILLENNIUM,SEWARD,59.69028333,-139.8448333,217,217.3,18.6,0,9189419.0,9HJF9,249055000,16.0
2008-08-28T18:22:15,MILLENNIUM,SEWARD,59.69061667,-139.8443667,217,217.0,18.6,0,9189419.0,9HJF9,249055000,16.0
2008-08-28T18:22:08,MILLENNIUM,SEWARD,59.69101667,-139.84375,217,217.3,18.6,0,9189419.0,9HJF9,249055000,16.0
2008-08-28T18:22:02,MILLENNIUM,SEWARD,59.69151667,-139.8429833,217,217.0,18.6,0,9189419.0,9HJF9,249055000,16.0
2008-08-28T18:21:57,MILLENNIUM,SEWARD,59.69191667,-139.8423833,217,217.0,18.6,0,9189419.0,9HJF9,249055000,16.0
2008-08-28T18:21:50,MILLENNIUM,SEWARD,59.69233333,-139.8417667,217,217.3,18.6,0,9189419.0,9HJF9,249055000,16.0
2008-08-28T18:21:39,MILLENNIUM,SEWARD,59.69306667,-139.84065,217,217.3,18.6,0,9189419.0,9HJF9,249055000,16.0
2008-08-28T18:21:32,MILLENNIUM,SEWARD,59.69356667,-139.8399,217,216.6,18.6,0,9189419.0,9HJF9,249055000,16.0
2008-08-28T18:21:20,MILLENNIUM,SEWARD,59.69438333,-139.83865,217,217.3,18.6,0,9189419.0,9HJF9,249055000,16.0
2008-08-28T18:21:15,MILLENNIUM,SEWARD,59.6948,-139.8380333,217,217.0,18.6,0,9189419.0,9HJF9,249055000,16.0
2008-08-28T18:21:09,MILLENNIUM,SEWARD,59.6952,-139.8374333,217,216.6,18.6,0,9189419.0,9HJF9,249055000,16.0
2008-08-28T18:21:02,MILLENNIUM,SEWARD,59.69561667,-139.8368167,217,217.0,18.6,0,9189419.0,9HJF9,249055000,16.0
2008-08-28T18:20:55,MILLENNIUM,SEWARD,59.69611667,-139.8360667,217,217.3,18.6,0,9189419.0,9HJF9,249055000,16.0
2008-08-28T18:20:51,MILLENNIUM,SEWARD,59.69643333,-139.8355667,217,217.0,18.6,0,9189419.0,9HJF9,249055000,16.0
2008-08-28T18:20:44,MILLENNIUM,SEWARD,59.69685,-139.8349667,217,217.0,18.6,0,9189419.0,9HJF9,249055000,16.0
2008-08-28T18:20:39,MILLENNIUM,SEWARD,59.69718333,-139.8344833,217,217.3,18.6,0,9189419.0,9HJF9,249055000,16.0
2008-08-28T18:20:32,MILLENNIUM,SEWARD,59.6976,-139.83385,217,217.3,18.6,0,9189419.0,9HJF9,249055000,16.0
2008-08-28T18:20:26,MILLENNIUM,SEWARD,59.69808333,-139.8331167,217,217.3,18.6,0,9189419.0,9HJF9,249055000,16.0
2008-08-28T18:20:20,MILLENNIUM,SEWARD,59.6985,-139.8324833,217,217.0,18.6,0,9189419.0,9HJF9,249055000,16.0
2008-08-28T18:20:15,MILLENNIUM,SEWARD,59.69881667,-139.832,217,217.0,18.5,0,9189419.0,9HJF9,249055000,16.0
2008-08-28T18:20:09,MILLENNIUM,SEWARD,59.69923333,-139.8313667,218,218.0,18.6,0,9189419.0,9HJF9,249055000,16.0
2008-08-28T18:20:02,MILLENNIUM,SEWARD,59.69963333,-139.83075,218,218.0,18.6,0,9189419.0,9HJF9,249055000,16.0
2008-08-28T18:19:55,MILLENNIUM,SEWARD,59.70013333,-139.8300167,217,217.0,18.6,0,9189419.0,9HJF9,249055000,16.0
2008-08-28T18:19:50,MILLENNIUM,SEWARD,59.70053333,-139.8294,217,217.3,18.6,0,9189419.0,9HJF9,249055000,16.0
2008-08-28T18:19:44,MILLENNIUM,SEWARD,59.70086667,-139.8288833,217,217.0,18.7,0,9189419.0,9HJF9,249055000,16.0
2008-08-28T18:19:39,MILLENNIUM,SEWARD,59.70128333,-139.8282667,217,216.6,18.6,0,9189419.0,9HJF9,249055000,16.0
2008-08-28T18:19:32,MILLENNIUM,SEWARD,59.70176667,-139.8275333,217,216.6,18.6,0,9189419.0,9HJF9,249055000,16.0
2008-08-28T18:19:26,MILLENNIUM,SEWARD,59.70218333,-139.8269,217,217.0,18.6,0,9189419.0,9HJF9,249055000,16.0
2008-08-28T18:19:21,MILLENNIUM,SEWARD,59.70258333,-139.8263,217,217.0,18.6,0,9189419.0,9HJF9,249055000,16.0
2008-08-28T18:19:15,MILLENNIUM,SEWARD,59.70291667,-139.8258,217,216.6,18.5,0,9189419.0,9HJF9,249055000,16.0
2008-08-28T18:19:09,MILLENNIUM,SEWARD,59.70333333,-139.8251833,217,217.3,18.6,0,9189419.0,9HJF9,249055000,16.0
2008-08-28T18:19:02,MILLENNIUM,SEWARD,59.70381667,-139.82445,217,216.6,18.7,0,9189419.0,9HJF9,249055000,16.0
2008-08-28T18:18:56,MILLENNIUM,SEWARD,59.70423333,-139.8238333,217,217.0,18.6,0,9189419.0,9HJF9,249055000,16.0
2008-08-28T18:18:50,MILLENNIUM,SEWARD,59.70465,-139.8232167,217,216.6,18.5,0,9189419.0,9HJF9,249055000,16.0
2008-08-28T18:18:44,MILLENNIUM,SEWARD,59.70506667,-139.8226,217,216.6,18.7,0,9189419.0,9HJF9,249055000,16.0
2008-08-28T18:18:39,MILLENNIUM,SEWARD,59.70538333,-139.8221,217,217.0,18.7,0,9189419.0,9HJF9,249055000,16.0
2008-08-28T18:18:32,MILLENNIUM,SEWARD,59.7058,-139.8214833,217,217.3,18.6,0,9189419.0,9HJF9,249055000,16.0
2008-08-28T18:18:26,MILLENNIUM,SEWARD,59.7062,-139.8208667,217,216.6,18.6,0,9189419.0,9HJF9,249055000,16.0
2008-08-28T18:18:20,MILLENNIUM,SEWARD,59.70661667,-139.82025,217,217.3,18.7,0,9189419.0,9HJF9,249055000,16.0
2008-08-28T18:18:14,MILLENNIUM,SEWARD,59.70703333,-139.8196167,217,218.0,18.6,0,9189419.0,9HJF9,249055000,16.0
2008-08-28T18:18:09,MILLENNIUM,SEWARD,59.70743333,-139.819,218,218.0,18.6,0,9189419.0,9HJF9,249055000,16.0
2008-08-28T18:18:05,MILLENNIUM,SEWARD,59.70785,-139.8183667,217,217.0,18.7,0,9189419.0,9HJF9,249055000,16.0
2008-08-28T18:17:56,MILLENNIUM,SEWARD,59.70835,-139.8176167,217,217.0,18.7,0,9189419.0,9HJF9,249055000,16.0
2008-08-28T18:17:50,MILLENNIUM,SEWARD,59.70876667,-139.8169833,217,216.6,18.6,0,9189419.0,9HJF9,249055000,16.0
2008-08-28T18:17:44,MILLENNIUM,SEWARD,59.70916667,-139.8163667,217,217.0,18.6,0,9189419.0,9HJF9,249055000,16.0
2008-08-28T18:17:38,MILLENNIUM,SEWARD,59.70958333,-139.81575,218,217.6,18.6,0,9189419.0,9HJF9,249055000,16.0
2008-08-28T18:17:33,MILLENNIUM,SEWARD,59.70991667,-139.8152667,218,217.6,18.6,0,9189419.0,9HJF9,249055000,16.0
2008-08-28T18:17:26,MILLENNIUM,SEWARD,59.7104,-139.8145333,218,217.0,18.6,0,9189419.0,9HJF9,249055000,16.0
2008-08-28T18:17:20,MILLENNIUM,SEWARD,59.71081667,-139.8139,217,217.0,18.6,0,9189419.0,9HJF9,249055000,16.0
2008-08-28T18:17:14,MILLENNIUM,SEWARD,59.71121667,-139.8132833,217,217.3,18.7,0,9189419.0,9HJF9,249055000,16.0
2008-08-28T18:17:09,MILLENNIUM,SEWARD,59.71155,-139.8128,217,217.0,18.6,0,9189419.0,9HJF9,249055000,16.0
2008-08-28T18:17:02,MILLENNIUM,SEWARD,59.71205,-139.81205,217,217.0,18.6,0,9189419.0,9HJF9,249055000,16.0
2008-08-28T18:17:02,MILLENNIUM,SEWARD,59.71246667,-139.8114167,0,0.0,0.0,0,9189419.0,9HJF9,249055000,16.0
2008-08-28T18:16:56,MILLENNIUM,SEWARD,59.71246667,-139.8114167,217,217.0,18.7,0,9189419.0,9HJF9,249055000,16.0
2008-08-28T18:16:50,MILLENNIUM,SEWARD,59.71288333,-139.8108167,217,217.0,18.7,0,9189419.0,9HJF9,249055000,16.0
2008-08-28T18:16:44,MILLENNIUM,SEWARD,59.7133,-139.8102,217,216.6,18.7,0,9189419.0,9HJF9,249055000,16.0
2008-08-28T18:16:39,MILLENNIUM,SEWARD,59.71363333,-139.8097,217,217.0,18.7,0,9189419.0,9HJF9,249055000,16.0
2008-08-28T18:16:33,MILLENNIUM,SEWARD,59.71403333,-139.8090833,217,217.3,18.7,0,9189419.0,9HJF9,249055000,16.0
2008-08-28T18:16:26,MILLENNIUM,SEWARD,59.71445,-139.8084333,217,217.0,18.7,0,9189419.0,9HJF9,249055000,16.0
2008-08-28T18:16:20,MILLENNIUM,SEWARD,59.71486667,-139.8078167,217,216.6,18.8,0,9189419.0,9HJF9,249055000,16.0
2008-08-28T18:16:15,MILLENNIUM,SEWARD,59.71528333,-139.8072,217,217.0,18.8,0,9189419.0,9HJF9,249055000,16.0
2008-08-28T18:16:09,MILLENNIUM,SEWARD,59.7157,-139.8065833,217,217.3,18.8,0,9189419.0,9HJF9,249055000,16.0
2008-08-28T18:16:02,MILLENNIUM,SEWARD,59.7161,-139.80595,217,217.0,18.8,0,9189419.0,9HJF9,249055000,16.0
2008-08-28T18:15:57,MILLENNIUM,SEWARD,59.7166,-139.8052167,217,217.0,18.8,0,9189419.0,9HJF9,249055000,16.0
2008-08-28T18:15:50,MILLENNIUM,SEWARD,59.71701667,-139.8045833,217,217.0,18.8,0,9189419.0,9HJF9,249055000,16.0
2008-08-28T18:15:44,MILLENNIUM,SEWARD,59.71743333,-139.8039667,217,217.3,18.8,0,9189419.0,9HJF9,249055000,16.0
2008-08-28T18:15:38,MILLENNIUM,SEWARD,59.71785,-139.8033167,217,217.3,18.8,0,9189419.0,9HJF9,249055000,16.0
2008-08-28T18:15:33,MILLENNIUM,SEWARD,59.71818333,-139.8028333,217,217.0,18.8,0,9189419.0,9HJF9,249055000,16.0
2008-08-28T18:15:26,MILLENNIUM,SEWARD,59.71868333,-139.8020667,217,217.3,18.8,0,9189419.0,9HJF9,249055000,16.0
2008-08-28T18:15:20,MILLENNIUM,SEWARD,59.7191,-139.8014333,217,217.3,18.8,0,9189419.0,9HJF9,249055000,16.0
2008-08-28T18:15:14,MILLENNIUM,SEWARD,59.71951667,-139.8008167,217,217.3,18.8,0,9189419.0,9HJF9,249055000,16.0
2008-08-28T18:15:09,MILLENNIUM,SEWARD,59.71983333,-139.8003167,217,217.3,18.8,0,9189419.0,9HJF9,249055000,16.0
2008-08-28T18:15:04,MILLENNIUM,SEWARD,59.72025,-139.7997,217,217.3,18.8,0,9189419.0,9HJF9,249055000,16.0
2008-08-28T18:14:56,MILLENNIUM,SEWARD,59.72075,-139.7989333,217,217.0,18.8,0,9189419.0,9HJF9,249055000,16.0
2008-08-28T18:14:50,MILLENNIUM,SEWARD,59.72116667,-139.7983167,217,217.3,18.9,0,9189419.0,9HJF9,249055000,16.0
2008-08-28T18:14:44,MILLENNIUM,SEWARD,59.72158333,-139.7976833,217,217.3,18.8,0,9189419.0,9HJF9,249055000,16.0
2008-08-28T18:14:38,MILLENNIUM,SEWARD,59.72191667,-139.7972,217,216.6,18.8,0,9189419.0,9HJF9,249055000,16.0
2008-08-28T18:14:33,MILLENNIUM,SEWARD,59.72233333,-139.7965667,217,216.6,18.9,0,9189419.0,9HJF9,249055000,16.0
2008-08-28T18:14:26,MILLENNIUM,SEWARD,59.72275,-139.7959333,217,217.3,18.9,0,9189419.0,9HJF9,249055000,16.0
2008-08-28T18:14:20,MILLENNIUM,SEWARD,59.72315,-139.7953167,217,217.3,18.9,0,9189419.0,9HJF9,249055000,16.0
2008-08-28T18:14:14,MILLENNIUM,SEWARD,59.72356667,-139.7946833,217,216.6,18.8,0,9189419.0,9HJF9,249055000,16.0
2008-08-28T18:14:09,MILLENNIUM,SEWARD,59.724,-139.7940667,217,217.0,18.9,0,9189419.0,9HJF9,249055000,16.0
2008-08-28T18:14:02,MILLENNIUM,SEWARD,59.72441667,-139.7934333,217,217.3,18.8,0,9189419.0,9HJF9,249055000,16.0
2008-08-28T18:13:57,MILLENNIUM,SEWARD,59.72491667,-139.7926833,217,217.0,18.8,0,9189419.0,9HJF9,249055000,16.0
2008-08-28T18:13:50,MILLENNIUM,SEWARD,59.72533333,-139.7920667,217,216.6,18.8,0,9189419.0,9HJF9,249055000,16.0
2008-08-28T18:13:44,MILLENNIUM,SEWARD,59.72575,-139.79145,217,217.0,18.9,0,9189419.0,9HJF9,249055000,16.0
2008-08-28T18:13:38,MILLENNIUM,SEWARD,59.72608333,-139.7909333,217,217.3,18.9,0,9189419.0,9HJF9,249055000,16.0
2008-08-28T18:13:33,MILLENNIUM,SEWARD,59.7265,-139.7903167,217,217.0,18.9,0,9189419.0,9HJF9,249055000,16.0
2008-08-28T18:13:27,MILLENNIUM,SEWARD,59.72691667,-139.7896833,217,216.6,18.8,0,9189419.0,9HJF9,249055000,16.0
2008-08-28T18:13:21,MILLENNIUM,SEWARD,59.72733333,-139.7890667,217,217.0,18.8,0,9189419.0,9HJF9,249055000,16.0
2008-08-28T18:13:14,MILLENNIUM,SEWARD,59.72783333,-139.7883167,217,217.3,18.8,0,9189419.0,9HJF9,249055000,16.0
2008-08-28T18:13:09,MILLENNIUM,SEWARD,59.72816667,-139.7878,217,217.0,18.8,0,9189419.0,9HJF9,249055000,16.0
2008-08-28T18:13:02,MILLENNIUM,SEWARD,59.72858333,-139.7871833,217,217.0,18.8,0,9189419.0,9HJF9,249055000,16.0
2008-08-28T18:12:57,MILLENNIUM,SEWARD,59.72901667,-139.7865667,217,217.0,18.8,0,9189419.0,9HJF9,249055000,16.0
2008-08-28T18:12:51,MILLENNIUM,SEWARD,59.72941667,-139.7859333,217,217.0,18.9,0,9189419.0,9HJF9,249055000,16.0
2008-08-28T18:12:44,MILLENNIUM,SEWARD,59.72993333,-139.7852,217,217.0,18.8,0,9189419.0,9HJF9,249055000,16.0
2008-08-28T18:12:38,MILLENNIUM,SEWARD,59.73025,-139.7846833,217,217.0,18.8,0,9189419.0,9HJF9,249055000,16.0
2008-08-28T18:12:33,MILLENNIUM,SEWARD,59.73066667,-139.7840667,217,217.0,18.8,0,9189419.0,9HJF9,249055000,16.0
2008-08-28T18:12:27,MILLENNIUM,SEWARD,59.73108333,-139.7834333,217,216.6,18.8,0,9189419.0,9HJF9,249055000,16.0
2008-08-28T18:12:20,MILLENNIUM,SEWARD,59.7315,-139.7828167,217,217.0,18.8,0,9189419.0,9HJF9,249055000,16.0
2008-08-28T18:12:14,MILLENNIUM,SEWARD,59.732,-139.78205,217,216.6,18.8,0,9189419.0,9HJF9,249055000,16.0
2008-08-28T18:12:09,MILLENNIUM,SEWARD,59.73233333,-139.7815667,217,216.6,18.8,0,9189419.0,9HJF9,249055000,16.0
2008-08-28T18:12:02,MILLENNIUM,SEWARD,59.73283333,-139.7808,218,217.6,18.8,0,9189419.0,9HJF9,249055000,16.0
2008-08-28T18:11:56,MILLENNIUM,SEWARD,59.73315,-139.7803167,218,217.6,18.8,0,9189419.0,9HJF9,249055000,16.0
2008-08-28T18:11:50,MILLENNIUM,SEWARD,59.73365,-139.77955,218,218.0,18.9,0,9189419.0,9HJF9,249055000,16.0
2008-08-28T18:11:44,MILLENNIUM,SEWARD,59.73406667,-139.7789167,217,216.6,18.8,0,9189419.0,9HJF9,249055000,16.0
2008-08-28T18:11:38,MILLENNIUM,SEWARD,59.7344,-139.7784167,217,217.0,18.8,0,9189419.0,9HJF9,249055000,16.0
2008-08-28T18:11:33,MILLENNIUM,SEWARD,59.73481667,-139.7778167,217,217.0,18.8,0,9189419.0,9HJF9,249055000,16.0
2008-08-28T18:11:27,MILLENNIUM,SEWARD,59.73523333,-139.7772,217,217.0,18.8,0,9189419.0,9HJF9,249055000,16.0
2008-08-28T18:11:22,MILLENNIUM,SEWARD,59.73565,-139.7765833,217,216.3,18.7,0,9189419.0,9HJF9,249055000,16.0
2008-08-28T18:11:14,MILLENNIUM,SEWARD,59.73615,-139.7758333,217,216.6,18.8,0,9189419.0,9HJF9,249055000,16.0
2008-08-28T18:11:09,MILLENNIUM,SEWARD,59.73648333,-139.77535,217,216.6,18.8,0,9189419.0,9HJF9,249055000,16.0
2008-08-28T18:11:02,MILLENNIUM,SEWARD,59.7369,-139.7747333,217,217.0,18.7,0,9189419.0,9HJF9,249055000,16.0
2008-08-28T18:11:00,MILLENNIUM,SEWARD,59.73731667,-139.7741167,0,0.0,0.0,0,9189419.0,9HJF9,249055000,16.0
2008-08-28T18:10:56,MILLENNIUM,SEWARD,59.73731667,-139.7741167,217,216.6,18.7,0,9189419.0,9HJF9,249055000,16.0
2008-08-28T18:10:50,MILLENNIUM,SEWARD,59.73771667,-139.7734833,217,216.6,18.7,0,9189419.0,9HJF9,249055000,16.0
2008-08-28T18:10:44,MILLENNIUM,SEWARD,59.73813333,-139.7728667,217,216.6,18.8,0,9189419.0,9HJF9,249055000,16.0
2008-08-28T18:10:39,MILLENNIUM,SEWARD,59.73855,-139.77225,217,216.6,18.7,0,9189419.0,9HJF9,249055000,16.0
2008-08-28T18:10:32,MILLENNIUM,SEWARD,59.73896667,-139.7716333,217,216.6,18.7,0,9189419.0,9HJF9,249055000,16.0
2008-08-28T18:10:27,MILLENNIUM,SEWARD,59.73938333,-139.7710167,217,216.3,18.7,0,9189419.0,9HJF9,249055000,16.0
2008-08-28T18:10:21,MILLENNIUM,SEWARD,59.7398,-139.7704167,217,216.6,18.7,0,9189419.0,9HJF9,249055000,16.0
2008-08-28T18:10:14,MILLENNIUM,SEWARD,59.74028333,-139.7697,217,216.6,18.7,0,9189419.0,9HJF9,249055000,16.0
2008-08-28T18:10:09,MILLENNIUM,SEWARD,59.74061667,-139.7692167,217,216.3,18.7,0,9189419.0,9HJF9,249055000,16.0
2008-08-28T18:10:02,MILLENNIUM,SEWARD,59.74111667,-139.76845,218,217.0,18.6,0,9189419.0,9HJF9,249055000,16.0
2008-08-28T18:09:58,MILLENNIUM,SEWARD,59.74145,-139.7679667,218,217.3,18.6,0,9189419.0,9HJF9,249055000,16.0
2008-08-28T18:09:50,MILLENNIUM,SEWARD,59.74195,-139.7672167,218,217.6,18.6,0,9189419.0,9HJF9,249055000,16.0
2008-08-28T18:09:44,MILLENNIUM,SEWARD,59.74228333,-139.7667167,218,217.3,18.7,0,9189419.0,9HJF9,249055000,16.0
2008-08-28T18:09:38,MILLENNIUM,SEWARD,59.74268333,-139.7661167,217,215.7,18.6,0,9189419.0,9HJF9,249055000,16.0
2008-08-28T18:09:32,MILLENNIUM,SEWARD,59.7431,-139.7655,217,216.0,18.6,0,9189419.0,9HJF9,249055000,16.0
2008-08-28T18:09:26,MILLENNIUM,SEWARD,59.74351667,-139.7649,217,216.3,18.6,0,9189419.0,9HJF9,249055000,16.0
2008-08-28T18:09:20,MILLENNIUM,SEWARD,59.74393333,-139.7643,217,216.3,18.6,0,9189419.0,9HJF9,249055000,16.0
2008-08-28T18:09:14,MILLENNIUM,SEWARD,59.74433333,-139.7636833,217,215.7,18.6,0,9189419.0,9HJF9,249055000,16.0
2008-08-28T18:09:09,MILLENNIUM,SEWARD,59.74475,-139.7631,217,216.0,18.6,0,9189419.0,9HJF9,249055000,16.0
2008-08-28T18:09:02,MILLENNIUM,SEWARD,59.74516667,-139.7625,216,215.3,18.6,0,9189419.0,9HJF9,249055000,16.0
2008-08-28T18:08:57,MILLENNIUM,SEWARD,59.74556667,-139.7619167,216,215.0,18.6,0,9189419.0,9HJF9,249055000,16.0
2008-08-28T18:08:50,MILLENNIUM,SEWARD,59.74598333,-139.7613167,216,214.7,18.6,0,9189419.0,9HJF9,249055000,16.0
2008-08-28T18:08:44,MILLENNIUM,SEWARD,59.7465,-139.7606167,216,215.0,18.6,0,9189419.0,9HJF9,249055000,16.0
2008-08-28T18:08:39,MILLENNIUM,SEWARD,59.74683333,-139.76015,216,215.3,18.6,0,9189419.0,9HJF9,249055000,16.0
2008-08-28T18:08:32,MILLENNIUM,SEWARD,59.74735,-139.7594667,215,214.0,18.5,0,9189419.0,9HJF9,249055000,16.0
2008-08-28T18:08:26,MILLENNIUM,SEWARD,59.74776667,-139.7589,214,213.0,18.5,0,9189419.0,9HJF9,249055000,16.0
2008-08-28T18:08:20,MILLENNIUM,SEWARD,59.74811667,-139.75845,214,213.3,18.6,0,9189419.0,9HJF9,249055000,16.0
2008-08-28T18:08:14,MILLENNIUM,SEWARD,59.74863333,-139.7578,214,212.0,18.5,0,9189419.0,9HJF9,249055000,16.0
2008-08-28T18:08:08,MILLENNIUM,SEWARD,59.74898333,-139.7573333,213,212.0,18.5,0,9189419.0,9HJF9,249055000,16.0
2008-08-28T18:08:03,MILLENNIUM,SEWARD,59.74951667,-139.7567,213,212.3,18.6,0,9189419.0,9HJF9,249055000,16.0
2008-08-28T18:07:57,MILLENNIUM,SEWARD,59.74988333,-139.75625,212,211.3,18.6,0,9189419.0,9HJF9,249055000,16.0
2008-08-28T18:07:50,MILLENNIUM,SEWARD,59.75031667,-139.75575,212,211.0,18.5,0,9189419.0,9HJF9,249055000,16.0
2008-08-28T18:07:44,MILLENNIUM,SEWARD,59.75076667,-139.7552333,211,210.0,18.4,0,9189419.0,9HJF9,249055000,16.0
2008-08-28T18:07:39,MILLENNIUM,SEWARD,59.75111667,-139.7548,211,210.3,18.5,0,9189419.0,9HJF9,249055000,16.0
2008-08-28T18:07:32,MILLENNIUM,SEWARD,59.75166667,-139.7542,210,209.3,18.6,0,9189419.0,9HJF9,249055000,16.0
2008-08-28T18:07:26,MILLENNIUM,SEWARD,59.75211667,-139.7537,210,208.0,18.5,0,9189419.0,9HJF9,249055000,16.0
2008-08-28T18:07:20,MILLENNIUM,SEWARD,59.75255,-139.7532167,209,208.0,18.5,0,9189419.0,9HJF9,249055000,16.0
2008-08-28T18:07:14,MILLENNIUM,SEWARD,59.75298333,-139.7527333,209,208.6,18.5,0,9189419.0,9HJF9,249055000,16.0
2008-08-28T18:07:09,MILLENNIUM,SEWARD,59.75343333,-139.75225,208,207.3,18.6,0,9189419.0,9HJF9,249055000,16.0
2008-08-28T18:07:05,MILLENNIUM,SEWARD,59.7539,-139.7518,208,207.0,18.6,0,9189419.0,9HJF9,249055000,16.0
2008-08-28T18:06:56,MILLENNIUM,SEWARD,59.75445,-139.75125,207,206.0,18.5,0,9189419.0,9HJF9,249055000,16.0
2008-08-28T18:06:50,MILLENNIUM,SEWARD,59.75481667,-139.7508667,207,207.0,18.6,0,9189419.0,9HJF9,249055000,16.0
2008-08-28T18:06:45,MILLENNIUM,SEWARD,59.75528333,-139.7504167,206,206.3,18.6,0,9189419.0,9HJF9,249055000,16.0
2008-08-28T18:06:39,MILLENNIUM,SEWARD,59.75565,-139.75005,206,205.3,18.6,0,9189419.0,9HJF9,249055000,16.0
2008-08-28T18:06:32,MILLENNIUM,SEWARD,59.75631667,-139.7494833,205,204.3,18.6,0,9189419.0,9HJF9,249055000,16.0
2008-08-28T18:06:26,MILLENNIUM,SEWARD,59.75678333,-139.74905,205,204.0,18.6,0,9189419.0,9HJF9,249055000,16.0
2008-08-28T18:06:20,MILLENNIUM,SEWARD,59.75726667,-139.7486167,204,203.6,18.7,0,9189419.0,9HJF9,249055000,16.0
2008-08-28T18:06:14,MILLENNIUM,SEWARD,59.75765,-139.7482833,204,203.6,18.6,0,9189419.0,9HJF9,249055000,16.0
2008-08-28T18:06:09,MILLENNIUM,SEWARD,59.7581,-139.74785,204,203.0,18.6,0,9189419.0,9HJF9,249055000,16.0
2008-08-28T18:06:02,MILLENNIUM,SEWARD,59.75858333,-139.7474333,204,203.6,18.7,0,9189419.0,9HJF9,249055000,16.0
2008-08-28T18:05:56,MILLENNIUM,SEWARD,59.75905,-139.7470333,204,203.6,18.7,0,9189419.0,9HJF9,249055000,16.0
2008-08-28T18:05:50,MILLENNIUM,SEWARD,59.75951667,-139.7466167,204,203.3,18.7,0,9189419.0,9HJF9,249055000,16.0
2008-08-28T18:05:44,MILLENNIUM,SEWARD,59.76,-139.7462,205,204.0,18.6,0,9189419.0,9HJF9,249055000,16.0
2008-08-28T18:05:39,MILLENNIUM,SEWARD,59.76036667,-139.7458667,205,204.6,18.7,0,9189419.0,9HJF9,249055000,16.0
2008-08-28T18:05:33,MILLENNIUM,SEWARD,59.76093333,-139.7453667,205,204.3,18.7,0,9189419.0,9HJF9,249055000,16.0
2008-08-28T18:05:26,MILLENNIUM,SEWARD,59.76141667,-139.74495,205,204.6,18.7,0,9189419.0,9HJF9,249055000,16.0
2008-08-28T18:05:20,MILLENNIUM,SEWARD,59.76188333,-139.7445333,204,203.3,18.7,0,9189419.0,9HJF9,249055000,16.0
2008-08-28T18:05:14,MILLENNIUM,SEWARD,59.76245,-139.74405,204,203.3,18.7,0,9189419.0,9HJF9,249055000,16.0
2008-08-28T18:05:04,MILLENNIUM,SEWARD,59.7638,-139.7428833,0,0.0,0.0,0,9189419.0,9HJF9,249055000,16.0
2008-08-28T18:04:56,MILLENNIUM,SEWARD,59.7638,-139.7428833,204,203.3,18.7,0,9189419.0,9HJF9,249055000,16.0
2008-08-28T18:04:50,MILLENNIUM,SEWARD,59.76426667,-139.7424667,205,204.3,18.8,0,9189419.0,9HJF9,249055000,16.0
2008-08-28T18:04:44,MILLENNIUM,SEWARD,59.76475,-139.74205,204,203.3,18.7,0,9189419.0,9HJF9,249055000,16.0
2008-08-28T18:04:39,MILLENNIUM,SEWARD,59.76513333,-139.7417167,204,203.6,18.8,0,9189419.0,9HJF9,249055000,16.0
2008-08-28T18:04:32,MILLENNIUM,SEWARD,59.7657,-139.7412,204,203.3,18.7,0,9189419.0,9HJF9,249055000,16.0
2008-08-28T18:04:26,MILLENNIUM,SEWARD,59.76618333,-139.7407833,204,203.6,18.8,0,9189419.0,9HJF9,249055000,16.0
2008-08-28T18:04:20,MILLENNIUM,SEWARD,59.76665,-139.7403667,204,203.6,18.9,0,9189419.0,9HJF9,249055000,16.0
2008-08-28T18:04:14,MILLENNIUM,SEWARD,59.76713333,-139.73995,204,204.0,18.8,0,9189419.0,9HJF9,249055000,16.0
2008-08-28T18:04:09,MILLENNIUM,SEWARD,59.7676,-139.7395333,204,203.6,18.9,0,9189419.0,9HJF9,249055000,16.0
2008-08-28T18:04:02,MILLENNIUM,SEWARD,59.76808333,-139.7391167,204,203.6,18.9,0,9189419.0,9HJF9,249055000,16.0
2008-08-28T18:03:56,MILLENNIUM,SEWARD,59.76855,-139.7386833,205,204.6,18.8,0,9189419.0,9HJF9,249055000,16.0
2008-08-28T18:03:50,MILLENNIUM,SEWARD,59.76903333,-139.7382667,204,203.6,18.8,0,9189419.0,9HJF9,249055000,16.0
2008-08-28T18:03:45,MILLENNIUM,SEWARD,59.76941667,-139.73795,204,204.0,18.9,0,9189419.0,9HJF9,249055000,16.0
2008-08-28T18:03:39,MILLENNIUM,SEWARD,59.76988333,-139.7375333,204,203.6,18.8,0,9189419.0,9HJF9,249055000,16.0
2008-08-28T18:03:32,MILLENNIUM,SEWARD,59.77046667,-139.7370167,204,204.0,18.9,0,9189419.0,9HJF9,249055000,16.0
2008-08-28T18:03:26,MILLENNIUM,SEWARD,59.77095,-139.7366,204,204.0,18.9,0,9189419.0,9HJF9,249055000,16.0
2008-08-28T18:03:20,MILLENNIUM,SEWARD,59.77151667,-139.73605,204,204.0,18.9,0,9189419.0,9HJF9,249055000,16.0
2008-08-28T18:03:09,MILLENNIUM,SEWARD,59.77238333,-139.7353167,204,203.6,18.9,0,9189419.0,9HJF9,249055000,16.0
2008-08-28T18:03:02,MILLENNIUM,SEWARD,59.77295,-139.7348,204,204.0,19.0,0,9189419.0,9HJF9,249055000,16.0
2008-08-28T18:02:56,MILLENNIUM,SEWARD,59.77333333,-139.7344333,204,204.0,18.9,0,9189419.0,9HJF9,249055000,16.0
2008-08-28T18:02:20,MILLENNIUM,SEWARD,59.77623333,-139.7318667,204,204.3,18.9,0,9189419.0,9HJF9,249055000,16.0
2008-08-28T18:02:02,MILLENNIUM,SEWARD,59.77766667,-139.7305667,204,204.0,19.0,0,9189419.0,9HJF9,249055000,16.0
2008-08-28T18:00:26,MILLENNIUM,SEWARD,59.78528333,-139.72365,204,204.3,19.0,0,9189419.0,9HJF9,249055000,16.0
2008-08-28T18:00:21,MILLENNIUM,SEWARD,59.78576667,-139.7232167,204,204.3,18.9,0,9189419.0,9HJF9,249055000,16.0
2008-08-28T17:59:50,MILLENNIUM,SEWARD,59.78815,-139.72105,204,204.6,18.9,0,9189419.0,9HJF9,249055000,16.0
2008-08-28T17:59:44,MILLENNIUM,SEWARD,59.78863333,-139.7206167,204,204.6,19.0,0,9189419.0,9HJF9,249055000,16.0
2008-08-28T17:59:39,MILLENNIUM,SEWARD,59.7891,-139.7201833,204,204.6,19.0,0,9189419.0,9HJF9,249055000,16.0
2008-08-28T17:59:02,MILLENNIUM,SEWARD,59.79198333,-139.71755,204,204.6,19.0,0,9189419.0,9HJF9,249055000,16.0
2008-08-28T17:58:39,MILLENNIUM,SEWARD,59.7938,-139.7159,204,204.9,19.0,0,9189419.0,9HJF9,249055000,16.0
2008-08-28T17:58:32,MILLENNIUM,SEWARD,59.79436667,-139.7153667,204,204.6,19.0,0,9189419.0,9HJF9,249055000,16.0
2008-08-28T17:58:14,MILLENNIUM,SEWARD,59.7958,-139.7140667,204,204.6,18.9,0,9189419.0,9HJF9,249055000,16.0
2008-08-28T17:58:09,MILLENNIUM,SEWARD,59.79628333,-139.7136167,204,204.6,18.9,0,9189419.0,9HJF9,249055000,16.0
2008-08-28T17:58:02,MILLENNIUM,SEWARD,59.79676667,-139.7131833,204,204.3,18.9,0,9189419.0,9HJF9,249055000,16.0
2008-08-28T17:57:56,MILLENNIUM,SEWARD,59.79723333,-139.71275,204,204.3,19.0,0,9189419.0,9HJF9,249055000,16.0
2008-08-28T17:57:51,MILLENNIUM,SEWARD,59.79771667,-139.7123167,204,204.9,19.0,0,9189419.0,9HJF9,249055000,16.0
2008-08-28T17:57:39,MILLENNIUM,SEWARD,59.79856667,-139.7115333,204,204.3,18.9,0,9189419.0,9HJF9,249055000,16.0
2008-08-28T17:57:32,MILLENNIUM,SEWARD,59.79915,-139.7110167,204,204.3,18.9,0,9189419.0,9HJF9,249055000,16.0
2008-08-28T17:57:26,MILLENNIUM,SEWARD,59.79961667,-139.7105833,204,204.6,18.9,0,9189419.0,9HJF9,249055000,16.0
2008-08-28T17:57:03,MILLENNIUM,SEWARD,59.80151667,-139.7088667,204,204.3,18.9,0,9189419.0,9HJF9,249055000,16.0
2008-08-28T17:56:45,MILLENNIUM,SEWARD,59.80286667,-139.7076667,204,204.3,18.9,0,9189419.0,9HJF9,249055000,16.0
2008-08-28T17:56:14,MILLENNIUM,SEWARD,59.80535,-139.7054333,204,204.0,18.9,0,9189419.0,9HJF9,249055000,16.0
2008-08-28T17:56:08,MILLENNIUM,SEWARD,59.80583333,-139.7050167,204,203.3,18.9,0,9189419.0,9HJF9,249055000,16.0
2008-08-28T17:55:56,MILLENNIUM,SEWARD,59.80678333,-139.7041833,205,205.0,18.9,0,9189419.0,9HJF9,249055000,16.0
2008-08-28T17:55:39,MILLENNIUM,SEWARD,59.80813333,-139.7029667,204,203.3,18.8,0,9189419.0,9HJF9,249055000,16.0
2008-08-28T17:55:14,MILLENNIUM,SEWARD,59.81015,-139.7012333,204,203.3,18.8,0,9189419.0,9HJF9,249055000,16.0
2008-08-28T17:55:08,MILLENNIUM,SEWARD,59.81061667,-139.7008333,203,202.6,18.8,0,9189419.0,9HJF9,249055000,16.0
2008-08-28T17:55:02,MILLENNIUM,SEWARD,59.8111,-139.7004333,203,202.6,18.8,0,9189419.0,9HJF9,249055000,16.0
2008-08-28T17:54:57,MILLENNIUM,SEWARD,59.81148333,-139.7001,202,201.3,18.8,0,9189419.0,9HJF9,249055000,16.0
2008-08-28T17:54:50,MILLENNIUM,SEWARD,59.81198333,-139.6997333,202,201.6,18.8,0,9189419.0,9HJF9,249055000,16.0
2008-08-28T17:54:45,MILLENNIUM,SEWARD,59.81246667,-139.6993667,201,200.6,18.7,0,9189419.0,9HJF9,249055000,16.0
2008-08-28T17:54:32,MILLENNIUM,SEWARD,59.81343333,-139.6986333,200,199.6,18.7,0,9189419.0,9HJF9,249055000,16.0
2008-08-28T17:54:20,MILLENNIUM,SEWARD,59.81451667,-139.6978833,199,199.0,18.8,0,9189419.0,9HJF9,249055000,16.0
2008-08-28T17:53:50,MILLENNIUM,SEWARD,59.81698333,-139.69625,198,197.6,18.8,0,9189419.0,9HJF9,249055000,16.0
2008-08-28T17:53:33,MILLENNIUM,SEWARD,59.81835,-139.69535,199,198.3,18.7,0,9189419.0,9HJF9,249055000,16.0
2008-08-28T17:53:26,MILLENNIUM,SEWARD,59.81896667,-139.6949833,199,198.3,18.7,0,9189419.0,9HJF9,249055000,16.0
2008-08-28T17:53:21,MILLENNIUM,SEWARD,59.81945,-139.6946667,199,199.0,18.7,0,9189419.0,9HJF9,249055000,16.0
2008-08-28T17:52:50,MILLENNIUM,SEWARD,59.82181667,-139.6930833,199,199.0,18.6,0,9189419.0,9HJF9,249055000,16.0
2008-08-28T17:52:39,MILLENNIUM,SEWARD,59.82278333,-139.6924167,200,199.0,18.6,0,9189419.0,9HJF9,249055000,16.0
2008-08-28T17:51:26,MILLENNIUM,SEWARD,59.82866667,-139.6880333,202,201.0,18.4,0,9189419.0,9HJF9,249055000,16.0
2008-08-28T17:51:14,MILLENNIUM,SEWARD,59.82961667,-139.6872833,203,202.0,18.4,0,9189419.0,9HJF9,249055000,16.0
2008-08-28T17:50:20,MILLENNIUM,SEWARD,59.83388333,-139.6838333,200,199.3,18.5,0,9189419.0,9HJF9,249055000,16.0
2008-08-28T17:49:57,MILLENNIUM,SEWARD,59.83581667,-139.6825333,199,198.0,18.4,0,9189419.0,9HJF9,249055000,16.0
2008-08-28T17:49:50,MILLENNIUM,SEWARD,59.8363,-139.6822167,199,198.6,18.4,0,9189419.0,9HJF9,249055000,16.0
2008-08-28T17:49:20,MILLENNIUM,SEWARD,59.83861667,-139.6807,199,199.0,18.3,0,9189419.0,9HJF9,249055000,16.0
2008-08-28T17:49:02,MILLENNIUM,SEWARD,59.84003333,-139.6797833,198,198.0,18.2,0,9189419.0,9HJF9,249055000,16.0
2008-08-28T17:48:50,MILLENNIUM,SEWARD,59.84098333,-139.6792,198,197.6,18.2,0,9189419.0,9HJF9,249055000,16.0
2008-08-28T17:48:26,MILLENNIUM,SEWARD,59.84303333,-139.6779667,197,196.3,18.2,0,9189419.0,9HJF9,249055000,16.0
2008-08-28T17:48:08,MILLENNIUM,SEWARD,59.8444,-139.6771333,197,197.0,18.1,0,9189419.0,9HJF9,249055000,16.0
2008-08-28T17:47:44,MILLENNIUM,SEWARD,59.84633333,-139.676,197,196.6,18.0,0,9189419.0,9HJF9,249055000,16.0
2008-08-28T17:47:21,MILLENNIUM,SEWARD,59.8482,-139.6749333,196,195.6,17.8,0,9189419.0,9HJF9,249055000,16.0
2008-08-28T17:46:26,MILLENNIUM,SEWARD,59.85258333,-139.67255,194,194.6,17.7,0,9189419.0,9HJF9,249055000,16.0
2008-08-28T17:46:21,MILLENNIUM,SEWARD,59.85295,-139.6723667,194,194.6,17.7,0,9189419.0,9HJF9,249055000,16.0
2008-08-28T17:46:08,MILLENNIUM,SEWARD,59.85386667,-139.6719167,194,194.0,17.7,0,9189419.0,9HJF9,249055000,16.0
2008-08-28T17:46:03,MILLENNIUM,SEWARD,59.85435,-139.6716667,194,194.3,17.7,0,9189419.0,9HJF9,249055000,16.0
2008-08-28T17:45:50,MILLENNIUM,SEWARD,59.85531667,-139.6711667,194,194.3,17.7,0,9189419.0,9HJF9,249055000,16.0
2008-08-28T17:45:44,MILLENNIUM,SEWARD,59.85583333,-139.6709167,194,194.3,17.6,0,9189419.0,9HJF9,249055000,16.0
2008-08-28T17:45:32,MILLENNIUM,SEWARD,59.85678333,-139.6704167,194,194.3,17.6,0,9189419.0,9HJF9,249055000,16.0
2008-08-28T17:45:27,MILLENNIUM,SEWARD,59.85715,-139.6702333,194,194.3,17.6,0,9189419.0,9HJF9,249055000,16.0
2008-08-28T17:45:02,MILLENNIUM,SEWARD,59.85913333,-139.6691833,194,194.6,17.4,0,9189419.0,9HJF9,249055000,16.0
2008-08-28T17:44:02,MILLENNIUM,SEWARD,59.8638,-139.6667667,194,194.3,17.2,0,9189419.0,9HJF9,249055000,16.0
2008-08-28T17:43:27,MILLENNIUM,SEWARD,59.86645,-139.6654,194,194.3,17.0,0,9189419.0,9HJF9,249055000,16.0
2008-08-28T17:42:50,MILLENNIUM,SEWARD,59.86926667,-139.66395,194,194.0,16.9,0,9189419.0,9HJF9,249055000,16.0
2008-08-28T17:42:44,MILLENNIUM,SEWARD,59.86973333,-139.6637167,194,194.0,16.9,0,9189419.0,9HJF9,249055000,16.0
2008-08-28T17:42:38,MILLENNIUM,SEWARD,59.87016667,-139.6635,194,194.0,16.8,0,9189419.0,9HJF9,249055000,16.0
2008-08-28T17:41:44,MILLENNIUM,SEWARD,59.87411667,-139.6614833,194,194.3,16.5,0,9189419.0,9HJF9,249055000,16.0
2008-08-28T17:41:03,MILLENNIUM,SEWARD,59.87723333,-139.6599,194,194.3,16.0,0,9189419.0,9HJF9,249055000,16.0
2008-08-28T17:40:57,MILLENNIUM,SEWARD,59.87768333,-139.6596667,194,194.0,16.0,0,9189419.0,9HJF9,249055000,16.0
2008-08-28T17:40:50,MILLENNIUM,SEWARD,59.8781,-139.6594667,194,193.6,15.9,0,9189419.0,9HJF9,249055000,16.0
2008-08-28T17:40:42,MILLENNIUM,SEWARD,59.87896667,-139.6590333,195,195.0,15.7,0,9189419.0,9HJF9,249055000,16.0
2008-08-28T17:40:42,MILLENNIUM,SEWARD,59.8794,-139.6588,195,195.0,15.7,0,9189419.0,9HJF9,249055000,16.0
2008-08-28T17:40:27,MILLENNIUM,SEWARD,59.8797,-139.65865,195,194.6,15.6,0,9189419.0,9HJF9,249055000,16.0
2008-08-28T17:40:21,MILLENNIUM,SEWARD,59.8801,-139.6584333,194,194.0,15.5,0,9189419.0,9HJF9,249055000,16.0
2008-08-28T17:40:15,MILLENNIUM,SEWARD,59.88051667,-139.6582333,194,194.0,15.5,0,9189419.0,9HJF9,249055000,16.0
2008-08-28T17:40:09,MILLENNIUM,SEWARD,59.88093333,-139.6580167,194,194.0,15.5,0,9189419.0,9HJF9,249055000,16.0
2008-08-28T17:39:50,MILLENNIUM,SEWARD,59.8822,-139.6573833,194,194.3,15.3,0,9189419.0,9HJF9,249055000,16.0
2008-08-28T17:39:39,MILLENNIUM,SEWARD,59.88301667,-139.6569333,194,194.0,15.1,0,9189419.0,9HJF9,249055000,16.0
2008-08-28T17:39:21,MILLENNIUM,SEWARD,59.88426667,-139.6563,194,194.7,15.0,0,9189419.0,9HJF9,249055000,16.0
2008-08-28T17:38:56,MILLENNIUM,SEWARD,59.88591667,-139.6554333,194,194.7,14.8,0,9189419.0,9HJF9,249055000,16.0
2008-08-28T17:38:33,MILLENNIUM,SEWARD,59.8875,-139.6546,194,194.7,14.6,0,9189419.0,9HJF9,249055000,16.0
2008-08-28T17:38:15,MILLENNIUM,SEWARD,59.8886,-139.6540333,195,196.5,14.4,0,9189419.0,9HJF9,249055000,16.0
2008-08-28T17:38:09,MILLENNIUM,SEWARD,59.8889,-139.6538333,195,195.5,14.4,0,9189419.0,9HJF9,249055000,16.0
2008-08-28T17:38:09,MILLENNIUM,SEWARD,59.88898333,-139.6537833,194,195.5,14.4,0,9189419.0,9HJF9,249055000,16.0
2008-08-28T17:38:02,MILLENNIUM,SEWARD,59.88935,-139.6535833,194,195.2,14.3,0,9189419.0,9HJF9,249055000,16.0
2008-08-28T17:38:00,MILLENNIUM,SEWARD,59.88956667,-139.6534833,194,194.8,14.2,0,9189419.0,9HJF9,249055000,16.0
2008-08-28T17:37:44,MILLENNIUM,SEWARD,59.89046667,-139.6529667,195,196.2,14.1,0,9189419.0,9HJF9,249055000,16.0
2008-08-28T17:36:09,MILLENNIUM,SEWARD,59.89618333,-139.6491833,197,200.0,13.3,0,9189419.0,9HJF9,249055000,16.0
2008-08-28T17:35:00,MILLENNIUM,SEWARD,59.90015,-139.6462833,197,199.6,12.9,0,9189419.0,9HJF9,249055000,16.0
2008-08-28T17:34:58,MILLENNIUM,SEWARD,59.90621667,-139.64155,0,0.0,0.0,0,9189419.0,9HJF9,249055000,16.0
2008-08-28T17:33:09,MILLENNIUM,HUBBARD GLACIER,59.90621667,-139.64155,200,203.6,12.6,0,9189419.0,9HJF9,249055000,16.0
2008-08-28T17:32:49,MILLENNIUM,HUBBARD GLACIER,59.9073,-139.6405833,202,205.6,12.5,0,9189419.0,9HJF9,249055000,16.0
2008-08-28T17:32:09,MILLENNIUM,HUBBARD GLACIER,59.90933333,-139.6385833,205,208.2,12.2,0,9189419.0,9HJF9,249055000,16.0
2008-08-28T17:31:50,MILLENNIUM,HUBBARD GLACIER,59.91033333,-139.63745,206,208.8,12.1,0,9189419.0,9HJF9,249055000,16.0
2008-08-28T17:31:09,MILLENNIUM,HUBBARD GLACIER,59.91226667,-139.6351667,210,212.8,12.0,0,9189419.0,9HJF9,249055000,16.0
2008-08-28T17:30:50,MILLENNIUM,HUBBARD GLACIER,59.91316667,-139.6339333,212,214.3,12.0,0,9189419.0,9HJF9,249055000,16.0
2008-08-28T17:29:28,MILLENNIUM,HUBBARD GLACIER,59.9167,-139.6286,219,219.9,11.9,0,9189419.0,9HJF9,249055000,16.0
2008-08-28T17:27:28,MILLENNIUM,HUBBARD GLACIER,59.92155,-139.6203,221,221.5,11.1,0,9189419.0,9HJF9,249055000,16.0
2008-08-28T17:26:28,MILLENNIUM,HUBBARD GLACIER,59.92385,-139.6165167,219,218.5,10.5,0,9189419.0,9HJF9,249055000,16.0
2008-08-28T16:52:19,MILLENNIUM,HUBBARD GLACIER,59.99363333,-139.54015,213,214.5,7.4,0,9189419.0,9HJF9,249055000,16.0
2008-08-28T16:42:39,MILLENNIUM,HUBBARD GLACIER,60.00361667,-139.5221667,226,210.4,1.9,0,9189419.0,9HJF9,249055000,16.0
2008-08-28T16:22:10,MILLENNIUM,HUBBARD GLACIER,60.00266667,-139.5223833,231,339.4,0.9,0,9189419.0,9HJF9,249055000,16.0
2008-08-28T15:47:58,MILLENNIUM,HUBBARD GLACIER,60.0012,-139.5242167,63,50.9,1.4,0,9189419.0,9HJF9,249055000,16.0
2008-08-28T14:50:40,MILLENNIUM,HUBBARD GLACIER,59.91526667,-139.6219667,41,40.3,8.3,0,9189419.0,9HJF9,249055000,16.0
2008-08-28T14:47:58,MILLENNIUM,HUBBARD GLACIER,59.91048333,-139.6292333,40,36.1,7.5,0,9189419.0,9HJF9,249055000,16.0
2008-08-28T14:47:48,MILLENNIUM,HUBBARD GLACIER,59.91021667,-139.6296167,39,35.9,7.5,0,9189419.0,9HJF9,249055000,16.0
2008-08-28T14:47:39,MILLENNIUM,HUBBARD GLACIER,59.90995,-139.63,38,34.9,7.5,0,9189419.0,9HJF9,249055000,16.0
2008-08-28T14:47:29,MILLENNIUM,HUBBARD GLACIER,59.9097,-139.6303667,37,33.1,7.4,0,9189419.0,9HJF9,249055000,16.0
2008-08-28T14:47:18,MILLENNIUM,HUBBARD GLACIER,59.90938333,-139.6307667,37,34.6,7.3,0,9189419.0,9HJF9,249055000,16.0
2008-08-28T14:47:10,MILLENNIUM,HUBBARD GLACIER,59.90916667,-139.6310667,36,32.8,7.3,0,9189419.0,9HJF9,249055000,16.0
2008-08-28T14:46:58,MILLENNIUM,HUBBARD GLACIER,59.90883333,-139.6315,35,31.8,7.2,0,9189419.0,9HJF9,249055000,16.0
2008-08-28T14:46:29,MILLENNIUM,HUBBARD GLACIER,59.90801667,-139.6324667,34,29.9,7.1,0,9189419.0,9HJF9,249055000,16.0
2008-08-28T14:46:10,MILLENNIUM,HUBBARD GLACIER,59.90746667,-139.6331,34,29.9,7.0,0,9189419.0,9HJF9,249055000,16.0
2008-08-28T14:45:19,MILLENNIUM,HUBBARD GLACIER,59.90603333,-139.6347167,34,28.8,6.7,0,9189419.0,9HJF9,249055000,16.0
2008-08-28T14:44:29,MILLENNIUM,HUBBARD GLACIER,59.90476667,-139.6361833,35,30.5,6.4,0,9189419.0,9HJF9,249055000,16.0
2008-08-28T14:44:19,MILLENNIUM,HUBBARD GLACIER,59.90448333,-139.6365167,34,30.4,6.4,0,9189419.0,9HJF9,249055000,16.0
2008-08-28T14:43:50,MILLENNIUM,HUBBARD GLACIER,59.90373333,-139.6373333,34,29.5,6.4,0,9189419.0,9HJF9,249055000,16.0
2008-08-28T14:43:50,MILLENNIUM,HUBBARD GLACIER,59.90293333,-139.6382833,0,0.0,0.0,0,9189419.0,9HJF9,249055000,16.0
2008-08-28T14:43:20,MILLENNIUM,HUBBARD GLACIER,59.90293333,-139.6382833,34,30.4,6.4,0,9189419.0,9HJF9,249055000,16.0
2008-08-28T14:43:00,MILLENNIUM,HUBBARD GLACIER,59.90245,-139.6388667,33,30.3,6.4,0,9189419.0,9HJF9,249055000,16.0
2008-08-28T14:42:50,MILLENNIUM,HUBBARD GLACIER,59.9022,-139.63915,32,31.1,6.4,0,9189419.0,9HJF9,249055000,16.0
2008-08-28T14:42:41,MILLENNIUM,HUBBARD GLACIER,59.90195,-139.6394167,31,28.3,6.5,0,9189419.0,9HJF9,249055000,16.0
2008-08-28T14:41:00,MILLENNIUM,HUBBARD GLACIER,59.89925,-139.64225,30,27.3,6.6,0,9189419.0,9HJF9,249055000,16.0
2008-08-28T14:39:18,MILLENNIUM,HUBBARD GLACIER,59.89643333,-139.6449333,25,22.4,6.8,0,9189419.0,9HJF9,249055000,16.0
2008-08-28T14:38:30,MILLENNIUM,HUBBARD GLACIER,59.895,-139.6461333,25,24.1,6.9,0,9189419.0,9HJF9,249055000,16.0
2008-08-28T14:38:18,MILLENNIUM,HUBBARD GLACIER,59.89465,-139.64645,25,24.1,6.9,0,9189419.0,9HJF9,249055000,16.0
2008-08-28T14:36:49,MILLENNIUM,HUBBARD GLACIER,59.89201667,-139.6489,23,23.8,7.1,0,9189419.0,9HJF9,249055000,16.0
2008-08-28T14:36:30,MILLENNIUM,HUBBARD GLACIER,59.89148333,-139.6493833,23,23.0,7.1,0,9189419.0,9HJF9,249055000,16.0
2008-08-28T14:35:59,MILLENNIUM,HUBBARD GLACIER,59.89053333,-139.6501833,23,23.0,7.2,0,9189419.0,9HJF9,249055000,16.0
2008-08-28T14:35:39,MILLENNIUM,HUBBARD GLACIER,59.88998333,-139.6506667,23,23.7,7.2,0,9189419.0,9HJF9,249055000,16.0
2008-08-28T14:35:09,MILLENNIUM,HUBBARD GLACIER,59.88901667,-139.6515,21,22.5,7.3,0,9189419.0,9HJF9,249055000,16.0
2008-08-28T14:34:29,MILLENNIUM,HUBBARD GLACIER,59.88775,-139.6524833,20,20.0,7.5,0,9189419.0,9HJF9,249055000,16.0
2008-08-28T14:34:19,MILLENNIUM,HUBBARD GLACIER,59.88745,-139.6527,20,20.0,7.5,0,9189419.0,9HJF9,249055000,16.0
2008-08-28T14:33:39,MILLENNIUM,HUBBARD GLACIER,59.88611667,-139.6536833,20,20.0,7.7,0,9189419.0,9HJF9,249055000,16.0
2008-08-28T14:33:09,MILLENNIUM,HUBBARD GLACIER,59.88508333,-139.65445,20,19.2,7.8,0,9189419.0,9HJF9,249055000,16.0
2008-08-28T14:32:29,MILLENNIUM,HUBBARD GLACIER,59.88373333,-139.6554167,20,19.2,8.0,0,9189419.0,9HJF9,249055000,16.0
2008-08-28T14:32:08,MILLENNIUM,HUBBARD GLACIER,59.88301667,-139.6559333,20,20.0,8.0,0,9189419.0,9HJF9,249055000,16.0
2008-08-28T14:31:48,MILLENNIUM,HUBBARD GLACIER,59.88126667,-139.6571333,0,0.0,0.0,0,9189419.0,9HJF9,249055000,16.0
2008-08-28T14:31:19,MILLENNIUM,HUBBARD GLACIER,59.88126667,-139.6571333,19,18.3,8.3,0,9189419.0,9HJF9,249055000,16.0
2008-08-28T14:30:29,MILLENNIUM,HUBBARD GLACIER,59.8794,-139.65835,19,17.6,8.6,0,9189419.0,9HJF9,249055000,16.0
2008-08-28T14:29:20,MILLENNIUM,HUBBARD GLACIER,59.87676667,-139.6601167,19,19.0,9.2,0,9189419.0,9HJF9,249055000,16.0
2008-08-28T14:29:10,MILLENNIUM,HUBBARD GLACIER,59.87628333,-139.66045,19,18.3,9.3,0,9189419.0,9HJF9,249055000,16.0
2008-08-28T14:28:59,MILLENNIUM,HUBBARD GLACIER,59.8759,-139.6607,19,18.3,9.3,0,9189419.0,9HJF9,249055000,16.0
2008-08-28T14:28:30,MILLENNIUM,HUBBARD GLACIER,59.8747,-139.6615,19,18.3,9.3,0,9189419.0,9HJF9,249055000,16.0
2008-08-28T14:28:20,MILLENNIUM,HUBBARD GLACIER,59.8743,-139.6617667,19,17.7,9.4,0,9189419.0,9HJF9,249055000,16.0
2008-08-28T14:27:59,MILLENNIUM,HUBBARD GLACIER,59.87341667,-139.6623667,19,18.3,9.4,0,9189419.0,9HJF9,249055000,16.0
2008-08-28T14:27:10,MILLENNIUM,HUBBARD GLACIER,59.87143333,-139.6636833,19,18.4,9.6,0,9189419.0,9HJF9,249055000,16.0
2008-08-28T14:26:20,MILLENNIUM,HUBBARD GLACIER,59.8693,-139.6651,19,18.4,9.6,0,9189419.0,9HJF9,249055000,16.0
2008-08-28T14:26:10,MILLENNIUM,HUBBARD GLACIER,59.8689,-139.6653667,19,18.4,9.6,0,9189419.0,9HJF9,249055000,16.0
2008-08-28T14:25:58,MILLENNIUM,HUBBARD GLACIER,59.86838333,-139.6657167,19,18.4,9.6,0,9189419.0,9HJF9,249055000,16.0
2008-08-28T14:25:45,MILLENNIUM,HUBBARD GLACIER,59.86751667,-139.6663167,0,0.0,0.0,0,9189419.0,9HJF9,249055000,16.0
2008-08-28T14:25:38,MILLENNIUM,HUBBARD GLACIER,59.86751667,-139.6663167,19,19.0,9.6,0,9189419.0,9HJF9,249055000,16.0
2008-08-28T14:25:31,MILLENNIUM,HUBBARD GLACIER,59.86716667,-139.6665667,19,19.0,9.6,0,9189419.0,9HJF9,249055000,16.0
2008-08-28T14:25:11,MILLENNIUM,HUBBARD GLACIER,59.86635,-139.6671167,19,19.0,9.7,0,9189419.0,9HJF9,249055000,16.0
2008-08-28T14:24:49,MILLENNIUM,HUBBARD GLACIER,59.86545,-139.66775,19,19.5,9.7,0,9189419.0,9HJF9,249055000,16.0
2008-08-28T14:24:30,MILLENNIUM,HUBBARD GLACIER,59.86468333,-139.6682833,19,19.5,9.8,0,9189419.0,9HJF9,249055000,16.0
2008-08-28T14:23:58,MILLENNIUM,HUBBARD GLACIER,59.86331667,-139.6692833,19,19.5,9.8,0,9189419.0,9HJF9,249055000,16.0
2008-08-28T14:23:30,MILLENNIUM,HUBBARD GLACIER,59.86208333,-139.6701833,19,20.1,9.9,0,9189419.0,9HJF9,249055000,16.0
2008-08-28T14:22:19,MILLENNIUM,HUBBARD GLACIER,59.85903333,-139.6724333,19,20.7,10.1,0,9189419.0,9HJF9,249055000,16.0
2008-08-28T14:21:50,MILLENNIUM,HUBBARD GLACIER,59.85778333,-139.6734167,19,20.6,10.2,0,9189419.0,9HJF9,249055000,16.0
2008-08-28T14:20:10,MILLENNIUM,HUBBARD GLACIER,59.85326667,-139.67685,19,20.5,10.8,0,9189419.0,9HJF9,249055000,16.0
2008-08-28T14:19:39,MILLENNIUM,HUBBARD GLACIER,59.85185,-139.6779167,19,20.5,11.1,0,9189419.0,9HJF9,249055000,16.0
2008-08-28T14:17:28,MILLENNIUM,HUBBARD GLACIER,59.84513333,-139.6829,19,19.9,12.4,0,9189419.0,9HJF9,249055000,16.0
2008-08-28T14:14:20,MILLENNIUM,HUBBARD GLACIER,59.83443333,-139.6900667,17,17.8,13.3,0,9189419.0,9HJF9,249055000,16.0
2008-08-28T14:13:30,MILLENNIUM,HUBBARD GLACIER,59.83155,-139.6919,17,17.4,13.4,0,9189419.0,9HJF9,249055000,16.0
2008-08-28T14:13:09,MILLENNIUM,HUBBARD GLACIER,59.83028333,-139.6927,17,17.4,13.4,0,9189419.0,9HJF9,249055000,16.0
2008-08-28T14:12:49,MILLENNIUM,HUBBARD GLACIER,59.82915,-139.6934,17,17.0,13.4,0,9189419.0,9HJF9,249055000,16.0
2008-08-28T14:11:20,MILLENNIUM,HUBBARD GLACIER,59.82385,-139.6966667,17,17.0,13.5,0,9189419.0,9HJF9,249055000,16.0
2008-08-28T14:10:55,MILLENNIUM,HUBBARD GLACIER,59.82245,-139.6975167,17,17.4,13.5,0,9189419.0,9HJF9,249055000,16.0
2008-08-28T14:10:49,MILLENNIUM,HUBBARD GLACIER,59.82208333,-139.6977667,17,17.8,13.5,0,9189419.0,9HJF9,249055000,16.0
2008-08-28T14:10:43,MILLENNIUM,HUBBARD GLACIER,59.82171667,-139.698,17,17.4,13.5,0,9189419.0,9HJF9,249055000,16.0
2008-08-28T14:10:31,MILLENNIUM,HUBBARD GLACIER,59.82106667,-139.6984333,17,17.8,13.5,0,9189419.0,9HJF9,249055000,16.0
2008-08-28T14:10:25,MILLENNIUM,HUBBARD GLACIER,59.82063333,-139.6987,17,17.4,13.5,0,9189419.0,9HJF9,249055000,16.0
2008-08-28T14:09:31,MILLENNIUM,HUBBARD GLACIER,59.81738333,-139.7008,17,16.5,13.7,0,9189419.0,9HJF9,249055000,16.0
2008-08-28T14:09:25,MILLENNIUM,HUBBARD GLACIER,59.81701667,-139.7010333,17,17.8,13.7,0,9189419.0,9HJF9,249055000,16.0
2008-08-28T14:08:49,MILLENNIUM,HUBBARD GLACIER,59.81483333,-139.7023833,18,17.5,13.8,0,9189419.0,9HJF9,249055000,16.0
2008-08-28T14:08:31,MILLENNIUM,HUBBARD GLACIER,59.8138,-139.7030333,17,16.5,14.0,0,9189419.0,9HJF9,249055000,16.0
2008-08-28T14:07:37,MILLENNIUM,HUBBARD GLACIER,59.81036667,-139.7051333,17,17.0,14.4,0,9189419.0,9HJF9,249055000,16.0
2008-08-28T14:07:27,MILLENNIUM,HUBBARD GLACIER,59.8096,-139.7055833,17,16.6,14.4,0,9189419.0,9HJF9,249055000,16.0
2008-08-28T14:06:43,MILLENNIUM,HUBBARD GLACIER,59.80693333,-139.70715,16,16.2,14.7,0,9189419.0,9HJF9,249055000,16.0
2008-08-28T14:05:49,MILLENNIUM,HUBBARD GLACIER,59.80328333,-139.7092833,17,16.2,15.2,0,9189419.0,9HJF9,249055000,16.0
2008-08-28T14:05:19,MILLENNIUM,HUBBARD GLACIER,59.80123333,-139.7104833,18,17.2,15.6,0,9189419.0,9HJF9,249055000,16.0
2008-08-28T14:03:49,MILLENNIUM,HUBBARD GLACIER,59.79486667,-139.7147667,23,21.6,16.7,0,9189419.0,9HJF9,249055000,16.0
2008-08-28T14:02:49,MILLENNIUM,HUBBARD GLACIER,59.79056667,-139.7184833,25,24.6,17.0,0,9189419.0,9HJF9,249055000,16.0
2008-08-28T14:02:31,MILLENNIUM,HUBBARD GLACIER,59.78936667,-139.71955,26,24.9,17.0,0,9189419.0,9HJF9,249055000,16.0
2008-08-28T14:02:25,MILLENNIUM,HUBBARD GLACIER,59.78885,-139.7200167,26,25.3,17.0,0,9189419.0,9HJF9,249055000,16.0
2008-08-28T14:01:48,MILLENNIUM,HUBBARD GLACIER,59.78628333,-139.72235,26,25.3,17.0,0,9189419.0,9HJF9,249055000,16.0
2008-08-28T14:01:44,MILLENNIUM,HUBBARD GLACIER,59.78593333,-139.7226667,25,24.3,17.0,0,9189419.0,9HJF9,249055000,16.0
2008-08-28T14:01:26,MILLENNIUM,HUBBARD GLACIER,59.78463333,-139.72385,25,24.3,17.1,0,9189419.0,9HJF9,249055000,16.0
2008-08-28T13:59:25,MILLENNIUM,HUBBARD GLACIER,59.77608333,-139.73175,25,24.6,17.1,0,9189419.0,9HJF9,249055000,16.0
2008-08-28T13:59:19,MILLENNIUM,HUBBARD GLACIER,59.77565,-139.73215,25,24.6,17.1,0,9189419.0,9HJF9,249055000,16.0
2008-08-28T13:59:02,MILLENNIUM,HUBBARD GLACIER,59.77436667,-139.73335,25,24.6,17.1,0,9189419.0,9HJF9,249055000,16.0
2008-08-28T13:58:43,MILLENNIUM,HUBBARD GLACIER,59.77298333,-139.7346,25,24.3,17.1,0,9189419.0,9HJF9,249055000,16.0
2008-08-28T13:58:25,MILLENNIUM,HUBBARD GLACIER,59.7717,-139.7357833,25,25.3,17.0,0,9189419.0,9HJF9,249055000,16.0
2008-08-28T13:58:19,MILLENNIUM,HUBBARD GLACIER,59.77126667,-139.7361833,25,24.6,17.1,0,9189419.0,9HJF9,249055000,16.0
2008-08-28T13:58:13,MILLENNIUM,HUBBARD GLACIER,59.77093333,-139.7365,25,25.3,17.1,0,9189419.0,9HJF9,249055000,16.0
2008-08-28T13:58:07,MILLENNIUM,HUBBARD GLACIER,59.7705,-139.7369167,25,26.0,17.0,0,9189419.0,9HJF9,249055000,16.0
2008-08-28T13:58:02,MILLENNIUM,HUBBARD GLACIER,59.77008333,-139.7373333,25,24.6,17.0,0,9189419.0,9HJF9,249055000,16.0
2008-08-28T13:57:54,MILLENNIUM,HUBBARD GLACIER,59.76955,-139.7378167,25,26.0,17.0,0,9189419.0,9HJF9,249055000,16.0
2008-08-28T13:57:50,MILLENNIUM,HUBBARD GLACIER,59.76921667,-139.73815,25,26.6,17.0,0,9189419.0,9HJF9,249055000,16.0
2008-08-28T13:57:43,MILLENNIUM,HUBBARD GLACIER,59.7688,-139.7385667,25,25.3,17.0,0,9189419.0,9HJF9,249055000,16.0
2008-08-28T13:57:37,MILLENNIUM,HUBBARD GLACIER,59.76836667,-139.7389667,25,25.6,17.0,0,9189419.0,9HJF9,249055000,16.0
2008-08-28T13:57:31,MILLENNIUM,HUBBARD GLACIER,59.76795,-139.7393833,25,26.6,17.0,0,9189419.0,9HJF9,249055000,16.0
2008-08-28T13:57:25,MILLENNIUM,HUBBARD GLACIER,59.76751667,-139.7397833,25,25.3,17.0,0,9189419.0,9HJF9,249055000,16.0
2008-08-28T13:57:19,MILLENNIUM,HUBBARD GLACIER,59.7671,-139.7402,25,25.6,17.0,0,9189419.0,9HJF9,249055000,16.0
2008-08-28T13:57:14,MILLENNIUM,HUBBARD GLACIER,59.76676667,-139.7405167,25,26.0,17.0,0,9189419.0,9HJF9,249055000,16.0
2008-08-28T13:57:07,MILLENNIUM,HUBBARD GLACIER,59.76625,-139.7410167,26,26.0,17.0,0,9189419.0,9HJF9,249055000,16.0
2008-08-28T13:57:02,MILLENNIUM,HUBBARD GLACIER,59.76583333,-139.7414333,26,26.6,17.0,0,9189419.0,9HJF9,249055000,16.0
2008-08-28T13:56:54,MILLENNIUM,HUBBARD GLACIER,59.76541667,-139.7418667,26,26.3,17.0,0,9189419.0,9HJF9,249055000,16.0
2008-08-28T13:56:49,MILLENNIUM,HUBBARD GLACIER,59.76498333,-139.7422667,27,27.0,17.0,0,9189419.0,9HJF9,249055000,16.0
2008-08-28T13:56:43,MILLENNIUM,HUBBARD GLACIER,59.76448333,-139.7427833,27,27.6,17.0,0,9189419.0,9HJF9,249055000,16.0
2008-08-28T13:56:37,MILLENNIUM,HUBBARD GLACIER,59.76415,-139.7431333,27,27.0,17.0,0,9189419.0,9HJF9,249055000,16.0
2008-08-28T13:56:32,MILLENNIUM,HUBBARD GLACIER,59.76373333,-139.74355,27,27.0,17.0,0,9189419.0,9HJF9,249055000,16.0
2008-08-28T13:56:25,MILLENNIUM,HUBBARD GLACIER,59.76331667,-139.7439833,27,27.3,17.0,0,9189419.0,9HJF9,249055000,16.0
2008-08-28T13:56:19,MILLENNIUM,HUBBARD GLACIER,59.7629,-139.7444,27,27.3,16.9,0,9189419.0,9HJF9,249055000,16.0
2008-08-28T13:56:14,MILLENNIUM,HUBBARD GLACIER,59.76246667,-139.7448167,27,27.6,17.0,0,9189419.0,9HJF9,249055000,16.0
2008-08-28T13:56:07,MILLENNIUM,HUBBARD GLACIER,59.76205,-139.7452333,27,27.0,17.0,0,9189419.0,9HJF9,249055000,16.0
2008-08-28T13:56:02,MILLENNIUM,HUBBARD GLACIER,59.76171667,-139.7455667,27,27.6,17.0,0,9189419.0,9HJF9,249055000,16.0
2008-08-28T13:55:55,MILLENNIUM,HUBBARD GLACIER,59.76121667,-139.7461,27,27.6,17.0,0,9189419.0,9HJF9,249055000,16.0
2008-08-28T13:55:49,MILLENNIUM,HUBBARD GLACIER,59.7608,-139.7465167,27,27.3,16.9,0,9189419.0,9HJF9,249055000,16.0
2008-08-28T13:55:43,MILLENNIUM,HUBBARD GLACIER,59.76038333,-139.74695,0,0.0,0.0,0,9189419.0,9HJF9,249055000,16.0
2008-08-28T13:55:43,MILLENNIUM,HUBBARD GLACIER,59.76038333,-139.74695,27,28.0,16.9,0,9189419.0,9HJF9,249055000,16.0
2008-08-28T13:55:37,MILLENNIUM,HUBBARD GLACIER,59.75996667,-139.7473833,27,27.3,16.9,0,9189419.0,9HJF9,249055000,16.0
2008-08-28T13:55:31,MILLENNIUM,HUBBARD GLACIER,59.75955,-139.7478167,27,27.6,16.9,0,9189419.0,9HJF9,249055000,16.0
2008-08-28T13:55:25,MILLENNIUM,HUBBARD GLACIER,59.75921667,-139.7481667,27,27.6,16.9,0,9189419.0,9HJF9,249055000,16.0
2008-08-28T13:55:19,MILLENNIUM,HUBBARD GLACIER,59.75871667,-139.7486833,27,27.3,16.9,0,9189419.0,9HJF9,249055000,16.0
2008-08-28T13:55:14,MILLENNIUM,HUBBARD GLACIER,59.75838333,-139.7490333,27,27.6,16.9,0,9189419.0,9HJF9,249055000,16.0
2008-08-28T13:55:07,MILLENNIUM,HUBBARD GLACIER,59.75788333,-139.7495333,27,27.0,16.9,0,9189419.0,9HJF9,249055000,16.0
2008-08-28T13:55:02,MILLENNIUM,HUBBARD GLACIER,59.75746667,-139.7499667,27,27.0,16.9,0,9189419.0,9HJF9,249055000,16.0
2008-08-28T13:54:55,MILLENNIUM,HUBBARD GLACIER,59.75706667,-139.7504,27,27.3,16.9,0,9189419.0,9HJF9,249055000,16.0
2008-08-28T13:54:49,MILLENNIUM,HUBBARD GLACIER,59.75665,-139.7508833,27,27.6,16.9,0,9189419.0,9HJF9,249055000,16.0
2008-08-28T13:54:42,MILLENNIUM,HUBBARD GLACIER,59.75616667,-139.7514167,27,26.6,16.8,0,9189419.0,9HJF9,249055000,16.0
2008-08-28T13:54:37,MILLENNIUM,HUBBARD GLACIER,59.75583333,-139.75175,27,27.3,16.9,0,9189419.0,9HJF9,249055000,16.0
2008-08-28T13:54:31,MILLENNIUM,HUBBARD GLACIER,59.7554,-139.7521667,27,28.0,16.9,0,9189419.0,9HJF9,249055000,16.0
2008-08-28T13:54:25,MILLENNIUM,HUBBARD GLACIER,59.755,-139.7526,27,27.3,16.9,0,9189419.0,9HJF9,249055000,16.0
2008-08-28T13:54:19,MILLENNIUM,HUBBARD GLACIER,59.75456667,-139.753,27,27.0,16.8,0,9189419.0,9HJF9,249055000,16.0
2008-08-28T13:54:13,MILLENNIUM,HUBBARD GLACIER,59.75423333,-139.7533333,27,27.6,16.8,0,9189419.0,9HJF9,249055000,16.0
2008-08-28T13:54:02,MILLENNIUM,HUBBARD GLACIER,59.75341667,-139.7542,27,25.9,16.8,0,9189419.0,9HJF9,249055000,16.0
2008-08-28T13:53:55,MILLENNIUM,HUBBARD GLACIER,59.7529,-139.7547,27,26.3,16.9,0,9189419.0,9HJF9,249055000,16.0
2008-08-28T13:53:49,MILLENNIUM,HUBBARD GLACIER,59.7525,-139.7551333,27,26.3,16.9,0,9189419.0,9HJF9,249055000,16.0
2008-08-28T13:53:42,MILLENNIUM,HUBBARD GLACIER,59.75208333,-139.75555,27,25.9,16.9,0,9189419.0,9HJF9,249055000,16.0
2008-08-28T13:53:38,MILLENNIUM,HUBBARD GLACIER,59.75166667,-139.7559667,28,28.0,16.8,0,9189419.0,9HJF9,249055000,16.0
2008-08-28T13:53:31,MILLENNIUM,HUBBARD GLACIER,59.75135,-139.7563167,27,27.0,16.8,0,9189419.0,9HJF9,249055000,16.0
2008-08-28T13:53:25,MILLENNIUM,HUBBARD GLACIER,59.75093333,-139.7567667,27,26.6,16.8,0,9189419.0,9HJF9,249055000,16.0
2008-08-28T13:53:19,MILLENNIUM,HUBBARD GLACIER,59.75041667,-139.7572833,27,27.0,16.8,0,9189419.0,9HJF9,249055000,16.0
2008-08-28T13:53:13,MILLENNIUM,HUBBARD GLACIER,59.7501,-139.7575833,27,27.3,16.8,0,9189419.0,9HJF9,249055000,16.0
2008-08-28T13:53:07,MILLENNIUM,HUBBARD GLACIER,59.74966667,-139.758,27,27.3,16.8,0,9189419.0,9HJF9,249055000,16.0
2008-08-28T13:53:02,MILLENNIUM,HUBBARD GLACIER,59.74925,-139.7584167,27,26.6,16.8,0,9189419.0,9HJF9,249055000,16.0
2008-08-28T13:52:55,MILLENNIUM,HUBBARD GLACIER,59.74876667,-139.7589333,27,27.0,16.8,0,9189419.0,9HJF9,249055000,16.0
2008-08-28T13:52:49,MILLENNIUM,HUBBARD GLACIER,59.74835,-139.75935,27,27.0,16.8,0,9189419.0,9HJF9,249055000,16.0
2008-08-28T13:52:42,MILLENNIUM,HUBBARD GLACIER,59.74793333,-139.7597833,27,27.3,16.8,0,9189419.0,9HJF9,249055000,16.0
2008-08-28T13:52:38,MILLENNIUM,HUBBARD GLACIER,59.74751667,-139.7602,27,26.6,16.8,0,9189419.0,9HJF9,249055000,16.0
2008-08-28T13:52:31,MILLENNIUM,HUBBARD GLACIER,59.74708333,-139.7606333,27,27.6,16.8,0,9189419.0,9HJF9,249055000,16.0
2008-08-28T13:52:25,MILLENNIUM,HUBBARD GLACIER,59.7467,-139.7610833,27,27.6,16.8,0,9189419.0,9HJF9,249055000,16.0
2008-08-28T13:52:19,MILLENNIUM,HUBBARD GLACIER,59.7463,-139.7615333,28,28.0,16.8,0,9189419.0,9HJF9,249055000,16.0
2008-08-28T13:52:13,MILLENNIUM,HUBBARD GLACIER,59.74593333,-139.7619,28,28.3,16.8,0,9189419.0,9HJF9,249055000,16.0
2008-08-28T13:52:07,MILLENNIUM,HUBBARD GLACIER,59.74546667,-139.76245,28,28.0,16.8,0,9189419.0,9HJF9,249055000,16.0
2008-08-28T13:52:02,MILLENNIUM,HUBBARD GLACIER,59.7451,-139.7628,29,29.0,16.8,0,9189419.0,9HJF9,249055000,16.0
2008-08-28T13:51:56,MILLENNIUM,HUBBARD GLACIER,59.74463333,-139.7633333,30,30.6,16.8,0,9189419.0,9HJF9,249055000,16.0
2008-08-28T13:51:49,MILLENNIUM,HUBBARD GLACIER,59.74423333,-139.7638,30,30.0,16.8,0,9189419.0,9HJF9,249055000,16.0
2008-08-28T13:51:43,MILLENNIUM,HUBBARD GLACIER,59.74381667,-139.7642667,31,31.0,16.8,0,9189419.0,9HJF9,249055000,16.0
2008-08-28T13:51:38,MILLENNIUM,HUBBARD GLACIER,59.74348333,-139.7646167,31,31.3,16.8,0,9189419.0,9HJF9,249055000,16.0
2008-08-28T13:51:31,MILLENNIUM,HUBBARD GLACIER,59.74311667,-139.7651,31,32.0,16.8,0,9189419.0,9HJF9,249055000,16.0
2008-08-28T13:51:25,MILLENNIUM,HUBBARD GLACIER,59.74271667,-139.7656,32,32.3,16.8,0,9189419.0,9HJF9,249055000,16.0
2008-08-28T13:51:19,MILLENNIUM,HUBBARD GLACIER,59.74233333,-139.7661,33,33.3,16.8,0,9189419.0,9HJF9,249055000,16.0
2008-08-28T13:51:13,MILLENNIUM,HUBBARD GLACIER,59.74193333,-139.7666167,33,32.6,16.9,0,9189419.0,9HJF9,249055000,16.0
2008-08-28T13:51:07,MILLENNIUM,HUBBARD GLACIER,59.74155,-139.7671333,34,33.6,16.9,0,9189419.0,9HJF9,249055000,16.0
2008-08-28T13:51:01,MILLENNIUM,HUBBARD GLACIER,59.74116667,-139.7676833,34,34.6,16.8,0,9189419.0,9HJF9,249055000,16.0
2008-08-28T13:50:55,MILLENNIUM,HUBBARD GLACIER,59.74071667,-139.7683667,35,34.6,16.8,0,9189419.0,9HJF9,249055000,16.0
2008-08-28T13:50:49,MILLENNIUM,HUBBARD GLACIER,59.74031667,-139.7688833,35,34.9,16.9,0,9189419.0,9HJF9,249055000,16.0
2008-08-28T13:50:44,MILLENNIUM,HUBBARD GLACIER,59.73993333,-139.7694333,36,35.3,16.8,0,9189419.0,9HJF9,249055000,16.0
2008-08-28T13:50:39,MILLENNIUM,HUBBARD GLACIER,59.73963333,-139.7698833,36,36.0,16.8,0,9189419.0,9HJF9,249055000,16.0
2008-08-28T13:50:31,MILLENNIUM,HUBBARD GLACIER,59.73916667,-139.7705833,36,35.3,16.9,0,9189419.0,9HJF9,249055000,16.0
2008-08-28T13:50:26,MILLENNIUM,HUBBARD GLACIER,59.73886667,-139.7710333,36,35.3,16.9,0,9189419.0,9HJF9,249055000,16.0
2008-08-28T13:50:19,MILLENNIUM,HUBBARD GLACIER,59.73848333,-139.7716,36,35.6,16.9,0,9189419.0,9HJF9,249055000,16.0
2008-08-28T13:50:13,MILLENNIUM,HUBBARD GLACIER,59.73808333,-139.7721333,36,35.3,16.9,0,9189419.0,9HJF9,249055000,16.0
2008-08-28T13:50:07,MILLENNIUM,HUBBARD GLACIER,59.73766667,-139.7726167,36,35.6,16.9,0,9189419.0,9HJF9,249055000,16.0
2008-08-28T13:50:01,MILLENNIUM,HUBBARD GLACIER,59.7373,-139.7731167,36,35.6,16.8,0,9189419.0,9HJF9,249055000,16.0
2008-08-28T13:49:55,MILLENNIUM,HUBBARD GLACIER,59.73691667,-139.77365,36,36.0,16.9,0,9189419.0,9HJF9,249055000,16.0
2008-08-28T13:49:49,MILLENNIUM,HUBBARD GLACIER,59.73661667,-139.7740833,36,35.3,16.9,0,9189419.0,9HJF9,249055000,16.0
2008-08-28T13:49:43,MILLENNIUM,HUBBARD GLACIER,59.73623333,-139.7746167,36,34.9,16.9,0,9189419.0,9HJF9,249055000,16.0
2008-08-28T13:49:42,MILLENNIUM,HUBBARD GLACIER,59.73585,-139.7751833,0,0.0,0.0,0,9189419.0,9HJF9,249055000,16.0
2008-08-28T13:49:37,MILLENNIUM,HUBBARD GLACIER,59.73585,-139.7751833,36,34.9,16.9,0,9189419.0,9HJF9,249055000,16.0
2008-08-28T13:49:31,MILLENNIUM,HUBBARD GLACIER,59.73546667,-139.7757333,36,34.9,16.9,0,9189419.0,9HJF9,249055000,16.0
2008-08-28T13:49:25,MILLENNIUM,HUBBARD GLACIER,59.73508333,-139.7762,36,35.6,16.9,0,9189419.0,9HJF9,249055000,16.0
2008-08-28T13:49:19,MILLENNIUM,HUBBARD GLACIER,59.7347,-139.77675,36,35.3,16.9,0,9189419.0,9HJF9,249055000,16.0
2008-08-28T13:49:13,MILLENNIUM,HUBBARD GLACIER,59.7343,-139.7773667,36,35.3,17.0,0,9189419.0,9HJF9,249055000,16.0
2008-08-28T13:49:07,MILLENNIUM,HUBBARD GLACIER,59.73385,-139.77795,36,35.6,16.9,0,9189419.0,9HJF9,249055000,16.0
2008-08-28T13:49:01,MILLENNIUM,HUBBARD GLACIER,59.73346667,-139.7784833,36,35.3,16.9,0,9189419.0,9HJF9,249055000,16.0
2008-08-28T13:48:56,MILLENNIUM,HUBBARD GLACIER,59.7331,-139.779,36,35.6,16.9,0,9189419.0,9HJF9,249055000,16.0
2008-08-28T13:48:49,MILLENNIUM,HUBBARD GLACIER,59.73265,-139.7796667,36,35.6,16.9,0,9189419.0,9HJF9,249055000,16.0
2008-08-28T13:48:43,MILLENNIUM,HUBBARD GLACIER,59.73231667,-139.7802167,36,35.6,16.9,0,9189419.0,9HJF9,249055000,16.0
2008-08-28T13:48:37,MILLENNIUM,HUBBARD GLACIER,59.73201667,-139.7805167,36,35.3,16.9,0,9189419.0,9HJF9,249055000,16.0
2008-08-28T13:48:31,MILLENNIUM,HUBBARD GLACIER,59.7315,-139.78125,36,35.6,16.9,0,9189419.0,9HJF9,249055000,16.0
2008-08-28T13:48:25,MILLENNIUM,HUBBARD GLACIER,59.73115,-139.7818,36,36.0,16.9,0,9189419.0,9HJF9,249055000,16.0
2008-08-28T13:48:19,MILLENNIUM,HUBBARD GLACIER,59.73088333,-139.78215,36,35.6,16.9,0,9189419.0,9HJF9,249055000,16.0
2008-08-28T13:48:13,MILLENNIUM,HUBBARD GLACIER,59.7305,-139.7826833,36,35.6,16.9,0,9189419.0,9HJF9,249055000,16.0
2008-08-28T13:48:07,MILLENNIUM,HUBBARD GLACIER,59.7301,-139.7832333,36,36.0,16.9,0,9189419.0,9HJF9,249055000,16.0
2008-08-28T13:48:01,MILLENNIUM,HUBBARD GLACIER,59.72971667,-139.7837667,36,35.3,16.9,0,9189419.0,9HJF9,249055000,16.0
2008-08-28T13:47:55,MILLENNIUM,HUBBARD GLACIER,59.72935,-139.7843,36,35.6,16.9,0,9189419.0,9HJF9,249055000,16.0
2008-08-28T13:47:49,MILLENNIUM,HUBBARD GLACIER,59.72896667,-139.78485,36,36.0,16.9,0,9189419.0,9HJF9,249055000,16.0
2008-08-28T13:47:43,MILLENNIUM,HUBBARD GLACIER,59.72858333,-139.7854,36,35.3,17.0,0,9189419.0,9HJF9,249055000,16.0
2008-08-28T13:47:37,MILLENNIUM,HUBBARD GLACIER,59.72821667,-139.7859333,36,35.6,16.9,0,9189419.0,9HJF9,249055000,16.0
2008-08-28T13:47:31,MILLENNIUM,HUBBARD GLACIER,59.72785,-139.7864833,36,36.3,16.9,0,9189419.0,9HJF9,249055000,16.0
2008-08-28T13:47:25,MILLENNIUM,HUBBARD GLACIER,59.72738333,-139.7871667,36,36.0,16.9,0,9189419.0,9HJF9,249055000,16.0
2008-08-28T13:47:20,MILLENNIUM,HUBBARD GLACIER,59.727,-139.7877,36,35.6,16.9,0,9189419.0,9HJF9,249055000,16.0
2008-08-28T13:47:13,MILLENNIUM,HUBBARD GLACIER,59.7267,-139.7881333,36,35.6,16.9,0,9189419.0,9HJF9,249055000,16.0
2008-08-28T13:47:07,MILLENNIUM,HUBBARD GLACIER,59.72631667,-139.7886833,36,36.3,16.9,0,9189419.0,9HJF9,249055000,16.0
2008-08-28T13:47:01,MILLENNIUM,HUBBARD GLACIER,59.72586667,-139.7893333,36,35.3,16.9,0,9189419.0,9HJF9,249055000,16.0
2008-08-28T13:46:55,MILLENNIUM,HUBBARD GLACIER,59.72548333,-139.7898667,36,35.3,16.9,0,9189419.0,9HJF9,249055000,16.0
2008-08-28T13:46:50,MILLENNIUM,HUBBARD GLACIER,59.7251,-139.7904167,36,36.0,16.9,0,9189419.0,9HJF9,249055000,16.0
2008-08-28T13:46:43,MILLENNIUM,HUBBARD GLACIER,59.7248,-139.79085,36,36.0,17.0,0,9189419.0,9HJF9,249055000,16.0
2008-08-28T13:46:37,MILLENNIUM,HUBBARD GLACIER,59.7244,-139.7914,36,35.3,16.9,0,9189419.0,9HJF9,249055000,16.0
2008-08-28T13:46:31,MILLENNIUM,HUBBARD GLACIER,59.72396667,-139.79205,36,35.6,16.9,0,9189419.0,9HJF9,249055000,16.0
2008-08-28T13:46:25,MILLENNIUM,HUBBARD GLACIER,59.72363333,-139.7924833,36,36.3,17.0,0,9189419.0,9HJF9,249055000,16.0
2008-08-28T13:46:18,MILLENNIUM,HUBBARD GLACIER,59.72318333,-139.79315,36,35.6,16.9,0,9189419.0,9HJF9,249055000,16.0
2008-08-28T13:46:13,MILLENNIUM,HUBBARD GLACIER,59.72288333,-139.7935667,36,34.9,16.9,0,9189419.0,9HJF9,249055000,16.0
2008-08-28T13:46:07,MILLENNIUM,HUBBARD GLACIER,59.7225,-139.7941,36,36.0,16.9,0,9189419.0,9HJF9,249055000,16.0
2008-08-28T13:46:01,MILLENNIUM,HUBBARD GLACIER,59.72211667,-139.79465,36,36.3,17.0,0,9189419.0,9HJF9,249055000,16.0
2008-08-28T13:45:55,MILLENNIUM,HUBBARD GLACIER,59.72173333,-139.7952,36,35.3,16.9,0,9189419.0,9HJF9,249055000,16.0
2008-08-28T13:45:49,MILLENNIUM,HUBBARD GLACIER,59.72135,-139.79575,36,34.9,16.9,0,9189419.0,9HJF9,249055000,16.0
2008-08-28T13:45:44,MILLENNIUM,HUBBARD GLACIER,59.72096667,-139.7962833,36,36.0,16.9,0,9189419.0,9HJF9,249055000,16.0
2008-08-28T13:45:31,MILLENNIUM,HUBBARD GLACIER,59.72021667,-139.7973833,36,34.9,16.9,0,9189419.0,9HJF9,249055000,16.0
2008-08-28T13:45:25,MILLENNIUM,HUBBARD GLACIER,59.71981667,-139.7979,36,35.6,16.9,0,9189419.0,9HJF9,249055000,16.0
2008-08-28T13:45:18,MILLENNIUM,HUBBARD GLACIER,59.71936667,-139.7985833,36,36.0,17.0,0,9189419.0,9HJF9,249055000,16.0
2008-08-28T13:45:13,MILLENNIUM,HUBBARD GLACIER,59.71906667,-139.7990167,36,35.6,16.9,0,9189419.0,9HJF9,249055000,16.0
2008-08-28T13:45:07,MILLENNIUM,HUBBARD GLACIER,59.71868333,-139.7995667,36,34.9,16.9,0,9189419.0,9HJF9,249055000,16.0
2008-08-28T13:45:01,MILLENNIUM,HUBBARD GLACIER,59.7183,-139.8001,37,37.0,16.9,0,9189419.0,9HJF9,249055000,16.0
2008-08-28T13:44:56,MILLENNIUM,HUBBARD GLACIER,59.71783333,-139.8007333,36,35.6,16.9,0,9189419.0,9HJF9,249055000,16.0
2008-08-28T13:44:49,MILLENNIUM,HUBBARD GLACIER,59.71746667,-139.8012667,36,34.9,16.9,0,9189419.0,9HJF9,249055000,16.0
2008-08-28T13:44:44,MILLENNIUM,HUBBARD GLACIER,59.71716667,-139.8017,36,36.3,16.9,0,9189419.0,9HJF9,249055000,16.0
2008-08-28T13:44:37,MILLENNIUM,HUBBARD GLACIER,59.71678333,-139.80225,36,35.6,16.9,0,9189419.0,9HJF9,249055000,16.0
2008-08-28T13:44:31,MILLENNIUM,HUBBARD GLACIER,59.7164,-139.8028,36,34.9,17.0,0,9189419.0,9HJF9,249055000,16.0
2008-08-28T13:44:25,MILLENNIUM,HUBBARD GLACIER,59.71601667,-139.8033333,36,36.3,17.0,0,9189419.0,9HJF9,249055000,16.0
2008-08-28T13:44:18,MILLENNIUM,HUBBARD GLACIER,59.71558333,-139.804,36,35.3,16.9,0,9189419.0,9HJF9,249055000,16.0
2008-08-28T13:44:13,MILLENNIUM,HUBBARD GLACIER,59.71526667,-139.8044167,36,36.0,16.9,0,9189419.0,9HJF9,249055000,16.0
2008-08-28T13:44:07,MILLENNIUM,HUBBARD GLACIER,59.71488333,-139.8049667,36,35.6,16.9,0,9189419.0,9HJF9,249055000,16.0
2008-08-28T13:44:01,MILLENNIUM,HUBBARD GLACIER,59.7145,-139.8055167,36,35.3,16.9,0,9189419.0,9HJF9,249055000,16.0
2008-08-28T13:43:55,MILLENNIUM,HUBBARD GLACIER,59.71411667,-139.80605,36,36.0,16.9,0,9189419.0,9HJF9,249055000,16.0
2008-08-28T13:43:49,MILLENNIUM,HUBBARD GLACIER,59.71368333,-139.8067167,36,35.3,16.9,0,9189419.0,9HJF9,249055000,16.0
2008-08-28T13:43:43,MILLENNIUM,HUBBARD GLACIER,59.71335,-139.80715,36,34.9,16.9,0,9189419.0,9HJF9,249055000,16.0
2008-08-28T13:43:41,MILLENNIUM,HUBBARD GLACIER,59.71296667,-139.8076833,0,0.0,0.0,0,9189419.0,9HJF9,249055000,16.0
2008-08-28T13:43:37,MILLENNIUM,HUBBARD GLACIER,59.71296667,-139.8076833,36,35.6,16.9,0,9189419.0,9HJF9,249055000,16.0
2008-08-28T13:43:31,MILLENNIUM,HUBBARD GLACIER,59.7125,-139.80835,37,36.3,17.0,0,9189419.0,9HJF9,249055000,16.0
2008-08-28T13:43:25,MILLENNIUM,HUBBARD GLACIER,59.7122,-139.8087833,37,36.6,16.9,0,9189419.0,9HJF9,249055000,16.0
2008-08-28T13:43:18,MILLENNIUM,HUBBARD GLACIER,59.71175,-139.80945,37,35.6,16.9,0,9189419.0,9HJF9,249055000,16.0
2008-08-28T13:43:13,MILLENNIUM,HUBBARD GLACIER,59.71145,-139.8099,37,36.3,16.9,0,9189419.0,9HJF9,249055000,16.0
2008-08-28T13:43:07,MILLENNIUM,HUBBARD GLACIER,59.71106667,-139.8104667,36,36.3,17.0,0,9189419.0,9HJF9,249055000,16.0
2008-08-28T13:43:01,MILLENNIUM,HUBBARD GLACIER,59.7107,-139.8110167,36,35.6,17.0,0,9189419.0,9HJF9,249055000,16.0
2008-08-28T13:42:55,MILLENNIUM,HUBBARD GLACIER,59.71031667,-139.81155,36,36.0,16.9,0,9189419.0,9HJF9,249055000,16.0
2008-08-28T13:42:49,MILLENNIUM,HUBBARD GLACIER,59.70995,-139.8121,36,36.6,17.0,0,9189419.0,9HJF9,249055000,16.0
2008-08-28T13:42:43,MILLENNIUM,HUBBARD GLACIER,59.70956667,-139.81265,36,35.3,17.0,0,9189419.0,9HJF9,249055000,16.0
2008-08-28T13:42:37,MILLENNIUM,HUBBARD GLACIER,59.70918333,-139.8131833,36,36.6,17.0,0,9189419.0,9HJF9,249055000,16.0
2008-08-28T13:42:31,MILLENNIUM,HUBBARD GLACIER,59.7088,-139.81375,36,36.0,17.0,0,9189419.0,9HJF9,249055000,16.0
2008-08-28T13:42:25,MILLENNIUM,HUBBARD GLACIER,59.70841667,-139.8142833,36,35.6,17.0,0,9189419.0,9HJF9,249055000,16.0
2008-08-28T13:42:18,MILLENNIUM,HUBBARD GLACIER,59.70803333,-139.8148333,36,36.0,17.1,0,9189419.0,9HJF9,249055000,16.0
2008-08-28T13:42:15,MILLENNIUM,HUBBARD GLACIER,59.70765,-139.8153833,36,36.0,17.0,0,9189419.0,9HJF9,249055000,16.0
2008-08-28T13:42:07,MILLENNIUM,HUBBARD GLACIER,59.70726667,-139.8159333,36,36.0,17.0,0,9189419.0,9HJF9,249055000,16.0
2008-08-28T13:42:01,MILLENNIUM,HUBBARD GLACIER,59.70681667,-139.8165833,36,36.0,17.0,0,9189419.0,9HJF9,249055000,16.0
2008-08-28T13:41:55,MILLENNIUM,HUBBARD GLACIER,59.70651667,-139.8170333,36,36.0,17.0,0,9189419.0,9HJF9,249055000,16.0
2008-08-28T13:41:49,MILLENNIUM,HUBBARD GLACIER,59.70605,-139.8176833,36,35.6,17.0,0,9189419.0,9HJF9,249055000,16.0
2008-08-28T13:41:43,MILLENNIUM,HUBBARD GLACIER,59.70575,-139.8181333,36,36.3,17.0,0,9189419.0,9HJF9,249055000,16.0
2008-08-28T13:41:37,MILLENNIUM,HUBBARD GLACIER,59.70535,-139.8187,36,35.6,17.0,0,9189419.0,9HJF9,249055000,16.0
2008-08-28T13:41:31,MILLENNIUM,HUBBARD GLACIER,59.70488333,-139.81935,36,35.6,17.0,0,9189419.0,9HJF9,249055000,16.0
2008-08-28T13:41:25,MILLENNIUM,HUBBARD GLACIER,59.70458333,-139.8198,36,36.6,17.0,0,9189419.0,9HJF9,249055000,16.0
2008-08-28T13:41:19,MILLENNIUM,HUBBARD GLACIER,59.70413333,-139.8204667,36,35.6,17.1,0,9189419.0,9HJF9,249055000,16.0
2008-08-28T13:41:13,MILLENNIUM,HUBBARD GLACIER,59.70383333,-139.8209,36,35.6,17.0,0,9189419.0,9HJF9,249055000,16.0
2008-08-28T13:41:07,MILLENNIUM,HUBBARD GLACIER,59.70345,-139.8214667,36,36.3,17.0,0,9189419.0,9HJF9,249055000,16.0
2008-08-28T13:41:01,MILLENNIUM,HUBBARD GLACIER,59.70308333,-139.8220167,36,35.6,17.0,0,9189419.0,9HJF9,249055000,16.0
2008-08-28T13:40:55,MILLENNIUM,HUBBARD GLACIER,59.7027,-139.82255,36,36.0,17.0,0,9189419.0,9HJF9,249055000,16.0
2008-08-28T13:40:49,MILLENNIUM,HUBBARD GLACIER,59.70231667,-139.8231,36,36.3,17.0,0,9189419.0,9HJF9,249055000,16.0
2008-08-28T13:40:45,MILLENNIUM,HUBBARD GLACIER,59.70193333,-139.82365,36,36.0,17.0,0,9189419.0,9HJF9,249055000,16.0
2008-08-28T13:40:37,MILLENNIUM,HUBBARD GLACIER,59.70155,-139.8242,36,35.6,17.1,0,9189419.0,9HJF9,249055000,16.0
2008-08-28T13:40:31,MILLENNIUM,HUBBARD GLACIER,59.70116667,-139.82475,36,36.0,17.1,0,9189419.0,9HJF9,249055000,16.0
2008-08-28T13:40:19,MILLENNIUM,HUBBARD GLACIER,59.7004,-139.82585,36,35.6,17.1,0,9189419.0,9HJF9,249055000,16.0
2008-08-28T13:40:13,MILLENNIUM,HUBBARD GLACIER,59.70001667,-139.8264,36,35.3,17.1,0,9189419.0,9HJF9,249055000,16.0
2008-08-28T13:40:07,MILLENNIUM,HUBBARD GLACIER,59.69963333,-139.82695,36,36.3,17.1,0,9189419.0,9HJF9,249055000,16.0
2008-08-28T13:40:01,MILLENNIUM,HUBBARD GLACIER,59.69926667,-139.8275167,36,36.6,17.1,0,9189419.0,9HJF9,249055000,16.0
2008-08-28T13:39:55,MILLENNIUM,HUBBARD GLACIER,59.69888333,-139.8280667,36,35.3,17.1,0,9189419.0,9HJF9,249055000,16.0
2008-08-28T13:39:49,MILLENNIUM,HUBBARD GLACIER,59.69841667,-139.8287167,36,36.3,17.1,0,9189419.0,9HJF9,249055000,16.0
2008-08-28T13:39:43,MILLENNIUM,HUBBARD GLACIER,59.69811667,-139.8291667,36,36.3,17.1,0,9189419.0,9HJF9,249055000,16.0
2008-08-28T13:39:37,MILLENNIUM,HUBBARD GLACIER,59.69773333,-139.8297167,36,35.6,17.0,0,9189419.0,9HJF9,249055000,16.0
2008-08-28T13:39:31,MILLENNIUM,HUBBARD GLACIER,59.69726667,-139.8303667,36,35.6,17.1,0,9189419.0,9HJF9,249055000,16.0
2008-08-28T13:39:24,MILLENNIUM,HUBBARD GLACIER,59.69686667,-139.8309167,36,36.3,17.1,0,9189419.0,9HJF9,249055000,16.0
2008-08-28T13:39:19,MILLENNIUM,HUBBARD GLACIER,59.69658333,-139.8313833,36,36.0,17.1,0,9189419.0,9HJF9,249055000,16.0
2008-08-28T13:39:13,MILLENNIUM,HUBBARD GLACIER,59.6962,-139.8319167,36,36.0,17.1,0,9189419.0,9HJF9,249055000,16.0
2008-08-28T13:39:08,MILLENNIUM,HUBBARD GLACIER,59.69581667,-139.8324667,36,36.3,17.1,0,9189419.0,9HJF9,249055000,16.0
2008-08-28T13:39:01,MILLENNIUM,HUBBARD GLACIER,59.69551667,-139.8329333,36,35.6,17.1,0,9189419.0,9HJF9,249055000,16.0
2008-08-28T13:38:55,MILLENNIUM,HUBBARD GLACIER,59.69513333,-139.8334667,36,36.3,17.1,0,9189419.0,9HJF9,249055000,16.0
2008-08-28T13:38:49,MILLENNIUM,HUBBARD GLACIER,59.69466667,-139.8341333,36,35.6,17.1,0,9189419.0,9HJF9,249055000,16.0
2008-08-28T13:38:43,MILLENNIUM,HUBBARD GLACIER,59.69436667,-139.8345667,36,36.6,17.2,0,9189419.0,9HJF9,249055000,16.0
2008-08-28T13:38:37,MILLENNIUM,HUBBARD GLACIER,59.6939,-139.8352333,36,36.6,17.2,0,9189419.0,9HJF9,249055000,16.0
2008-08-28T13:38:31,MILLENNIUM,HUBBARD GLACIER,59.69351667,-139.8358333,36,35.3,17.2,0,9189419.0,9HJF9,249055000,16.0
2008-08-28T13:38:25,MILLENNIUM,HUBBARD GLACIER,59.69313333,-139.8363667,36,36.0,17.2,0,9189419.0,9HJF9,249055000,16.0
2008-08-28T13:38:19,MILLENNIUM,HUBBARD GLACIER,59.69275,-139.8369167,36,36.3,17.2,0,9189419.0,9HJF9,249055000,16.0
2008-08-28T13:38:14,MILLENNIUM,HUBBARD GLACIER,59.69236667,-139.8374667,36,35.3,17.1,0,9189419.0,9HJF9,249055000,16.0
2008-08-28T13:38:07,MILLENNIUM,HUBBARD GLACIER,59.69198333,-139.8380167,36,36.3,17.1,0,9189419.0,9HJF9,249055000,16.0
2008-08-28T13:38:02,MILLENNIUM,HUBBARD GLACIER,59.6916,-139.8386,36,35.6,17.2,0,9189419.0,9HJF9,249055000,16.0
2008-08-28T13:37:55,MILLENNIUM,HUBBARD GLACIER,59.69121667,-139.83915,36,36.0,17.2,0,9189419.0,9HJF9,249055000,16.0
2008-08-28T13:37:50,MILLENNIUM,HUBBARD GLACIER,59.69076667,-139.8398167,36,36.0,17.1,0,9189419.0,9HJF9,249055000,16.0
2008-08-28T13:37:43,MILLENNIUM,HUBBARD GLACIER,59.69045,-139.8402667,36,36.0,17.2,0,9189419.0,9HJF9,249055000,16.0
2008-08-28T13:37:41,MILLENNIUM,HUBBARD GLACIER,59.69008333,-139.8408167,0,0.0,0.0,0,9189419.0,9HJF9,249055000,16.0
2008-08-28T13:37:37,MILLENNIUM,HUBBARD GLACIER,59.69008333,-139.8408167,36,36.3,17.2,0,9189419.0,9HJF9,249055000,16.0
2008-08-28T13:37:31,MILLENNIUM,HUBBARD GLACIER,59.6896,-139.8414833,36,36.3,17.1,0,9189419.0,9HJF9,249055000,16.0
2008-08-28T13:37:25,MILLENNIUM,HUBBARD GLACIER,59.6893,-139.8419333,36,36.3,17.2,0,9189419.0,9HJF9,249055000,16.0
2008-08-28T13:37:19,MILLENNIUM,HUBBARD GLACIER,59.68891667,-139.8424833,36,36.0,17.2,0,9189419.0,9HJF9,249055000,16.0
2008-08-28T13:37:14,MILLENNIUM,HUBBARD GLACIER,59.68853333,-139.84305,36,36.6,17.2,0,9189419.0,9HJF9,249055000,16.0
2008-08-28T13:37:07,MILLENNIUM,HUBBARD GLACIER,59.68815,-139.8436,36,35.3,17.2,0,9189419.0,9HJF9,249055000,16.0
2008-08-28T13:36:55,MILLENNIUM,HUBBARD GLACIER,59.68746667,-139.8446,36,36.0,17.1,0,9189419.0,9HJF9,249055000,16.0
2008-08-28T13:36:49,MILLENNIUM,HUBBARD GLACIER,59.687,-139.8452667,36,35.6,17.2,0,9189419.0,9HJF9,249055000,16.0
2008-08-28T13:36:43,MILLENNIUM,HUBBARD GLACIER,59.6866,-139.8458167,36,36.0,17.2,0,9189419.0,9HJF9,249055000,16.0
2008-08-28T13:36:37,MILLENNIUM,HUBBARD GLACIER,59.68621667,-139.8463667,36,36.3,17.2,0,9189419.0,9HJF9,249055000,16.0
2008-08-28T13:36:31,MILLENNIUM,HUBBARD GLACIER,59.68585,-139.8469167,36,35.6,17.2,0,9189419.0,9HJF9,249055000,16.0
2008-08-28T13:36:25,MILLENNIUM,HUBBARD GLACIER,59.68538333,-139.8475833,36,36.3,17.2,0,9189419.0,9HJF9,249055000,16.0
2008-08-28T13:36:19,MILLENNIUM,HUBBARD GLACIER,59.685,-139.84815,36,36.3,17.2,0,9189419.0,9HJF9,249055000,16.0
2008-08-28T13:36:13,MILLENNIUM,HUBBARD GLACIER,59.68468333,-139.8486,36,35.6,17.2,0,9189419.0,9HJF9,249055000,16.0
2008-08-28T13:36:07,MILLENNIUM,HUBBARD GLACIER,59.6843,-139.8491333,36,36.3,17.2,0,9189419.0,9HJF9,249055000,16.0
2008-08-28T13:36:01,MILLENNIUM,HUBBARD GLACIER,59.68391667,-139.8497,36,36.0,17.2,0,9189419.0,9HJF9,249055000,16.0
2008-08-28T13:35:55,MILLENNIUM,HUBBARD GLACIER,59.68353333,-139.85025,36,35.6,17.2,0,9189419.0,9HJF9,249055000,16.0
2008-08-28T13:35:49,MILLENNIUM,HUBBARD GLACIER,59.68315,-139.8508,36,36.3,17.2,0,9189419.0,9HJF9,249055000,16.0
2008-08-28T13:35:44,MILLENNIUM,HUBBARD GLACIER,59.68278333,-139.8513667,36,36.0,17.2,0,9189419.0,9HJF9,249055000,16.0
2008-08-28T13:35:37,MILLENNIUM,HUBBARD GLACIER,59.6824,-139.8519167,36,35.6,17.2,0,9189419.0,9HJF9,249055000,16.0
2008-08-28T13:35:30,MILLENNIUM,HUBBARD GLACIER,59.682,-139.8524833,36,36.3,17.2,0,9189419.0,9HJF9,249055000,16.0
2008-08-28T13:35:25,MILLENNIUM,HUBBARD GLACIER,59.68161667,-139.8530333,36,36.3,17.2,0,9189419.0,9HJF9,249055000,16.0
2008-08-28T13:35:19,MILLENNIUM,HUBBARD GLACIER,59.68125,-139.8535833,36,36.0,17.2,0,9189419.0,9HJF9,249055000,16.0
2008-08-28T13:35:14,MILLENNIUM,HUBBARD GLACIER,59.68091667,-139.8540333,36,36.0,17.2,0,9189419.0,9HJF9,249055000,16.0
2008-08-28T13:35:07,MILLENNIUM,HUBBARD GLACIER,59.68046667,-139.8547,36,36.3,17.2,0,9189419.0,9HJF9,249055000,16.0
2008-08-28T13:35:01,MILLENNIUM,HUBBARD GLACIER,59.68008333,-139.8552667,36,36.0,17.2,0,9189419.0,9HJF9,249055000,16.0
2008-08-28T13:34:55,MILLENNIUM,HUBBARD GLACIER,59.6797,-139.8558333,36,35.6,17.2,0,9189419.0,9HJF9,249055000,16.0
2008-08-28T13:34:50,MILLENNIUM,HUBBARD GLACIER,59.67931667,-139.8563833,36,36.6,17.2,0,9189419.0,9HJF9,249055000,16.0
2008-08-28T13:34:43,MILLENNIUM,HUBBARD GLACIER,59.67891667,-139.85695,36,36.3,17.2,0,9189419.0,9HJF9,249055000,16.0
2008-08-28T13:34:37,MILLENNIUM,HUBBARD GLACIER,59.67851667,-139.8575,36,36.0,17.2,0,9189419.0,9HJF9,249055000,16.0
2008-08-28T13:34:31,MILLENNIUM,HUBBARD GLACIER,59.67806667,-139.85815,36,36.6,17.2,0,9189419.0,9HJF9,249055000,16.0
2008-08-28T13:34:26,MILLENNIUM,HUBBARD GLACIER,59.67775,-139.8586167,36,36.6,17.2,0,9189419.0,9HJF9,249055000,16.0
2008-08-28T13:34:19,MILLENNIUM,HUBBARD GLACIER,59.67736667,-139.8591667,36,35.6,17.2,0,9189419.0,9HJF9,249055000,16.0
2008-08-28T13:34:13,MILLENNIUM,HUBBARD GLACIER,59.67698333,-139.8597167,36,36.6,17.2,0,9189419.0,9HJF9,249055000,16.0
2008-08-28T13:34:07,MILLENNIUM,HUBBARD GLACIER,59.6766,-139.8602833,36,36.6,17.2,0,9189419.0,9HJF9,249055000,16.0
2008-08-28T13:33:55,MILLENNIUM,HUBBARD GLACIER,59.67583333,-139.8614,36,36.0,17.2,0,9189419.0,9HJF9,249055000,16.0
2008-08-28T13:33:50,MILLENNIUM,HUBBARD GLACIER,59.67545,-139.86195,36,36.3,17.2,0,9189419.0,9HJF9,249055000,16.0
2008-08-28T13:33:43,MILLENNIUM,HUBBARD GLACIER,59.67508333,-139.8625167,36,36.6,17.2,0,9189419.0,9HJF9,249055000,16.0
2008-08-28T13:33:37,MILLENNIUM,HUBBARD GLACIER,59.67476667,-139.8629667,36,35.6,17.2,0,9189419.0,9HJF9,249055000,16.0
2008-08-28T13:33:30,MILLENNIUM,HUBBARD GLACIER,59.67428333,-139.8636333,36,36.3,17.1,0,9189419.0,9HJF9,249055000,16.0
2008-08-28T13:33:26,MILLENNIUM,HUBBARD GLACIER,59.67398333,-139.8640833,36,36.6,17.1,0,9189419.0,9HJF9,249055000,16.0
2008-08-28T13:33:19,MILLENNIUM,HUBBARD GLACIER,59.67355,-139.86475,36,35.6,17.2,0,9189419.0,9HJF9,249055000,16.0
2008-08-28T13:33:13,MILLENNIUM,HUBBARD GLACIER,59.67318333,-139.8653,36,36.3,17.2,0,9189419.0,9HJF9,249055000,16.0
2008-08-28T13:33:07,MILLENNIUM,HUBBARD GLACIER,59.6728,-139.8658667,36,36.0,17.1,0,9189419.0,9HJF9,249055000,16.0
2008-08-28T13:33:01,MILLENNIUM,HUBBARD GLACIER,59.67241667,-139.8664167,36,36.0,17.1,0,9189419.0,9HJF9,249055000,16.0
2008-08-28T13:32:55,MILLENNIUM,HUBBARD GLACIER,59.67203333,-139.8669833,36,36.3,17.2,0,9189419.0,9HJF9,249055000,16.0
2008-08-28T13:32:49,MILLENNIUM,HUBBARD GLACIER,59.67165,-139.86755,36,36.0,17.2,0,9189419.0,9HJF9,249055000,16.0
2008-08-28T13:32:43,MILLENNIUM,HUBBARD GLACIER,59.67126667,-139.8681,36,35.6,17.1,0,9189419.0,9HJF9,249055000,16.0
2008-08-28T13:32:36,MILLENNIUM,HUBBARD GLACIER,59.67081667,-139.8687667,36,36.3,17.2,0,9189419.0,9HJF9,249055000,16.0
2008-08-28T13:32:31,MILLENNIUM,HUBBARD GLACIER,59.67043333,-139.8693333,36,36.6,17.2,0,9189419.0,9HJF9,249055000,16.0
2008-08-28T13:32:26,MILLENNIUM,HUBBARD GLACIER,59.67018333,-139.8696667,36,35.6,17.2,0,9189419.0,9HJF9,249055000,16.0
2008-08-28T13:32:18,MILLENNIUM,HUBBARD GLACIER,59.66973333,-139.8703333,36,36.3,17.1,0,9189419.0,9HJF9,249055000,16.0
2008-08-28T13:32:13,MILLENNIUM,HUBBARD GLACIER,59.66936667,-139.8708833,36,36.6,17.2,0,9189419.0,9HJF9,249055000,16.0
2008-08-28T13:32:07,MILLENNIUM,HUBBARD GLACIER,59.66896667,-139.87145,36,36.0,17.2,0,9189419.0,9HJF9,249055000,16.0
2008-08-28T13:32:01,MILLENNIUM,HUBBARD GLACIER,59.66858333,-139.8720167,36,36.3,17.2,0,9189419.0,9HJF9,249055000,16.0
2008-08-28T13:31:55,MILLENNIUM,HUBBARD GLACIER,59.66828333,-139.8724667,36,36.3,17.2,0,9189419.0,9HJF9,249055000,16.0
2008-08-28T13:31:49,MILLENNIUM,HUBBARD GLACIER,59.66781667,-139.8731333,36,36.0,17.2,0,9189419.0,9HJF9,249055000,16.0
2008-08-28T13:31:42,MILLENNIUM,HUBBARD GLACIER,59.66743333,-139.8737,36,36.6,17.1,0,9189419.0,9HJF9,249055000,16.0
2008-08-28T13:31:40,MILLENNIUM,HUBBARD GLACIER,59.66705,-139.87425,0,0.0,0.0,0,9189419.0,9HJF9,249055000,16.0
2008-08-28T13:31:37,MILLENNIUM,HUBBARD GLACIER,59.66705,-139.87425,36,36.0,17.1,0,9189419.0,9HJF9,249055000,16.0
2008-08-28T13:31:31,MILLENNIUM,HUBBARD GLACIER,59.66666667,-139.8748,36,36.3,17.2,0,9189419.0,9HJF9,249055000,16.0
2008-08-28T13:31:26,MILLENNIUM,HUBBARD GLACIER,59.66628333,-139.87535,36,36.3,17.1,0,9189419.0,9HJF9,249055000,16.0
2008-08-28T13:31:19,MILLENNIUM,HUBBARD GLACIER,59.6659,-139.8759167,36,35.6,17.1,0,9189419.0,9HJF9,249055000,16.0
2008-08-28T13:31:13,MILLENNIUM,HUBBARD GLACIER,59.66551667,-139.8764667,36,36.3,17.2,0,9189419.0,9HJF9,249055000,16.0
2008-08-28T13:31:07,MILLENNIUM,HUBBARD GLACIER,59.66513333,-139.8770333,36,36.0,17.1,0,9189419.0,9HJF9,249055000,16.0
2008-08-28T13:31:01,MILLENNIUM,HUBBARD GLACIER,59.66475,-139.8775667,35,34.6,17.1,0,9189419.0,9HJF9,249055000,16.0
2008-08-28T13:30:56,MILLENNIUM,HUBBARD GLACIER,59.66435,-139.8781,35,35.3,17.1,0,9189419.0,9HJF9,249055000,16.0
2008-08-28T13:30:49,MILLENNIUM,HUBBARD GLACIER,59.66396667,-139.8786333,35,34.6,17.2,0,9189419.0,9HJF9,249055000,16.0
2008-08-28T13:30:42,MILLENNIUM,HUBBARD GLACIER,59.66356667,-139.87915,34,34.0,17.1,0,9189419.0,9HJF9,249055000,16.0
2008-08-28T13:30:36,MILLENNIUM,HUBBARD GLACIER,59.66316667,-139.8796833,34,34.3,17.1,0,9189419.0,9HJF9,249055000,16.0
2008-08-28T13:30:31,MILLENNIUM,HUBBARD GLACIER,59.66285,-139.8800833,33,32.6,17.1,0,9189419.0,9HJF9,249055000,16.0
2008-08-28T13:30:26,MILLENNIUM,HUBBARD GLACIER,59.66245,-139.8806167,33,32.6,17.1,0,9189419.0,9HJF9,249055000,16.0
2008-08-28T13:30:19,MILLENNIUM,HUBBARD GLACIER,59.66196667,-139.8812167,32,31.6,17.1,0,9189419.0,9HJF9,249055000,16.0
2008-08-28T13:30:13,MILLENNIUM,HUBBARD GLACIER,59.66156667,-139.8817,32,32.0,17.1,0,9189419.0,9HJF9,249055000,16.0
2008-08-28T13:30:07,MILLENNIUM,HUBBARD GLACIER,59.66125,-139.8820833,31,31.0,17.2,0,9189419.0,9HJF9,249055000,16.0
2008-08-28T13:30:01,MILLENNIUM,HUBBARD GLACIER,59.66075,-139.8826833,30,29.6,17.2,0,9189419.0,9HJF9,249055000,16.0
2008-08-28T13:29:56,MILLENNIUM,HUBBARD GLACIER,59.6604,-139.88305,30,29.6,17.1,0,9189419.0,9HJF9,249055000,16.0
2008-08-28T13:29:49,MILLENNIUM,HUBBARD GLACIER,59.65991667,-139.8836167,29,28.6,17.1,0,9189419.0,9HJF9,249055000,16.0
2008-08-28T13:29:42,MILLENNIUM,HUBBARD GLACIER,59.65951667,-139.8840833,29,29.0,17.2,0,9189419.0,9HJF9,249055000,16.0
2008-08-28T13:29:36,MILLENNIUM,HUBBARD GLACIER,59.6591,-139.8845333,28,27.3,17.2,0,9189419.0,9HJF9,249055000,16.0
2008-08-28T13:29:31,MILLENNIUM,HUBBARD GLACIER,59.65868333,-139.8849667,28,26.3,17.1,0,9189419.0,9HJF9,249055000,16.0
2008-08-28T13:29:26,MILLENNIUM,HUBBARD GLACIER,59.65826667,-139.8854167,27,27.3,17.1,0,9189419.0,9HJF9,249055000,16.0
2008-08-28T13:29:18,MILLENNIUM,HUBBARD GLACIER,59.65785,-139.8858333,26,25.0,17.2,0,9189419.0,9HJF9,249055000,16.0
2008-08-28T13:29:13,MILLENNIUM,HUBBARD GLACIER,59.65743333,-139.8861833,26,26.0,17.2,0,9189419.0,9HJF9,249055000,16.0
2008-08-28T13:29:07,MILLENNIUM,HUBBARD GLACIER,59.65696667,-139.8865667,25,25.0,17.1,0,9189419.0,9HJF9,249055000,16.0
2008-08-28T13:29:01,MILLENNIUM,HUBBARD GLACIER,59.65655,-139.8869667,25,24.0,17.2,0,9189419.0,9HJF9,249055000,16.0
2008-08-28T13:28:54,MILLENNIUM,HUBBARD GLACIER,59.65611667,-139.88735,24,24.0,17.2,0,9189419.0,9HJF9,249055000,16.0
2008-08-28T13:28:49,MILLENNIUM,HUBBARD GLACIER,59.65565,-139.8877667,24,24.3,17.2,0,9189419.0,9HJF9,249055000,16.0
2008-08-28T13:28:43,MILLENNIUM,HUBBARD GLACIER,59.65521667,-139.8881333,23,23.6,17.2,0,9189419.0,9HJF9,249055000,16.0
2008-08-28T13:28:32,MILLENNIUM,HUBBARD GLACIER,59.65443333,-139.8887833,22,22.0,17.2,0,9189419.0,9HJF9,249055000,16.0
2008-08-28T13:28:25,MILLENNIUM,HUBBARD GLACIER,59.6539,-139.8892,22,22.6,17.2,0,9189419.0,9HJF9,249055000,16.0
2008-08-28T13:28:19,MILLENNIUM,HUBBARD GLACIER,59.65346667,-139.8895833,22,22.0,17.2,0,9189419.0,9HJF9,249055000,16.0
2008-08-28T13:28:14,MILLENNIUM,HUBBARD GLACIER,59.65301667,-139.88995,22,21.6,17.2,0,9189419.0,9HJF9,249055000,16.0
2008-08-28T13:28:08,MILLENNIUM,HUBBARD GLACIER,59.65265,-139.8902333,22,21.6,17.2,0,9189419.0,9HJF9,249055000,16.0
2008-08-28T13:28:01,MILLENNIUM,HUBBARD GLACIER,59.65221667,-139.8905833,22,22.6,17.2,0,9189419.0,9HJF9,249055000,16.0
2008-08-28T13:27:49,MILLENNIUM,HUBBARD GLACIER,59.65125,-139.8913667,22,22.3,17.3,0,9189419.0,9HJF9,249055000,16.0
2008-08-28T13:27:43,MILLENNIUM,HUBBARD GLACIER,59.65081667,-139.89175,22,22.3,17.3,0,9189419.0,9HJF9,249055000,16.0
2008-08-28T13:27:37,MILLENNIUM,HUBBARD GLACIER,59.65038333,-139.8921167,22,21.6,17.2,0,9189419.0,9HJF9,249055000,16.0
2008-08-28T13:27:32,MILLENNIUM,HUBBARD GLACIER,59.64993333,-139.8924667,22,21.6,17.2,0,9189419.0,9HJF9,249055000,16.0
2008-08-28T13:27:25,MILLENNIUM,HUBBARD GLACIER,59.64945,-139.89275,22,21.6,17.3,0,9189419.0,9HJF9,249055000,16.0
2008-08-28T13:27:19,MILLENNIUM,HUBBARD GLACIER,59.64901667,-139.8931,22,22.3,17.2,0,9189419.0,9HJF9,249055000,16.0
2008-08-28T13:27:13,MILLENNIUM,HUBBARD GLACIER,59.64858333,-139.89345,22,21.0,17.2,0,9189419.0,9HJF9,249055000,16.0
2008-08-28T13:27:07,MILLENNIUM,HUBBARD GLACIER,59.64813333,-139.8937833,22,21.6,17.2,0,9189419.0,9HJF9,249055000,16.0
2008-08-28T13:27:01,MILLENNIUM,HUBBARD GLACIER,59.6477,-139.89415,22,22.6,17.2,0,9189419.0,9HJF9,249055000,16.0
2008-08-28T13:26:54,MILLENNIUM,HUBBARD GLACIER,59.64726667,-139.8945167,22,22.0,17.2,0,9189419.0,9HJF9,249055000,16.0
2008-08-28T13:26:49,MILLENNIUM,HUBBARD GLACIER,59.64681667,-139.89485,22,21.6,17.2,0,9189419.0,9HJF9,249055000,16.0
2008-08-28T13:26:43,MILLENNIUM,HUBBARD GLACIER,59.64638333,-139.8952167,22,22.3,17.2,0,9189419.0,9HJF9,249055000,16.0
2008-08-28T13:26:36,MILLENNIUM,HUBBARD GLACIER,59.64593333,-139.8955667,22,21.6,17.2,0,9189419.0,9HJF9,249055000,16.0
2008-08-28T13:26:31,MILLENNIUM,HUBBARD GLACIER,59.64558333,-139.8958333,22,21.6,17.2,0,9189419.0,9HJF9,249055000,16.0
2008-08-28T13:26:25,MILLENNIUM,HUBBARD GLACIER,59.64506667,-139.89625,22,21.3,17.2,0,9189419.0,9HJF9,249055000,16.0
2008-08-28T13:26:19,MILLENNIUM,HUBBARD GLACIER,59.64471667,-139.8965333,22,22.0,17.1,0,9189419.0,9HJF9,249055000,16.0
2008-08-28T13:26:13,MILLENNIUM,HUBBARD GLACIER,59.64418333,-139.8969667,22,22.0,17.2,0,9189419.0,9HJF9,249055000,16.0
2008-08-28T13:26:07,MILLENNIUM,HUBBARD GLACIER,59.64383333,-139.8972333,22,21.3,17.1,0,9189419.0,9HJF9,249055000,16.0
2008-08-28T13:26:01,MILLENNIUM,HUBBARD GLACIER,59.6434,-139.8975667,22,22.3,17.1,0,9189419.0,9HJF9,249055000,16.0
2008-08-28T13:25:55,MILLENNIUM,HUBBARD GLACIER,59.64286667,-139.8980167,22,22.3,17.2,0,9189419.0,9HJF9,249055000,16.0
2008-08-28T13:25:50,MILLENNIUM,HUBBARD GLACIER,59.64241667,-139.8983833,22,21.0,17.2,0,9189419.0,9HJF9,249055000,16.0
2008-08-28T13:25:43,MILLENNIUM,HUBBARD GLACIER,59.64198333,-139.8987333,22,22.3,17.1,0,9189419.0,9HJF9,249055000,16.0
2008-08-28T13:25:38,MILLENNIUM,HUBBARD GLACIER,59.64155,-139.8990833,0,0.0,0.0,0,9189419.0,9HJF9,249055000,16.0
2008-08-28T13:25:37,MILLENNIUM,HUBBARD GLACIER,59.64155,-139.8990833,22,22.6,17.1,0,9189419.0,9HJF9,249055000,16.0
2008-08-28T13:25:32,MILLENNIUM,HUBBARD GLACIER,59.6412,-139.89935,22,21.0,17.2,0,9189419.0,9HJF9,249055000,16.0
2008-08-28T13:25:25,MILLENNIUM,HUBBARD GLACIER,59.64065,-139.8997667,22,22.3,17.1,0,9189419.0,9HJF9,249055000,16.0
2008-08-28T13:25:19,MILLENNIUM,HUBBARD GLACIER,59.6402,-139.9001167,22,21.3,17.1,0,9189419.0,9HJF9,249055000,16.0
2008-08-28T13:25:13,MILLENNIUM,HUBBARD GLACIER,59.63976667,-139.9004667,22,21.3,17.1,0,9189419.0,9HJF9,249055000,16.0
2008-08-28T13:25:08,MILLENNIUM,HUBBARD GLACIER,59.63941667,-139.9007333,22,21.6,17.1,0,9189419.0,9HJF9,249055000,16.0
2008-08-28T13:25:00,MILLENNIUM,HUBBARD GLACIER,59.63888333,-139.9011167,23,21.9,17.0,0,9189419.0,9HJF9,249055000,16.0
2008-08-28T13:24:54,MILLENNIUM,HUBBARD GLACIER,59.63845,-139.90145,23,23.0,17.1,0,9189419.0,9HJF9,249055000,16.0
2008-08-28T13:24:49,MILLENNIUM,HUBBARD GLACIER,59.63811667,-139.9017167,23,22.3,17.1,0,9189419.0,9HJF9,249055000,16.0
2008-08-28T13:24:43,MILLENNIUM,HUBBARD GLACIER,59.63766667,-139.9021,23,23.3,17.0,0,9189419.0,9HJF9,249055000,16.0
2008-08-28T13:24:37,MILLENNIUM,HUBBARD GLACIER,59.63713333,-139.90255,22,22.3,17.0,0,9189419.0,9HJF9,249055000,16.0
2008-08-28T13:24:31,MILLENNIUM,HUBBARD GLACIER,59.6368,-139.9028167,22,21.3,17.1,0,9189419.0,9HJF9,249055000,16.0
2008-08-28T13:24:25,MILLENNIUM,HUBBARD GLACIER,59.63626667,-139.9032,22,22.3,17.1,0,9189419.0,9HJF9,249055000,16.0
2008-08-28T13:24:19,MILLENNIUM,HUBBARD GLACIER,59.63591667,-139.9034833,22,22.3,17.0,0,9189419.0,9HJF9,249055000,16.0
2008-08-28T13:24:13,MILLENNIUM,HUBBARD GLACIER,59.63546667,-139.9038167,22,20.9,17.1,0,9189419.0,9HJF9,249055000,16.0
2008-08-28T13:24:07,MILLENNIUM,HUBBARD GLACIER,59.63503333,-139.90425,22,21.6,17.1,0,9189419.0,9HJF9,249055000,16.0
2008-08-28T13:24:02,MILLENNIUM,HUBBARD GLACIER,59.63458333,-139.9046833,22,21.6,17.0,0,9189419.0,9HJF9,249055000,16.0
2008-08-28T13:23:55,MILLENNIUM,HUBBARD GLACIER,59.63406667,-139.905,22,20.9,17.0,0,9189419.0,9HJF9,249055000,16.0
2008-08-28T13:23:49,MILLENNIUM,HUBBARD GLACIER,59.63371667,-139.9053167,22,22.0,17.0,0,9189419.0,9HJF9,249055000,16.0
2008-08-28T13:23:44,MILLENNIUM,HUBBARD GLACIER,59.63326667,-139.9056667,22,20.9,17.0,0,9189419.0,9HJF9,249055000,16.0
2008-08-28T13:23:36,MILLENNIUM,HUBBARD GLACIER,59.63275,-139.9061167,23,23.6,17.0,0,9189419.0,9HJF9,249055000,16.0
2008-08-28T13:23:31,MILLENNIUM,HUBBARD GLACIER,59.63238333,-139.9064,22,22.0,17.0,0,9189419.0,9HJF9,249055000,16.0
2008-08-28T13:23:25,MILLENNIUM,HUBBARD GLACIER,59.63188333,-139.9067167,22,20.9,16.9,0,9189419.0,9HJF9,249055000,16.0
2008-08-28T13:23:19,MILLENNIUM,HUBBARD GLACIER,59.63145,-139.9070833,22,22.3,16.9,0,9189419.0,9HJF9,249055000,16.0
2008-08-28T13:23:13,MILLENNIUM,HUBBARD GLACIER,59.631,-139.9074333,22,21.6,17.0,0,9189419.0,9HJF9,249055000,16.0
2008-08-28T13:23:07,MILLENNIUM,HUBBARD GLACIER,59.63065,-139.9077,22,21.3,16.9,0,9189419.0,9HJF9,249055000,16.0
2008-08-28T13:23:00,MILLENNIUM,HUBBARD GLACIER,59.63013333,-139.9080833,22,22.0,16.9,0,9189419.0,9HJF9,249055000,16.0
2008-08-28T13:22:56,MILLENNIUM,HUBBARD GLACIER,59.62978333,-139.90835,22,21.6,17.0,0,9189419.0,9HJF9,249055000,16.0
2008-08-28T13:22:49,MILLENNIUM,HUBBARD GLACIER,59.62935,-139.9087,22,22.0,16.9,0,9189419.0,9HJF9,249055000,16.0
2008-08-28T13:22:43,MILLENNIUM,HUBBARD GLACIER,59.62891667,-139.90905,22,20.9,16.9,0,9189419.0,9HJF9,249055000,16.0
2008-08-28T13:22:37,MILLENNIUM,HUBBARD GLACIER,59.62848333,-139.9094,22,20.9,16.9,0,9189419.0,9HJF9,249055000,16.0
2008-08-28T13:22:31,MILLENNIUM,HUBBARD GLACIER,59.62805,-139.9097833,22,22.3,16.9,0,9189419.0,9HJF9,249055000,16.0
2008-08-28T13:22:25,MILLENNIUM,HUBBARD GLACIER,59.62761667,-139.9101333,22,20.9,16.9,0,9189419.0,9HJF9,249055000,16.0
2008-08-28T13:22:19,MILLENNIUM,HUBBARD GLACIER,59.6271,-139.9104833,23,21.9,16.9,0,9189419.0,9HJF9,249055000,16.0
2008-08-28T13:22:13,MILLENNIUM,HUBBARD GLACIER,59.62668333,-139.91085,22,22.6,17.0,0,9189419.0,9HJF9,249055000,16.0
2008-08-28T13:22:07,MILLENNIUM,HUBBARD GLACIER,59.62625,-139.9112,22,21.3,16.9,0,9189419.0,9HJF9,249055000,16.0
2008-08-28T13:22:01,MILLENNIUM,HUBBARD GLACIER,59.62581667,-139.9115333,22,21.6,16.9,0,9189419.0,9HJF9,249055000,16.0
2008-08-28T13:21:55,MILLENNIUM,HUBBARD GLACIER,59.62546667,-139.9118167,22,22.6,16.9,0,9189419.0,9HJF9,249055000,16.0
2008-08-28T13:21:49,MILLENNIUM,HUBBARD GLACIER,59.62503333,-139.91215,22,21.6,17.0,0,9189419.0,9HJF9,249055000,16.0
2008-08-28T13:21:43,MILLENNIUM,HUBBARD GLACIER,59.6246,-139.9125,22,21.6,16.9,0,9189419.0,9HJF9,249055000,16.0
2008-08-28T13:21:38,MILLENNIUM,HUBBARD GLACIER,59.62415,-139.91285,22,21.3,16.9,0,9189419.0,9HJF9,249055000,16.0
2008-08-28T13:21:31,MILLENNIUM,HUBBARD GLACIER,59.62371667,-139.9131833,22,21.6,16.9,0,9189419.0,9HJF9,249055000,16.0
2008-08-28T13:21:25,MILLENNIUM,HUBBARD GLACIER,59.6232,-139.9136,22,21.3,16.9,0,9189419.0,9HJF9,249055000,16.0
2008-08-28T13:21:19,MILLENNIUM,HUBBARD GLACIER,59.62285,-139.9138667,22,20.6,16.8,0,9189419.0,9HJF9,249055000,16.0
2008-08-28T13:21:14,MILLENNIUM,HUBBARD GLACIER,59.62241667,-139.9142,23,23.0,16.8,0,9189419.0,9HJF9,249055000,16.0
2008-08-28T13:21:07,MILLENNIUM,HUBBARD GLACIER,59.62198333,-139.91455,23,21.9,16.9,0,9189419.0,9HJF9,249055000,16.0
2008-08-28T13:21:01,MILLENNIUM,HUBBARD GLACIER,59.62148333,-139.9149167,23,22.6,16.9,0,9189419.0,9HJF9,249055000,16.0
2008-08-28T13:20:55,MILLENNIUM,HUBBARD GLACIER,59.62111667,-139.9152333,22,22.3,16.8,0,9189419.0,9HJF9,249055000,16.0
2008-08-28T13:20:49,MILLENNIUM,HUBBARD GLACIER,59.62066667,-139.9155833,22,20.9,16.8,0,9189419.0,9HJF9,249055000,16.0
2008-08-28T13:20:43,MILLENNIUM,HUBBARD GLACIER,59.62023333,-139.9159333,22,22.0,16.9,0,9189419.0,9HJF9,249055000,16.0
2008-08-28T13:20:37,MILLENNIUM,HUBBARD GLACIER,59.61978333,-139.9162833,22,21.6,16.8,0,9189419.0,9HJF9,249055000,16.0
2008-08-28T13:20:31,MILLENNIUM,HUBBARD GLACIER,59.61933333,-139.9166167,22,22.0,16.8,0,9189419.0,9HJF9,249055000,16.0
2008-08-28T13:20:25,MILLENNIUM,HUBBARD GLACIER,59.61885,-139.9170167,22,21.3,16.9,0,9189419.0,9HJF9,249055000,16.0
2008-08-28T13:20:19,MILLENNIUM,HUBBARD GLACIER,59.61838333,-139.91735,22,21.3,16.8,0,9189419.0,9HJF9,249055000,16.0
2008-08-28T13:20:13,MILLENNIUM,HUBBARD GLACIER,59.61805,-139.9176333,22,22.0,16.8,0,9189419.0,9HJF9,249055000,16.0
2008-08-28T13:20:07,MILLENNIUM,HUBBARD GLACIER,59.61751667,-139.9180333,22,20.9,16.8,0,9189419.0,9HJF9,249055000,16.0
2008-08-28T13:20:01,MILLENNIUM,HUBBARD GLACIER,59.61708333,-139.9183667,22,22.0,16.8,0,9189419.0,9HJF9,249055000,16.0
2008-08-28T13:19:55,MILLENNIUM,HUBBARD GLACIER,59.61675,-139.91865,22,22.0,16.8,0,9189419.0,9HJF9,249055000,16.0
2008-08-28T13:19:49,MILLENNIUM,HUBBARD GLACIER,59.61631667,-139.9189833,22,21.3,16.8,0,9189419.0,9HJF9,249055000,16.0
2008-08-28T13:19:43,MILLENNIUM,HUBBARD GLACIER,59.61588333,-139.9193167,22,21.6,16.8,0,9189419.0,9HJF9,249055000,16.0
2008-08-28T13:19:38,MILLENNIUM,HUBBARD GLACIER,59.61545,-139.91965,0,0.0,0.0,0,9189419.0,9HJF9,249055000,16.0
2008-08-28T13:19:38,MILLENNIUM,HUBBARD GLACIER,59.61545,-139.91965,22,21.6,16.8,0,9189419.0,9HJF9,249055000,16.0
2008-08-28T13:19:31,MILLENNIUM,HUBBARD GLACIER,59.61501667,-139.9199833,22,21.3,16.7,0,9189419.0,9HJF9,249055000,16.0
2008-08-28T13:19:25,MILLENNIUM,HUBBARD GLACIER,59.61458333,-139.9203167,22,20.9,16.8,0,9189419.0,9HJF9,249055000,16.0
2008-08-28T13:19:19,MILLENNIUM,HUBBARD GLACIER,59.61415,-139.9206667,22,21.3,16.7,0,9189419.0,9HJF9,249055000,16.0
2008-08-28T13:19:13,MILLENNIUM,HUBBARD GLACIER,59.61371667,-139.9209833,22,21.3,16.7,0,9189419.0,9HJF9,249055000,16.0
2008-08-28T13:19:07,MILLENNIUM,HUBBARD GLACIER,59.6133,-139.9213,22,20.9,16.7,0,9189419.0,9HJF9,249055000,16.0
2008-08-28T13:19:00,MILLENNIUM,HUBBARD GLACIER,59.61286667,-139.9216167,22,20.2,16.7,0,9189419.0,9HJF9,249055000,16.0
2008-08-28T13:18:55,MILLENNIUM,HUBBARD GLACIER,59.61241667,-139.9219833,22,22.0,16.7,0,9189419.0,9HJF9,249055000,16.0
2008-08-28T13:18:49,MILLENNIUM,HUBBARD GLACIER,59.612,-139.9223167,22,21.3,16.7,0,9189419.0,9HJF9,249055000,16.0
2008-08-28T13:18:43,MILLENNIUM,HUBBARD GLACIER,59.61156667,-139.9226167,22,20.2,16.7,0,9189419.0,9HJF9,249055000,16.0
2008-08-28T13:18:37,MILLENNIUM,HUBBARD GLACIER,59.61113333,-139.9229333,22,22.3,16.7,0,9189419.0,9HJF9,249055000,16.0
2008-08-28T13:18:31,MILLENNIUM,HUBBARD GLACIER,59.6107,-139.9232333,21,20.6,16.7,0,9189419.0,9HJF9,249055000,16.0
2008-08-28T13:18:25,MILLENNIUM,HUBBARD GLACIER,59.61026667,-139.9235333,21,19.6,16.7,0,9189419.0,9HJF9,249055000,16.0
2008-08-28T13:18:19,MILLENNIUM,HUBBARD GLACIER,59.60973333,-139.924,21,20.6,16.7,0,9189419.0,9HJF9,249055000,16.0
2008-08-28T13:18:13,MILLENNIUM,HUBBARD GLACIER,59.60938333,-139.9242667,20,19.3,16.8,0,9189419.0,9HJF9,249055000,16.0
2008-08-28T13:18:07,MILLENNIUM,HUBBARD GLACIER,59.60885,-139.9246167,20,18.9,16.8,0,9189419.0,9HJF9,249055000,16.0
2008-08-28T13:18:01,MILLENNIUM,HUBBARD GLACIER,59.60851667,-139.9248833,20,20.0,16.7,0,9189419.0,9HJF9,249055000,16.0
2008-08-28T13:17:55,MILLENNIUM,HUBBARD GLACIER,59.60808333,-139.9251833,20,19.3,16.7,0,9189419.0,9HJF9,249055000,16.0
2008-08-28T13:17:49,MILLENNIUM,HUBBARD GLACIER,59.60763333,-139.9255,20,19.3,16.8,0,9189419.0,9HJF9,249055000,16.0
2008-08-28T13:17:43,MILLENNIUM,HUBBARD GLACIER,59.6072,-139.9258,20,19.3,16.7,0,9189419.0,9HJF9,249055000,16.0
2008-08-28T13:17:37,MILLENNIUM,HUBBARD GLACIER,59.60676667,-139.9261,20,18.6,16.7,0,9189419.0,9HJF9,249055000,16.0
2008-08-28T13:17:31,MILLENNIUM,HUBBARD GLACIER,59.60633333,-139.9264167,20,20.0,16.7,0,9189419.0,9HJF9,249055000,16.0
2008-08-28T13:17:26,MILLENNIUM,HUBBARD GLACIER,59.6059,-139.9267167,20,18.6,16.7,0,9189419.0,9HJF9,249055000,16.0
2008-08-28T13:17:19,MILLENNIUM,HUBBARD GLACIER,59.60545,-139.9270167,20,18.9,16.7,0,9189419.0,9HJF9,249055000,16.0
2008-08-28T13:17:13,MILLENNIUM,HUBBARD GLACIER,59.605,-139.9273167,20,19.3,16.7,0,9189419.0,9HJF9,249055000,16.0
2008-08-28T13:17:07,MILLENNIUM,HUBBARD GLACIER,59.60456667,-139.9276333,20,19.3,16.7,0,9189419.0,9HJF9,249055000,16.0
2008-08-28T13:17:02,MILLENNIUM,HUBBARD GLACIER,59.60413333,-139.9279167,20,18.6,16.6,0,9189419.0,9HJF9,249055000,16.0
2008-08-28T13:16:55,MILLENNIUM,HUBBARD GLACIER,59.60361667,-139.9282833,20,19.6,16.7,0,9189419.0,9HJF9,249055000,16.0
2008-08-28T13:16:49,MILLENNIUM,HUBBARD GLACIER,59.60318333,-139.9286,20,20.0,16.7,0,9189419.0,9HJF9,249055000,16.0
2008-08-28T13:16:43,MILLENNIUM,HUBBARD GLACIER,59.60283333,-139.92885,20,18.9,16.6,0,9189419.0,9HJF9,249055000,16.0
2008-08-28T13:16:37,MILLENNIUM,HUBBARD GLACIER,59.6024,-139.92915,20,19.3,16.6,0,9189419.0,9HJF9,249055000,16.0
2008-08-28T13:16:31,MILLENNIUM,HUBBARD GLACIER,59.60196667,-139.92945,20,19.6,16.7,0,9189419.0,9HJF9,249055000,16.0
2008-08-28T13:16:25,MILLENNIUM,HUBBARD GLACIER,59.60151667,-139.92975,20,18.9,16.7,0,9189419.0,9HJF9,249055000,16.0
2008-08-28T13:16:18,MILLENNIUM,HUBBARD GLACIER,59.60101667,-139.9301,20,19.3,16.6,0,9189419.0,9HJF9,249055000,16.0
2008-08-28T13:16:13,MILLENNIUM,HUBBARD GLACIER,59.60066667,-139.93035,20,18.9,16.6,0,9189419.0,9HJF9,249055000,16.0
2008-08-28T13:16:08,MILLENNIUM,HUBBARD GLACIER,59.60013333,-139.9307167,20,19.6,16.7,0,9189419.0,9HJF9,249055000,16.0
2008-08-28T13:16:02,MILLENNIUM,HUBBARD GLACIER,59.59978333,-139.9309667,21,20.3,16.6,0,9189419.0,9HJF9,249055000,16.0
2008-08-28T13:15:55,MILLENNIUM,HUBBARD GLACIER,59.59935,-139.9312667,21,19.2,16.6,0,9189419.0,9HJF9,249055000,16.0
2008-08-28T13:15:49,MILLENNIUM,HUBBARD GLACIER,59.59891667,-139.93155,21,20.3,16.6,0,9189419.0,9HJF9,249055000,16.0
2008-08-28T13:15:42,MILLENNIUM,HUBBARD GLACIER,59.5985,-139.93185,21,19.9,16.6,0,9189419.0,9HJF9,249055000,16.0
2008-08-28T13:15:37,MILLENNIUM,HUBBARD GLACIER,59.59806667,-139.93215,21,19.6,16.5,0,9189419.0,9HJF9,249055000,16.0
2008-08-28T13:15:32,MILLENNIUM,HUBBARD GLACIER,59.59771667,-139.9324,21,21.0,16.5,0,9189419.0,9HJF9,249055000,16.0
2008-08-28T13:15:25,MILLENNIUM,HUBBARD GLACIER,59.59721667,-139.9327833,20,17.9,16.5,0,9189419.0,9HJF9,249055000,16.0
2008-08-28T13:15:18,MILLENNIUM,HUBBARD GLACIER,59.59676667,-139.9330667,20,20.0,16.5,0,9189419.0,9HJF9,249055000,16.0
2008-08-28T13:15:14,MILLENNIUM,HUBBARD GLACIER,59.59633333,-139.9333667,20,19.6,16.5,0,9189419.0,9HJF9,249055000,16.0
2008-08-28T13:15:07,MILLENNIUM,HUBBARD GLACIER,59.59591667,-139.9336667,20,18.6,16.4,0,9189419.0,9HJF9,249055000,16.0
2008-08-28T13:15:01,MILLENNIUM,HUBBARD GLACIER,59.59548333,-139.93395,20,20.0,16.4,0,9189419.0,9HJF9,249055000,16.0
2008-08-28T13:14:55,MILLENNIUM,HUBBARD GLACIER,59.59505,-139.93425,20,18.9,16.4,0,9189419.0,9HJF9,249055000,16.0
2008-08-28T13:14:49,MILLENNIUM,HUBBARD GLACIER,59.59461667,-139.93455,20,19.6,16.4,0,9189419.0,9HJF9,249055000,16.0
2008-08-28T13:14:42,MILLENNIUM,HUBBARD GLACIER,59.59411667,-139.9349,20,18.9,16.4,0,9189419.0,9HJF9,249055000,16.0
2008-08-28T13:14:37,MILLENNIUM,HUBBARD GLACIER,59.59378333,-139.9351333,20,18.5,16.3,0,9189419.0,9HJF9,249055000,16.0
2008-08-28T13:14:32,MILLENNIUM,HUBBARD GLACIER,59.59335,-139.93545,20,20.0,16.3,0,9189419.0,9HJF9,249055000,16.0
2008-08-28T13:14:27,MILLENNIUM,HUBBARD GLACIER,59.59293333,-139.9357333,20,18.9,16.4,0,9189419.0,9HJF9,249055000,16.0
2008-08-28T13:14:18,MILLENNIUM,HUBBARD GLACIER,59.5924,-139.9360833,20,18.9,16.4,0,9189419.0,9HJF9,249055000,16.0
2008-08-28T13:14:13,MILLENNIUM,HUBBARD GLACIER,59.59206667,-139.9363333,20,18.6,16.4,0,9189419.0,9HJF9,249055000,16.0
2008-08-28T13:14:07,MILLENNIUM,HUBBARD GLACIER,59.59165,-139.9366333,20,19.6,16.4,0,9189419.0,9HJF9,249055000,16.0
2008-08-28T13:14:00,MILLENNIUM,HUBBARD GLACIER,59.59121667,-139.9369333,20,18.9,16.3,0,9189419.0,9HJF9,249055000,16.0
2008-08-28T13:13:55,MILLENNIUM,HUBBARD GLACIER,59.5908,-139.9372167,20,18.9,16.4,0,9189419.0,9HJF9,249055000,16.0
2008-08-28T13:13:49,MILLENNIUM,HUBBARD GLACIER,59.59036667,-139.9375167,20,18.9,16.4,0,9189419.0,9HJF9,249055000,16.0
2008-08-28T13:13:42,MILLENNIUM,HUBBARD GLACIER,59.58995,-139.9378167,20,19.3,16.4,0,9189419.0,9HJF9,249055000,16.0
2008-08-28T13:13:40,MILLENNIUM,HUBBARD GLACIER,59.58951667,-139.9381167,0,0.0,0.0,0,9189419.0,9HJF9,249055000,16.0
2008-08-28T13:13:37,MILLENNIUM,HUBBARD GLACIER,59.58951667,-139.9381167,20,18.5,16.3,0,9189419.0,9HJF9,249055000,16.0
2008-08-28T13:13:31,MILLENNIUM,HUBBARD GLACIER,59.58908333,-139.9384,20,18.9,16.4,0,9189419.0,9HJF9,249055000,16.0
2008-08-28T13:13:25,MILLENNIUM,HUBBARD GLACIER,59.58866667,-139.9387,20,19.2,16.3,0,9189419.0,9HJF9,249055000,16.0
2008-08-28T13:13:18,MILLENNIUM,HUBBARD GLACIER,59.58825,-139.9389833,20,18.9,16.3,0,9189419.0,9HJF9,249055000,16.0
2008-08-28T13:13:07,MILLENNIUM,HUBBARD GLACIER,59.5873,-139.9396333,20,19.6,16.3,0,9189419.0,9HJF9,249055000,16.0
2008-08-28T13:13:01,MILLENNIUM,HUBBARD GLACIER,59.58686667,-139.9399333,20,18.9,16.3,0,9189419.0,9HJF9,249055000,16.0
2008-08-28T13:12:54,MILLENNIUM,HUBBARD GLACIER,59.58645,-139.9402167,20,19.2,16.3,0,9189419.0,9HJF9,249055000,16.0
2008-08-28T13:12:49,MILLENNIUM,HUBBARD GLACIER,59.5861,-139.9404667,20,19.2,16.3,0,9189419.0,9HJF9,249055000,16.0
2008-08-28T13:12:42,MILLENNIUM,HUBBARD GLACIER,59.5856,-139.9408167,20,18.9,16.3,0,9189419.0,9HJF9,249055000,16.0
2008-08-28T13:12:38,MILLENNIUM,HUBBARD GLACIER,59.58523333,-139.9410667,20,18.2,16.3,0,9189419.0,9HJF9,249055000,16.0
2008-08-28T13:12:32,MILLENNIUM,HUBBARD GLACIER,59.5848,-139.9413833,20,19.2,16.3,0,9189419.0,9HJF9,249055000,16.0
2008-08-28T13:12:25,MILLENNIUM,HUBBARD GLACIER,59.58436667,-139.9416833,21,19.2,16.3,0,9189419.0,9HJF9,249055000,16.0
2008-08-28T13:12:18,MILLENNIUM,HUBBARD GLACIER,59.58393333,-139.9419667,21,19.2,16.3,0,9189419.0,9HJF9,249055000,16.0
2008-08-28T13:12:13,MILLENNIUM,HUBBARD GLACIER,59.58351667,-139.9422667,21,20.2,16.2,0,9189419.0,9HJF9,249055000,16.0
2008-08-28T13:12:07,MILLENNIUM,HUBBARD GLACIER,59.5831,-139.94255,21,19.9,16.2,0,9189419.0,9HJF9,249055000,16.0
2008-08-28T13:12:01,MILLENNIUM,HUBBARD GLACIER,59.58268333,-139.9428167,21,19.9,16.2,0,9189419.0,9HJF9,249055000,16.0
2008-08-28T13:11:54,MILLENNIUM,HUBBARD GLACIER,59.58226667,-139.94315,21,19.2,16.2,0,9189419.0,9HJF9,249055000,16.0
2008-08-28T13:11:49,MILLENNIUM,HUBBARD GLACIER,59.58193333,-139.9433667,20,19.2,16.1,0,9189419.0,9HJF9,249055000,16.0
2008-08-28T13:11:43,MILLENNIUM,HUBBARD GLACIER,59.58141667,-139.9437333,20,19.6,16.0,0,9189419.0,9HJF9,249055000,16.0
2008-08-28T13:11:37,MILLENNIUM,HUBBARD GLACIER,59.581,-139.9440167,20,18.2,16.1,0,9189419.0,9HJF9,249055000,16.0
2008-08-28T13:11:32,MILLENNIUM,HUBBARD GLACIER,59.58056667,-139.9442833,20,18.5,16.1,0,9189419.0,9HJF9,249055000,16.0
2008-08-28T13:11:25,MILLENNIUM,HUBBARD GLACIER,59.58015,-139.9445833,20,20.3,16.1,0,9189419.0,9HJF9,249055000,16.0
2008-08-28T13:11:18,MILLENNIUM,HUBBARD GLACIER,59.57965,-139.9449,20,16.7,16.0,0,9189419.0,9HJF9,249055000,16.0
2008-08-28T13:11:13,MILLENNIUM,HUBBARD GLACIER,59.57923333,-139.9451833,20,20.0,16.1,0,9189419.0,9HJF9,249055000,16.0
2008-08-28T13:11:07,MILLENNIUM,HUBBARD GLACIER,59.57888333,-139.9454333,20,19.2,16.2,0,9189419.0,9HJF9,249055000,16.0
2008-08-28T13:11:01,MILLENNIUM,HUBBARD GLACIER,59.57838333,-139.9457667,20,17.8,16.1,0,9189419.0,9HJF9,249055000,16.0
2008-08-28T13:10:54,MILLENNIUM,HUBBARD GLACIER,59.57796667,-139.9460667,21,19.2,16.0,0,9189419.0,9HJF9,249055000,16.0
2008-08-28T13:10:43,MILLENNIUM,HUBBARD GLACIER,59.5772,-139.9465667,20,17.8,16.1,0,9189419.0,9HJF9,249055000,16.0
2008-08-28T13:10:36,MILLENNIUM,HUBBARD GLACIER,59.57678333,-139.94685,20,18.9,16.0,0,9189419.0,9HJF9,249055000,16.0
2008-08-28T13:10:32,MILLENNIUM,HUBBARD GLACIER,59.57645,-139.9470667,20,18.5,16.0,0,9189419.0,9HJF9,249055000,16.0
2008-08-28T13:10:25,MILLENNIUM,HUBBARD GLACIER,59.57595,-139.9474167,20,18.5,16.0,0,9189419.0,9HJF9,249055000,16.0
2008-08-28T13:10:18,MILLENNIUM,HUBBARD GLACIER,59.57553333,-139.9477,20,18.9,16.0,0,9189419.0,9HJF9,249055000,16.0
2008-08-28T13:10:13,MILLENNIUM,HUBBARD GLACIER,59.5751,-139.9479667,20,17.8,16.0,0,9189419.0,9HJF9,249055000,16.0
2008-08-28T13:10:07,MILLENNIUM,HUBBARD GLACIER,59.57468333,-139.9482667,20,20.0,16.0,0,9189419.0,9HJF9,249055000,16.0
2008-08-28T13:10:01,MILLENNIUM,HUBBARD GLACIER,59.57426667,-139.94855,20,17.8,16.0,0,9189419.0,9HJF9,249055000,16.0
2008-08-28T13:09:54,MILLENNIUM,HUBBARD GLACIER,59.57385,-139.9488167,20,19.2,16.0,0,9189419.0,9HJF9,249055000,16.0
2008-08-28T13:09:49,MILLENNIUM,HUBBARD GLACIER,59.57343333,-139.9491167,20,19.2,16.1,0,9189419.0,9HJF9,249055000,16.0
2008-08-28T13:09:42,MILLENNIUM,HUBBARD GLACIER,59.57291667,-139.94945,20,18.5,16.0,0,9189419.0,9HJF9,249055000,16.0
2008-08-28T13:09:36,MILLENNIUM,HUBBARD GLACIER,59.5725,-139.9497333,20,18.5,16.0,0,9189419.0,9HJF9,249055000,16.0
2008-08-28T13:09:32,MILLENNIUM,HUBBARD GLACIER,59.57216667,-139.94995,20,19.6,16.0,0,9189419.0,9HJF9,249055000,16.0
2008-08-28T13:09:25,MILLENNIUM,HUBBARD GLACIER,59.57175,-139.9502333,20,17.8,15.9,0,9189419.0,9HJF9,249055000,16.0
2008-08-28T13:09:19,MILLENNIUM,HUBBARD GLACIER,59.57133333,-139.9505167,20,18.5,16.0,0,9189419.0,9HJF9,249055000,16.0
2008-08-28T13:09:13,MILLENNIUM,HUBBARD GLACIER,59.57091667,-139.9508,20,18.2,16.0,0,9189419.0,9HJF9,249055000,16.0
2008-08-28T13:09:07,MILLENNIUM,HUBBARD GLACIER,59.57048333,-139.9510667,20,18.2,16.0,0,9189419.0,9HJF9,249055000,16.0
2008-08-28T13:09:01,MILLENNIUM,HUBBARD GLACIER,59.57006667,-139.95135,20,18.2,16.0,0,9189419.0,9HJF9,249055000,16.0
2008-08-28T13:08:54,MILLENNIUM,HUBBARD GLACIER,59.56965,-139.9516167,20,18.5,15.9,0,9189419.0,9HJF9,249055000,16.0
2008-08-28T13:08:49,MILLENNIUM,HUBBARD GLACIER,59.56931667,-139.9518667,20,18.9,15.9,0,9189419.0,9HJF9,249055000,16.0
2008-08-28T13:08:42,MILLENNIUM,HUBBARD GLACIER,59.5688,-139.9521833,20,18.1,15.9,0,9189419.0,9HJF9,249055000,16.0
2008-08-28T13:08:36,MILLENNIUM,HUBBARD GLACIER,59.56838333,-139.9524667,20,18.5,16.0,0,9189419.0,9HJF9,249055000,16.0
2008-08-28T13:08:31,MILLENNIUM,HUBBARD GLACIER,59.56798333,-139.95275,20,19.2,15.9,0,9189419.0,9HJF9,249055000,16.0
2008-08-28T13:08:25,MILLENNIUM,HUBBARD GLACIER,59.56755,-139.9530167,20,17.4,15.9,0,9189419.0,9HJF9,249055000,16.0
2008-08-28T13:08:19,MILLENNIUM,HUBBARD GLACIER,59.56723333,-139.95325,20,18.5,15.9,0,9189419.0,9HJF9,249055000,16.0
2008-08-28T13:08:14,MILLENNIUM,HUBBARD GLACIER,59.56671667,-139.9535667,20,19.2,15.9,0,9189419.0,9HJF9,249055000,16.0
2008-08-28T13:08:07,MILLENNIUM,HUBBARD GLACIER,59.5663,-139.95385,20,17.4,15.9,0,9189419.0,9HJF9,249055000,16.0
2008-08-28T13:08:01,MILLENNIUM,HUBBARD GLACIER,59.56586667,-139.9541333,20,19.6,15.8,0,9189419.0,9HJF9,249055000,16.0
2008-08-28T13:07:55,MILLENNIUM,HUBBARD GLACIER,59.56545,-139.9544,20,17.8,15.8,0,9189419.0,9HJF9,249055000,16.0
2008-08-28T13:07:49,MILLENNIUM,HUBBARD GLACIER,59.56503333,-139.9546667,20,17.8,15.9,0,9189419.0,9HJF9,249055000,16.0
2008-08-28T13:07:43,MILLENNIUM,HUBBARD GLACIER,59.56463333,-139.95495,20,18.9,15.9,0,9189419.0,9HJF9,249055000,16.0
2008-08-28T13:07:36,MILLENNIUM,HUBBARD GLACIER,59.56411667,-139.9552833,20,18.1,15.7,0,9189419.0,9HJF9,249055000,16.0
2008-08-28T13:07:36,MILLENNIUM,HUBBARD GLACIER,59.5637,-139.95555,0,0.0,0.0,0,9189419.0,9HJF9,249055000,16.0
2008-08-28T13:07:31,MILLENNIUM,HUBBARD GLACIER,59.5637,-139.95555,20,18.1,15.7,0,9189419.0,9HJF9,249055000,16.0
2008-08-28T13:07:25,MILLENNIUM,HUBBARD GLACIER,59.56338333,-139.9557833,20,18.9,15.8,0,9189419.0,9HJF9,249055000,16.0
2008-08-28T13:07:20,MILLENNIUM,HUBBARD GLACIER,59.56296667,-139.95605,20,17.8,15.8,0,9189419.0,9HJF9,249055000,16.0
2008-08-28T13:07:13,MILLENNIUM,HUBBARD GLACIER,59.56255,-139.9563167,20,18.5,15.7,0,9189419.0,9HJF9,249055000,16.0
2008-08-28T13:07:08,MILLENNIUM,HUBBARD GLACIER,59.56213333,-139.9565833,20,17.4,15.7,0,9189419.0,9HJF9,249055000,16.0
2008-08-28T13:07:01,MILLENNIUM,HUBBARD GLACIER,59.56171667,-139.9568667,20,18.9,15.7,0,9189419.0,9HJF9,249055000,16.0
2008-08-28T13:06:54,MILLENNIUM,HUBBARD GLACIER,59.5613,-139.9571333,20,18.5,15.7,0,9189419.0,9HJF9,249055000,16.0
2008-08-28T13:06:49,MILLENNIUM,HUBBARD GLACIER,59.56098333,-139.95735,20,17.7,15.6,0,9189419.0,9HJF9,249055000,16.0
2008-08-28T13:06:43,MILLENNIUM,HUBBARD GLACIER,59.56056667,-139.9576167,20,18.5,15.6,0,9189419.0,9HJF9,249055000,16.0
2008-08-28T13:06:37,MILLENNIUM,HUBBARD GLACIER,59.56008333,-139.9579667,20,17.4,15.5,0,9189419.0,9HJF9,249055000,16.0
2008-08-28T13:06:31,MILLENNIUM,HUBBARD GLACIER,59.55966667,-139.9582333,20,18.1,15.5,0,9189419.0,9HJF9,249055000,16.0
2008-08-28T13:06:26,MILLENNIUM,HUBBARD GLACIER,59.55925,-139.9585167,20,17.7,15.5,0,9189419.0,9HJF9,249055000,16.0
2008-08-28T13:06:19,MILLENNIUM,HUBBARD GLACIER,59.55885,-139.9587667,21,18.4,15.5,0,9189419.0,9HJF9,249055000,16.0
2008-08-28T13:06:13,MILLENNIUM,HUBBARD GLACIER,59.55845,-139.9590333,20,18.5,15.4,0,9189419.0,9HJF9,249055000,16.0
2008-08-28T13:06:01,MILLENNIUM,HUBBARD GLACIER,59.55756667,-139.9596167,21,19.1,15.3,0,9189419.0,9HJF9,249055000,16.0
2008-08-28T13:05:56,MILLENNIUM,HUBBARD GLACIER,59.55723333,-139.9598333,20,18.5,15.3,0,9189419.0,9HJF9,249055000,16.0
2008-08-28T13:05:48,MILLENNIUM,HUBBARD GLACIER,59.55676667,-139.96015,20,16.9,15.2,0,9189419.0,9HJF9,249055000,16.0
2008-08-28T13:05:43,MILLENNIUM,HUBBARD GLACIER,59.55643333,-139.9603333,20,18.1,15.1,0,9189419.0,9HJF9,249055000,16.0
2008-08-28T13:05:37,MILLENNIUM,HUBBARD GLACIER,59.55603333,-139.9606333,20,18.4,15.1,0,9189419.0,9HJF9,249055000,16.0
2008-08-28T13:05:31,MILLENNIUM,HUBBARD GLACIER,59.55563333,-139.9608833,20,16.9,15.0,0,9189419.0,9HJF9,249055000,16.0
2008-08-28T13:05:25,MILLENNIUM,HUBBARD GLACIER,59.55523333,-139.9611333,20,18.4,14.9,0,9189419.0,9HJF9,249055000,16.0
2008-08-28T13:05:19,MILLENNIUM,HUBBARD GLACIER,59.55485,-139.9614,20,18.0,14.8,0,9189419.0,9HJF9,249055000,16.0
2008-08-28T13:05:13,MILLENNIUM,HUBBARD GLACIER,59.55445,-139.9616333,20,16.9,14.8,0,9189419.0,9HJF9,249055000,16.0
2008-08-28T13:05:07,MILLENNIUM,HUBBARD GLACIER,59.55406667,-139.9618833,20,18.4,14.9,0,9189419.0,9HJF9,249055000,16.0
2008-08-28T13:05:00,MILLENNIUM,HUBBARD GLACIER,59.55366667,-139.9621333,20,18.0,14.9,0,9189419.0,9HJF9,249055000,16.0
2008-08-28T13:04:55,MILLENNIUM,HUBBARD GLACIER,59.55336667,-139.9623167,20,17.2,14.7,0,9189419.0,9HJF9,249055000,16.0
2008-08-28T13:04:48,MILLENNIUM,HUBBARD GLACIER,59.55288333,-139.9626,20,18.0,14.6,0,9189419.0,9HJF9,249055000,16.0
2008-08-28T13:04:43,MILLENNIUM,HUBBARD GLACIER,59.5526,-139.9628,20,18.0,14.7,0,9189419.0,9HJF9,249055000,16.0
2008-08-28T13:04:37,MILLENNIUM,HUBBARD GLACIER,59.55211667,-139.9631167,20,17.2,14.5,0,9189419.0,9HJF9,249055000,16.0
2008-08-28T13:04:30,MILLENNIUM,HUBBARD GLACIER,59.55173333,-139.9633667,20,18.8,14.5,0,9189419.0,9HJF9,249055000,16.0
2008-08-28T13:04:25,MILLENNIUM,HUBBARD GLACIER,59.55135,-139.9636167,20,17.6,14.5,0,9189419.0,9HJF9,249055000,16.0
2008-08-28T13:04:20,MILLENNIUM,HUBBARD GLACIER,59.55096667,-139.9638667,20,16.8,14.5,0,9189419.0,9HJF9,249055000,16.0
2008-08-28T13:04:13,MILLENNIUM,HUBBARD GLACIER,59.55058333,-139.9641167,21,19.0,14.5,0,9189419.0,9HJF9,249055000,16.0
2008-08-28T13:04:07,MILLENNIUM,HUBBARD GLACIER,59.5502,-139.96435,21,17.8,14.4,0,9189419.0,9HJF9,249055000,16.0
2008-08-28T13:04:00,MILLENNIUM,HUBBARD GLACIER,59.54981667,-139.9645833,21,19.4,14.4,0,9189419.0,9HJF9,249055000,16.0
2008-08-28T13:03:55,MILLENNIUM,HUBBARD GLACIER,59.54945,-139.96485,21,19.0,14.4,0,9189419.0,9HJF9,249055000,16.0
2008-08-28T13:03:48,MILLENNIUM,HUBBARD GLACIER,59.54906667,-139.9650833,21,17.8,14.4,0,9189419.0,9HJF9,249055000,16.0
2008-08-28T13:03:43,MILLENNIUM,HUBBARD GLACIER,59.54868333,-139.96535,21,19.4,14.4,0,9189419.0,9HJF9,249055000,16.0
2008-08-28T13:03:36,MILLENNIUM,HUBBARD GLACIER,59.54831667,-139.9656,20,18.3,14.3,0,9189419.0,9HJF9,249055000,16.0
2008-08-28T13:03:26,MILLENNIUM,HUBBARD GLACIER,59.54765,-139.9660167,20,17.2,14.4,0,9189419.0,9HJF9,249055000,16.0
2008-08-28T13:03:19,MILLENNIUM,HUBBARD GLACIER,59.54725,-139.9662667,20,18.8,14.4,0,9189419.0,9HJF9,249055000,16.0
2008-08-28T13:03:13,MILLENNIUM,HUBBARD GLACIER,59.5468,-139.9665667,20,18.0,14.4,0,9189419.0,9HJF9,249055000,16.0
2008-08-28T13:03:01,MILLENNIUM,HUBBARD GLACIER,59.54605,-139.9670333,20,19.2,14.4,0,9189419.0,9HJF9,249055000,16.0
2008-08-28T13:02:56,MILLENNIUM,HUBBARD GLACIER,59.54575,-139.9672167,20,17.6,14.4,0,9189419.0,9HJF9,249055000,16.0
2008-08-28T13:02:49,MILLENNIUM,HUBBARD GLACIER,59.54528333,-139.9675167,20,17.6,14.4,0,9189419.0,9HJF9,249055000,16.0
2008-08-28T13:02:43,MILLENNIUM,HUBBARD GLACIER,59.54498333,-139.9677,21,19.4,14.4,0,9189419.0,9HJF9,249055000,16.0
2008-08-28T13:02:37,MILLENNIUM,HUBBARD GLACIER,59.54451667,-139.968,20,18.6,14.5,0,9189419.0,9HJF9,249055000,16.0
2008-08-28T13:02:31,MILLENNIUM,HUBBARD GLACIER,59.54413333,-139.9682667,20,18.4,14.5,0,9189419.0,9HJF9,249055000,16.0
2008-08-28T13:02:25,MILLENNIUM,HUBBARD GLACIER,59.54375,-139.9685,21,17.4,14.5,0,9189419.0,9HJF9,249055000,16.0
2008-08-28T13:02:19,MILLENNIUM,HUBBARD GLACIER,59.54336667,-139.9687167,21,18.6,14.5,0,9189419.0,9HJF9,249055000,16.0
2008-08-28T13:02:13,MILLENNIUM,HUBBARD GLACIER,59.54298333,-139.969,21,19.8,14.6,0,9189419.0,9HJF9,249055000,16.0
2008-08-28T13:02:07,MILLENNIUM,HUBBARD GLACIER,59.5426,-139.9692333,21,16.6,14.6,0,9189419.0,9HJF9,249055000,16.0
2008-08-28T13:02:01,MILLENNIUM,HUBBARD GLACIER,59.54221667,-139.96945,21,18.6,14.6,0,9189419.0,9HJF9,249055000,16.0
2008-08-28T13:01:55,MILLENNIUM,HUBBARD GLACIER,59.54191667,-139.9697,21,20.2,14.7,0,9189419.0,9HJF9,249055000,16.0
2008-08-28T13:01:48,MILLENNIUM,HUBBARD GLACIER,59.54143333,-139.9699833,21,16.7,14.8,0,9189419.0,9HJF9,249055000,16.0
2008-08-28T13:01:43,MILLENNIUM,HUBBARD GLACIER,59.54113333,-139.9701833,21,19.4,14.7,0,9189419.0,9HJF9,249055000,16.0
2008-08-28T13:01:38,MILLENNIUM,HUBBARD GLACIER,59.54066667,-139.9705,0,0.0,0.0,0,9189419.0,9HJF9,249055000,16.0
2008-08-28T13:01:36,MILLENNIUM,HUBBARD GLACIER,59.54066667,-139.9705,20,18.0,14.7,0,9189419.0,9HJF9,249055000,16.0
2008-08-28T13:01:25,MILLENNIUM,HUBBARD GLACIER,59.53996667,-139.9709333,20,17.6,14.8,0,9189419.0,9HJF9,249055000,16.0
2008-08-28T13:01:20,MILLENNIUM,HUBBARD GLACIER,59.53956667,-139.9711833,20,17.6,14.7,0,9189419.0,9HJF9,249055000,16.0
2008-08-28T13:01:13,MILLENNIUM,HUBBARD GLACIER,59.5391,-139.9714833,20,18.0,14.7,0,9189419.0,9HJF9,249055000,16.0
2008-08-28T13:01:07,MILLENNIUM,HUBBARD GLACIER,59.53878333,-139.9716667,20,16.5,14.8,0,9189419.0,9HJF9,249055000,16.0
2008-08-28T13:01:01,MILLENNIUM,HUBBARD GLACIER,59.5383,-139.9719333,20,17.6,14.8,0,9189419.0,9HJF9,249055000,16.0
2008-08-28T13:00:55,MILLENNIUM,HUBBARD GLACIER,59.53798333,-139.97215,20,18.0,14.8,0,9189419.0,9HJF9,249055000,16.0
2008-08-28T13:00:48,MILLENNIUM,HUBBARD GLACIER,59.53751667,-139.97245,20,15.7,14.8,0,9189419.0,9HJF9,249055000,16.0
2008-08-28T13:00:43,MILLENNIUM,HUBBARD GLACIER,59.5372,-139.9726167,20,16.8,14.7,0,9189419.0,9HJF9,249055000,16.0
2008-08-28T13:00:36,MILLENNIUM,HUBBARD GLACIER,59.53681667,-139.9728833,20,18.4,14.7,0,9189419.0,9HJF9,249055000,16.0
2008-08-28T13:00:31,MILLENNIUM,HUBBARD GLACIER,59.53635,-139.9731833,20,16.1,14.8,0,9189419.0,9HJF9,249055000,16.0
2008-08-28T13:00:26,MILLENNIUM,HUBBARD GLACIER,59.53603333,-139.9733667,20,18.0,14.7,0,9189419.0,9HJF9,249055000,16.0
2008-08-28T13:00:21,MILLENNIUM,HUBBARD GLACIER,59.53556667,-139.9736667,20,17.6,14.7,0,9189419.0,9HJF9,249055000,16.0
2008-08-28T13:00:13,MILLENNIUM,HUBBARD GLACIER,59.53518333,-139.9739167,20,17.2,14.8,0,9189419.0,9HJF9,249055000,16.0
2008-08-28T13:00:07,MILLENNIUM,HUBBARD GLACIER,59.53486667,-139.9741,20,16.4,14.7,0,9189419.0,9HJF9,249055000,16.0
2008-08-28T13:00:01,MILLENNIUM,HUBBARD GLACIER,59.5344,-139.9744167,20,18.8,14.7,0,9189419.0,9HJF9,249055000,16.0
2008-08-28T12:59:48,MILLENNIUM,HUBBARD GLACIER,59.53361667,-139.9748667,21,19.0,14.8,0,9189419.0,9HJF9,249055000,16.0
2008-08-28T12:59:43,MILLENNIUM,HUBBARD GLACIER,59.53331667,-139.9751167,21,19.8,14.7,0,9189419.0,9HJF9,249055000,16.0
2008-08-28T12:59:37,MILLENNIUM,HUBBARD GLACIER,59.53285,-139.9753667,21,15.1,14.8,0,9189419.0,9HJF9,249055000,16.0
2008-08-28T12:59:31,MILLENNIUM,HUBBARD GLACIER,59.53253333,-139.9755333,21,17.8,14.7,0,9189419.0,9HJF9,249055000,16.0
2008-08-28T12:59:26,MILLENNIUM,HUBBARD GLACIER,59.53215,-139.9758167,21,17.8,14.7,0,9189419.0,9HJF9,249055000,16.0
2008-08-28T12:59:13,MILLENNIUM,HUBBARD GLACIER,59.53136667,-139.9762833,21,17.4,14.7,0,9189419.0,9HJF9,249055000,16.0
2008-08-28T12:59:07,MILLENNIUM,HUBBARD GLACIER,59.53098333,-139.97655,20,18.4,14.7,0,9189419.0,9HJF9,249055000,16.0
2008-08-28T12:59:01,MILLENNIUM,HUBBARD GLACIER,59.5306,-139.9768,20,16.1,14.7,0,9189419.0,9HJF9,249055000,16.0
2008-08-28T12:58:55,MILLENNIUM,HUBBARD GLACIER,59.5302,-139.9770167,19,16.2,14.7,0,9189419.0,9HJF9,249055000,16.0
2008-08-28T12:58:49,MILLENNIUM,HUBBARD GLACIER,59.52981667,-139.9772333,19,17.4,14.6,0,9189419.0,9HJF9,249055000,16.0
2008-08-28T12:58:43,MILLENNIUM,HUBBARD GLACIER,59.52943333,-139.9774667,19,15.4,14.7,0,9189419.0,9HJF9,249055000,16.0
2008-08-28T12:58:36,MILLENNIUM,HUBBARD GLACIER,59.52898333,-139.9777333,18,15.6,14.7,0,9189419.0,9HJF9,249055000,16.0
2008-08-28T12:58:31,MILLENNIUM,HUBBARD GLACIER,59.52866667,-139.9779167,18,14.8,14.7,0,9189419.0,9HJF9,249055000,16.0
2008-08-28T12:58:25,MILLENNIUM,HUBBARD GLACIER,59.5282,-139.9781333,18,16.8,14.7,0,9189419.0,9HJF9,249055000,16.0
2008-08-28T12:58:19,MILLENNIUM,HUBBARD GLACIER,59.52788333,-139.9783333,17,15.0,14.7,0,9189419.0,9HJF9,249055000,16.0
2008-08-28T12:58:13,MILLENNIUM,HUBBARD GLACIER,59.52746667,-139.9785,17,12.3,14.7,0,9189419.0,9HJF9,249055000,16.0
2008-08-28T12:58:07,MILLENNIUM,HUBBARD GLACIER,59.52706667,-139.9787,17,15.0,14.7,0,9189419.0,9HJF9,249055000,16.0
2008-08-28T12:58:01,MILLENNIUM,HUBBARD GLACIER,59.52668333,-139.9789167,16,13.6,14.6,0,9189419.0,9HJF9,249055000,16.0
2008-08-28T12:57:55,MILLENNIUM,HUBBARD GLACIER,59.52628333,-139.9790667,16,11.3,14.7,0,9189419.0,9HJF9,249055000,16.0
2008-08-28T12:57:49,MILLENNIUM,HUBBARD GLACIER,59.52588333,-139.9792667,16,14.4,14.8,0,9189419.0,9HJF9,249055000,16.0
2008-08-28T12:57:43,MILLENNIUM,HUBBARD GLACIER,59.52548333,-139.9794333,15,11.4,14.7,0,9189419.0,9HJF9,249055000,16.0
2008-08-28T12:57:36,MILLENNIUM,HUBBARD GLACIER,59.525,-139.9796333,15,12.6,14.7,0,9189419.0,9HJF9,249055000,16.0
2008-08-28T12:57:31,MILLENNIUM,HUBBARD GLACIER,59.52468333,-139.9797667,15,10.7,14.7,0,9189419.0,9HJF9,249055000,16.0
2008-08-28T12:57:25,MILLENNIUM,HUBBARD GLACIER,59.52426667,-139.9799333,15,11.2,14.7,0,9189419.0,9HJF9,249055000,16.0
2008-08-28T12:57:19,MILLENNIUM,HUBBARD GLACIER,59.52386667,-139.9801,14,11.2,14.7,0,9189419.0,9HJF9,249055000,16.0
2008-08-28T12:57:14,MILLENNIUM,HUBBARD GLACIER,59.52346667,-139.9802333,14,9.3,14.7,0,9189419.0,9HJF9,249055000,16.0
2008-08-28T12:57:07,MILLENNIUM,HUBBARD GLACIER,59.52306667,-139.9803833,14,12.0,14.7,0,9189419.0,9HJF9,249055000,16.0
2008-08-28T12:57:01,MILLENNIUM,HUBBARD GLACIER,59.52266667,-139.9805333,13,9.4,14.7,0,9189419.0,9HJF9,249055000,16.0
2008-08-28T12:56:55,MILLENNIUM,HUBBARD GLACIER,59.52225,-139.9806667,13,9.1,14.8,0,9189419.0,9HJF9,249055000,16.0
2008-08-28T12:56:49,MILLENNIUM,HUBBARD GLACIER,59.52185,-139.9808,12,8.9,14.8,0,9189419.0,9HJF9,249055000,16.0
2008-08-28T12:56:43,MILLENNIUM,HUBBARD GLACIER,59.52143333,-139.9809167,12,7.7,14.8,0,9189419.0,9HJF9,249055000,16.0
2008-08-28T12:56:37,MILLENNIUM,HUBBARD GLACIER,59.52095,-139.98105,12,8.9,14.8,0,9189419.0,9HJF9,249055000,16.0
2008-08-28T12:56:31,MILLENNIUM,HUBBARD GLACIER,59.52063333,-139.98115,11,7.1,14.8,0,9189419.0,9HJF9,249055000,16.0
2008-08-28T12:56:25,MILLENNIUM,HUBBARD GLACIER,59.52021667,-139.98125,11,7.1,14.7,0,9189419.0,9HJF9,249055000,16.0
2008-08-28T12:56:19,MILLENNIUM,HUBBARD GLACIER,59.51973333,-139.9813667,11,7.9,14.8,0,9189419.0,9HJF9,249055000,16.0
2008-08-28T12:56:14,MILLENNIUM,HUBBARD GLACIER,59.5194,-139.9814667,11,7.5,14.8,0,9189419.0,9HJF9,249055000,16.0
2008-08-28T12:56:07,MILLENNIUM,HUBBARD GLACIER,59.519,-139.9815667,10,6.5,14.8,0,9189419.0,9HJF9,249055000,16.0
2008-08-28T12:56:01,MILLENNIUM,HUBBARD GLACIER,59.5186,-139.9816667,10,7.6,14.8,0,9189419.0,9HJF9,249055000,16.0
2008-08-28T12:55:56,MILLENNIUM,HUBBARD GLACIER,59.51818333,-139.9817667,10,5.7,14.9,0,9189419.0,9HJF9,249055000,16.0
2008-08-28T12:55:50,MILLENNIUM,HUBBARD GLACIER,59.51776667,-139.9818333,10,7.6,14.8,0,9189419.0,9HJF9,249055000,16.0
2008-08-28T12:55:43,MILLENNIUM,HUBBARD GLACIER,59.51745,-139.9819333,9,6.2,14.8,0,9189419.0,9HJF9,249055000,16.0
2008-08-28T12:55:37,MILLENNIUM,HUBBARD GLACIER,59.51695,-139.9820167,0,0.0,0.0,0,9189419.0,9HJF9,249055000,16.0
2008-08-28T12:55:37,MILLENNIUM,HUBBARD GLACIER,59.51695,-139.9820167,9,4.0,15.0,0,9189419.0,9HJF9,249055000,16.0
2008-08-28T12:55:31,MILLENNIUM,HUBBARD GLACIER,59.51655,-139.9820833,9,8.2,14.8,0,9189419.0,9HJF9,249055000,16.0
2008-08-28T12:55:25,MILLENNIUM,HUBBARD GLACIER,59.51613333,-139.9822167,9,3.6,15.0,0,9189419.0,9HJF9,249055000,16.0
2008-08-28T12:55:19,MILLENNIUM,HUBBARD GLACIER,59.51573333,-139.98225,9,5.5,14.9,0,9189419.0,9HJF9,249055000,16.0
2008-08-28T12:55:13,MILLENNIUM,HUBBARD GLACIER,59.51531667,-139.98235,9,7.4,14.9,0,9189419.0,9HJF9,249055000,16.0
2008-08-28T12:55:07,MILLENNIUM,HUBBARD GLACIER,59.5149,-139.9824333,8,2.5,14.9,0,9189419.0,9HJF9,249055000,16.0
2008-08-28T12:55:01,MILLENNIUM,HUBBARD GLACIER,59.5145,-139.9825,9,6.3,14.9,0,9189419.0,9HJF9,249055000,16.0
2008-08-28T12:54:55,MILLENNIUM,HUBBARD GLACIER,59.5141,-139.9825667,8,4.9,14.8,0,9189419.0,9HJF9,249055000,16.0
2008-08-28T12:54:50,MILLENNIUM,HUBBARD GLACIER,59.51368333,-139.9826333,8,4.5,14.8,0,9189419.0,9HJF9,249055000,16.0
2008-08-28T12:54:44,MILLENNIUM,HUBBARD GLACIER,59.51326667,-139.9827,8,4.9,14.8,0,9189419.0,9HJF9,249055000,16.0
2008-08-28T12:54:31,MILLENNIUM,HUBBARD GLACIER,59.51241667,-139.9828333,8,6.0,14.8,0,9189419.0,9HJF9,249055000,16.0
2008-08-28T12:54:19,MILLENNIUM,HUBBARD GLACIER,59.51153333,-139.98295,8,5.3,14.9,0,9189419.0,9HJF9,249055000,16.0
2008-08-28T12:54:13,MILLENNIUM,HUBBARD GLACIER,59.51118333,-139.9830167,7,3.5,14.9,0,9189419.0,9HJF9,249055000,16.0
2008-08-28T12:54:07,MILLENNIUM,HUBBARD GLACIER,59.51076667,-139.9830667,7,3.1,14.9,0,9189419.0,9HJF9,249055000,16.0
2008-08-28T12:54:01,MILLENNIUM,HUBBARD GLACIER,59.51035,-139.9831167,7,3.9,14.9,0,9189419.0,9HJF9,249055000,16.0
2008-08-28T12:53:55,MILLENNIUM,HUBBARD GLACIER,59.50995,-139.9831667,7,3.5,14.9,0,9189419.0,9HJF9,249055000,16.0
2008-08-28T12:53:43,MILLENNIUM,HUBBARD GLACIER,59.50911667,-139.9832667,7,4.2,14.8,0,9189419.0,9HJF9,249055000,16.0
2008-08-28T12:53:37,MILLENNIUM,HUBBARD GLACIER,59.50871667,-139.9833333,7,2.7,14.9,0,9189419.0,9HJF9,249055000,16.0
2008-08-28T12:53:31,MILLENNIUM,HUBBARD GLACIER,59.5083,-139.98335,7,2.4,15.0,0,9189419.0,9HJF9,249055000,16.0
2008-08-28T12:53:31,MILLENNIUM,HUBBARD GLACIER,59.50788333,-139.9834,7,5.8,14.8,0,9189419.0,9HJF9,249055000,16.0
2008-08-28T12:53:19,MILLENNIUM,HUBBARD GLACIER,59.50746667,-139.9834667,7,1.6,15.1,0,9189419.0,9HJF9,249055000,16.0
2008-08-28T12:53:07,MILLENNIUM,HUBBARD GLACIER,59.50665,-139.9835833,7,6.2,15.0,0,9189419.0,9HJF9,249055000,16.0
2008-08-28T12:53:01,MILLENNIUM,HUBBARD GLACIER,59.50623333,-139.9836167,7,1.6,15.1,0,9189419.0,9HJF9,249055000,16.0
2008-08-28T12:52:55,MILLENNIUM,HUBBARD GLACIER,59.50581667,-139.9836667,8,4.5,15.0,0,9189419.0,9HJF9,249055000,16.0
2008-08-28T12:52:50,MILLENNIUM,HUBBARD GLACIER,59.5054,-139.98375,8,5.6,14.9,0,9189419.0,9HJF9,249055000,16.0
2008-08-28T12:52:43,MILLENNIUM,HUBBARD GLACIER,59.50498333,-139.9838,8,4.1,14.9,0,9189419.0,9HJF9,249055000,16.0
2008-08-28T12:52:37,MILLENNIUM,HUBBARD GLACIER,59.50456667,-139.98385,8,3.4,15.0,0,9189419.0,9HJF9,249055000,16.0
2008-08-28T12:52:26,MILLENNIUM,HUBBARD GLACIER,59.50375,-139.984,8,4.1,15.0,0,9189419.0,9HJF9,249055000,16.0
2008-08-28T12:52:19,MILLENNIUM,HUBBARD GLACIER,59.50333333,-139.9840333,8,3.0,15.0,0,9189419.0,9HJF9,249055000,16.0
2008-08-28T12:52:14,MILLENNIUM,HUBBARD GLACIER,59.503,-139.9841,8,6.8,15.0,0,9189419.0,9HJF9,249055000,16.0
2008-08-28T12:52:07,MILLENNIUM,HUBBARD GLACIER,59.50251667,-139.9841833,8,3.0,15.1,0,9189419.0,9HJF9,249055000,16.0
2008-08-28T12:51:55,MILLENNIUM,HUBBARD GLACIER,59.50176667,-139.9843,8,6.0,14.9,0,9189419.0,9HJF9,249055000,16.0
2008-08-28T12:51:49,MILLENNIUM,HUBBARD GLACIER,59.50126667,-139.9843833,8,3.0,15.0,0,9189419.0,9HJF9,249055000,16.0
2008-08-28T12:51:44,MILLENNIUM,HUBBARD GLACIER,59.50085,-139.9844167,8,4.1,15.0,0,9189419.0,9HJF9,249055000,16.0
2008-08-28T12:51:37,MILLENNIUM,HUBBARD GLACIER,59.50045,-139.9845,8,6.0,14.9,0,9189419.0,9HJF9,249055000,16.0
2008-08-28T12:51:31,MILLENNIUM,HUBBARD GLACIER,59.50003333,-139.9845667,8,2.6,15.0,0,9189419.0,9HJF9,249055000,16.0
2008-08-28T12:51:25,MILLENNIUM,HUBBARD GLACIER,59.4996,-139.9846,8,3.4,15.0,0,9189419.0,9HJF9,249055000,16.0
2008-08-28T12:51:19,MILLENNIUM,HUBBARD GLACIER,59.49918333,-139.9846833,8,4.9,14.9,0,9189419.0,9HJF9,249055000,16.0
2008-08-28T12:51:14,MILLENNIUM,HUBBARD GLACIER,59.49876667,-139.9847333,8,3.4,15.0,0,9189419.0,9HJF9,249055000,16.0
2008-08-28T12:51:07,MILLENNIUM,HUBBARD GLACIER,59.49836667,-139.9848,8,3.8,15.0,0,9189419.0,9HJF9,249055000,16.0
2008-08-28T12:51:02,MILLENNIUM,HUBBARD GLACIER,59.49795,-139.98485,8,4.1,15.0,0,9189419.0,9HJF9,249055000,16.0
2008-08-28T12:50:56,MILLENNIUM,HUBBARD GLACIER,59.49753333,-139.9849167,8,4.5,15.0,0,9189419.0,9HJF9,249055000,16.0
2008-08-28T12:50:49,MILLENNIUM,HUBBARD GLACIER,59.49711667,-139.9849667,8,3.4,15.0,0,9189419.0,9HJF9,249055000,16.0
2008-08-28T12:50:43,MILLENNIUM,HUBBARD GLACIER,59.4967,-139.9850167,8,4.5,15.1,0,9189419.0,9HJF9,249055000,16.0
2008-08-28T12:50:37,MILLENNIUM,HUBBARD GLACIER,59.49628333,-139.9850833,8,4.5,15.0,0,9189419.0,9HJF9,249055000,16.0
2008-08-28T12:50:31,MILLENNIUM,HUBBARD GLACIER,59.49586667,-139.98515,8,3.4,15.0,0,9189419.0,9HJF9,249055000,16.0
2008-08-28T12:50:25,MILLENNIUM,HUBBARD GLACIER,59.49545,-139.9851833,8,3.0,15.2,0,9189419.0,9HJF9,249055000,16.0
2008-08-28T12:50:19,MILLENNIUM,HUBBARD GLACIER,59.49503333,-139.9852667,8,6.1,15.1,0,9189419.0,9HJF9,249055000,16.0
2008-08-28T12:50:07,MILLENNIUM,HUBBARD GLACIER,59.49428333,-139.98535,8,3.8,15.1,0,9189419.0,9HJF9,249055000,16.0
2008-08-28T12:50:01,MILLENNIUM,HUBBARD GLACIER,59.49386667,-139.9854167,8,5.7,15.0,0,9189419.0,9HJF9,249055000,16.0
2008-08-28T12:49:55,MILLENNIUM,HUBBARD GLACIER,59.49345,-139.9854667,8,2.7,15.2,0,9189419.0,9HJF9,249055000,16.0
2008-08-28T12:49:49,MILLENNIUM,HUBBARD GLACIER,59.49303333,-139.9855333,8,4.9,15.1,0,9189419.0,9HJF9,249055000,16.0
2008-08-28T12:49:43,MILLENNIUM,HUBBARD GLACIER,59.49251667,-139.9856,8,3.4,15.2,0,9189419.0,9HJF9,249055000,16.0
2008-08-28T12:49:41,MILLENNIUM,HUBBARD GLACIER,59.4921,-139.98565,0,0.0,0.0,0,9189419.0,9HJF9,249055000,16.0
2008-08-28T12:49:37,MILLENNIUM,HUBBARD GLACIER,59.4921,-139.98565,8,4.9,15.1,0,9189419.0,9HJF9,249055000,16.0
2008-08-28T12:49:31,MILLENNIUM,HUBBARD GLACIER,59.49168333,-139.9857167,8,4.2,15.1,0,9189419.0,9HJF9,249055000,16.0
2008-08-28T12:49:27,MILLENNIUM,HUBBARD GLACIER,59.49126667,-139.9857667,8,3.8,15.1,0,9189419.0,9HJF9,249055000,16.0
2008-08-28T12:49:20,MILLENNIUM,HUBBARD GLACIER,59.49086667,-139.9858167,8,4.5,15.1,0,9189419.0,9HJF9,249055000,16.0
2008-08-28T12:49:13,MILLENNIUM,HUBBARD GLACIER,59.49045,-139.9858833,8,4.5,15.1,0,9189419.0,9HJF9,249055000,16.0
2008-08-28T12:49:07,MILLENNIUM,HUBBARD GLACIER,59.49003333,-139.9859333,8,4.2,15.2,0,9189419.0,9HJF9,249055000,16.0
2008-08-28T12:49:02,MILLENNIUM,HUBBARD GLACIER,59.4896,-139.9859833,8,3.4,15.1,0,9189419.0,9HJF9,249055000,16.0
2008-08-28T12:48:55,MILLENNIUM,HUBBARD GLACIER,59.48926667,-139.9860333,7,4.7,15.1,0,9189419.0,9HJF9,249055000,16.0
2008-08-28T12:48:49,MILLENNIUM,HUBBARD GLACIER,59.48878333,-139.9861,7,1.7,15.2,0,9189419.0,9HJF9,249055000,16.0
2008-08-28T12:48:43,MILLENNIUM,HUBBARD GLACIER,59.48836667,-139.9861333,7,3.9,15.2,0,9189419.0,9HJF9,249055000,16.0
2008-08-28T12:48:37,MILLENNIUM,HUBBARD GLACIER,59.48791667,-139.9862167,7,3.2,15.2,0,9189419.0,9HJF9,249055000,16.0
2008-08-28T12:48:31,MILLENNIUM,HUBBARD GLACIER,59.4875,-139.9862167,7,2.1,15.3,0,9189419.0,9HJF9,249055000,16.0
2008-08-28T12:48:25,MILLENNIUM,HUBBARD GLACIER,59.48716667,-139.9862667,7,3.9,15.1,0,9189419.0,9HJF9,249055000,16.0
2008-08-28T12:48:13,MILLENNIUM,HUBBARD GLACIER,59.48633333,-139.98635,7,4.3,15.2,0,9189419.0,9HJF9,249055000,16.0
2008-08-28T12:48:07,MILLENNIUM,HUBBARD GLACIER,59.48591667,-139.9863833,6,0.7,15.3,0,9189419.0,9HJF9,249055000,16.0
2008-08-28T12:48:02,MILLENNIUM,HUBBARD GLACIER,59.4855,-139.9864,6,2.9,15.2,0,9189419.0,9HJF9,249055000,16.0
2008-08-28T12:47:55,MILLENNIUM,HUBBARD GLACIER,59.48506667,-139.98645,6,1.8,15.3,0,9189419.0,9HJF9,249055000,16.0
2008-08-28T12:47:48,MILLENNIUM,HUBBARD GLACIER,59.48456667,-139.98645,5,0.4,15.2,0,9189419.0,9HJF9,249055000,16.0
2008-08-28T12:47:44,MILLENNIUM,HUBBARD GLACIER,59.48415,-139.9864833,5,3.4,15.2,0,9189419.0,9HJF9,249055000,16.0
2008-08-28T12:47:38,MILLENNIUM,HUBBARD GLACIER,59.48371667,-139.9865,5,358.7,15.4,0,9189419.0,9HJF9,249055000,16.0
2008-08-28T12:47:25,MILLENNIUM,HUBBARD GLACIER,59.48286667,-139.9865167,4,1.3,15.2,0,9189419.0,9HJF9,249055000,16.0
2008-08-28T12:47:19,MILLENNIUM,HUBBARD GLACIER,59.48245,-139.9864833,4,358.0,15.3,0,9189419.0,9HJF9,249055000,16.0
2008-08-28T12:47:13,MILLENNIUM,HUBBARD GLACIER,59.4821,-139.9864833,4,1.3,15.3,0,9189419.0,9HJF9,249055000,16.0
2008-08-28T12:47:07,MILLENNIUM,HUBBARD GLACIER,59.4816,-139.9865167,3,358.6,15.3,0,9189419.0,9HJF9,249055000,16.0
2008-08-28T12:47:01,MILLENNIUM,HUBBARD GLACIER,59.48116667,-139.98645,3,358.2,15.3,0,9189419.0,9HJF9,249055000,16.0
2008-08-28T12:46:54,MILLENNIUM,HUBBARD GLACIER,59.48076667,-139.98645,3,0.7,15.2,0,9189419.0,9HJF9,249055000,16.0
2008-08-28T12:46:49,MILLENNIUM,HUBBARD GLACIER,59.48031667,-139.9864333,3,357.9,15.6,0,9189419.0,9HJF9,249055000,16.0
2008-08-28T12:46:44,MILLENNIUM,HUBBARD GLACIER,59.47998333,-139.9864167,3,358.5,15.2,0,9189419.0,9HJF9,249055000,16.0
2008-08-28T12:46:37,MILLENNIUM,HUBBARD GLACIER,59.47956667,-139.9863833,3,0.0,15.3,0,9189419.0,9HJF9,249055000,16.0
2008-08-28T12:46:25,MILLENNIUM,HUBBARD GLACIER,59.47871667,-139.98635,3,359.3,15.2,0,9189419.0,9HJF9,249055000,16.0
2008-08-28T12:46:19,MILLENNIUM,HUBBARD GLACIER,59.47821667,-139.9863333,3,358.9,15.2,0,9189419.0,9HJF9,249055000,16.0
2008-08-28T12:46:13,MILLENNIUM,HUBBARD GLACIER,59.47786667,-139.9863,3,358.6,15.3,0,9189419.0,9HJF9,249055000,16.0
2008-08-28T12:46:07,MILLENNIUM,HUBBARD GLACIER,59.47736667,-139.9862833,3,0.7,15.3,0,9189419.0,9HJF9,249055000,16.0
2008-08-28T12:46:01,MILLENNIUM,HUBBARD GLACIER,59.47693333,-139.9862667,3,357.1,15.4,0,9189419.0,9HJF9,249055000,16.0
2008-08-28T12:45:54,MILLENNIUM,HUBBARD GLACIER,59.47651667,-139.9862333,3,0.0,15.2,0,9189419.0,9HJF9,249055000,16.0
2008-08-28T12:45:48,MILLENNIUM,HUBBARD GLACIER,59.47608333,-139.9862333,3,0.0,15.4,0,9189419.0,9HJF9,249055000,16.0
2008-08-28T12:45:43,MILLENNIUM,HUBBARD GLACIER,59.47566667,-139.9862167,3,356.7,15.4,0,9189419.0,9HJF9,249055000,16.0
2008-08-28T12:45:31,MILLENNIUM,HUBBARD GLACIER,59.47481667,-139.9861833,3,359.7,15.4,0,9189419.0,9HJF9,249055000,16.0
2008-08-28T12:45:25,MILLENNIUM,HUBBARD GLACIER,59.47438333,-139.98615,3,357.1,15.5,0,9189419.0,9HJF9,249055000,16.0
2008-08-28T12:45:19,MILLENNIUM,HUBBARD GLACIER,59.47396667,-139.98615,4,1.3,15.4,0,9189419.0,9HJF9,249055000,16.0
2008-08-28T12:45:13,MILLENNIUM,HUBBARD GLACIER,59.47353333,-139.98615,3,357.9,15.5,0,9189419.0,9HJF9,249055000,16.0
2008-08-28T12:45:01,MILLENNIUM,HUBBARD GLACIER,59.47276667,-139.9861333,4,0.6,15.3,0,9189419.0,9HJF9,249055000,16.0
2008-08-28T12:44:54,MILLENNIUM,HUBBARD GLACIER,59.47225,-139.9861333,4,359.6,15.4,0,9189419.0,9HJF9,249055000,16.0
2008-08-28T12:44:48,MILLENNIUM,HUBBARD GLACIER,59.47183333,-139.9861167,4,359.3,15.6,0,9189419.0,9HJF9,249055000,16.0
2008-08-28T12:44:43,MILLENNIUM,HUBBARD GLACIER,59.4714,-139.9861,4,359.6,15.4,0,9189419.0,9HJF9,249055000,16.0
2008-08-28T12:44:38,MILLENNIUM,HUBBARD GLACIER,59.47106667,-139.9861167,4,1.0,15.4,0,9189419.0,9HJF9,249055000,16.0
2008-08-28T12:44:31,MILLENNIUM,HUBBARD GLACIER,59.47063333,-139.9861,4,357.4,15.5,0,9189419.0,9HJF9,249055000,16.0
2008-08-28T12:44:25,MILLENNIUM,HUBBARD GLACIER,59.47021667,-139.9860833,4,1.0,15.4,0,9189419.0,9HJF9,249055000,16.0
2008-08-28T12:44:19,MILLENNIUM,HUBBARD GLACIER,59.46978333,-139.9861,4,0.2,15.4,0,9189419.0,9HJF9,249055000,16.0
2008-08-28T12:44:13,MILLENNIUM,HUBBARD GLACIER,59.46926667,-139.9860667,4,358.1,15.5,0,9189419.0,9HJF9,249055000,16.0
2008-08-28T12:44:07,MILLENNIUM,HUBBARD GLACIER,59.46883333,-139.9860667,4,1.4,15.5,0,9189419.0,9HJF9,249055000,16.0
2008-08-28T12:44:01,MILLENNIUM,HUBBARD GLACIER,59.46841667,-139.98605,4,358.1,15.5,0,9189419.0,9HJF9,249055000,16.0
2008-08-28T12:43:54,MILLENNIUM,HUBBARD GLACIER,59.46798333,-139.9860333,4,0.2,15.4,0,9189419.0,9HJF9,249055000,16.0
2008-08-28T12:43:48,MILLENNIUM,HUBBARD GLACIER,59.46756667,-139.9860333,4,0.0,15.6,0,9189419.0,9HJF9,249055000,16.0
2008-08-28T12:43:43,MILLENNIUM,HUBBARD GLACIER,59.46713333,-139.9860167,4,358.9,15.6,0,9189419.0,9HJF9,249055000,16.0
2008-08-28T12:43:37,MILLENNIUM,HUBBARD GLACIER,59.4667,-139.9860167,4,0.2,15.3,0,9189419.0,9HJF9,249055000,16.0
2008-08-28T12:43:36,MILLENNIUM,HUBBARD GLACIER,59.46626667,-139.986,0,0.0,0.0,0,9189419.0,9HJF9,249055000,16.0
2008-08-28T12:43:31,MILLENNIUM,HUBBARD GLACIER,59.46626667,-139.986,4,358.9,15.5,0,9189419.0,9HJF9,249055000,16.0
2008-08-28T12:43:25,MILLENNIUM,HUBBARD GLACIER,59.46585,-139.9859833,3,359.7,15.4,0,9189419.0,9HJF9,249055000,16.0
2008-08-28T12:43:13,MILLENNIUM,HUBBARD GLACIER,59.465,-139.9859333,3,357.9,15.5,0,9189419.0,9HJF9,249055000,16.0
2008-08-28T12:43:07,MILLENNIUM,HUBBARD GLACIER,59.46456667,-139.98595,3,0.4,15.5,0,9189419.0,9HJF9,249055000,16.0
2008-08-28T12:43:01,MILLENNIUM,HUBBARD GLACIER,59.46423333,-139.9859333,3,356.0,15.5,0,9189419.0,9HJF9,249055000,16.0
2008-08-28T12:42:55,MILLENNIUM,HUBBARD GLACIER,59.4638,-139.9858833,3,359.7,15.4,0,9189419.0,9HJF9,249055000,16.0
2008-08-28T12:42:48,MILLENNIUM,HUBBARD GLACIER,59.4633,-139.9859167,3,359.4,15.5,0,9189419.0,9HJF9,249055000,16.0
2008-08-28T12:42:43,MILLENNIUM,HUBBARD GLACIER,59.46295,-139.9858833,3,356.8,15.5,0,9189419.0,9HJF9,249055000,16.0
2008-08-28T12:42:37,MILLENNIUM,HUBBARD GLACIER,59.46243333,-139.98585,3,0.0,15.3,0,9189419.0,9HJF9,249055000,16.0
2008-08-28T12:42:31,MILLENNIUM,HUBBARD GLACIER,59.46208333,-139.98585,3,359.0,15.5,0,9189419.0,9HJF9,249055000,16.0
2008-08-28T12:42:25,MILLENNIUM,HUBBARD GLACIER,59.46166667,-139.9858167,3,358.3,15.6,0,9189419.0,9HJF9,249055000,16.0
2008-08-28T12:42:19,MILLENNIUM,HUBBARD GLACIER,59.46115,-139.9857833,3,358.9,15.3,0,9189419.0,9HJF9,249055000,16.0
2008-08-28T12:42:13,MILLENNIUM,HUBBARD GLACIER,59.46071667,-139.9857833,3,0.0,15.5,0,9189419.0,9HJF9,249055000,16.0
2008-08-28T12:42:07,MILLENNIUM,HUBBARD GLACIER,59.46028333,-139.9857667,3,358.6,15.4,0,9189419.0,9HJF9,249055000,16.0
2008-08-28T12:42:01,MILLENNIUM,HUBBARD GLACIER,59.45995,-139.9857333,3,358.6,15.4,0,9189419.0,9HJF9,249055000,16.0
2008-08-28T12:41:55,MILLENNIUM,HUBBARD GLACIER,59.4595,-139.9857167,3,359.3,15.4,0,9189419.0,9HJF9,249055000,16.0
2008-08-28T12:41:43,MILLENNIUM,HUBBARD GLACIER,59.45856667,-139.9856833,3,358.0,15.4,0,9189419.0,9HJF9,249055000,16.0
2008-08-28T12:41:37,MILLENNIUM,HUBBARD GLACIER,59.45815,-139.98565,2,358.0,15.4,0,9189419.0,9HJF9,249055000,16.0
2008-08-28T12:41:31,MILLENNIUM,HUBBARD GLACIER,59.45771667,-139.98565,2,359.5,15.6,0,9189419.0,9HJF9,249055000,16.0
2008-08-28T12:41:25,MILLENNIUM,HUBBARD GLACIER,59.45735,-139.9856333,2,358.7,15.4,0,9189419.0,9HJF9,249055000,16.0
2008-08-28T12:41:19,MILLENNIUM,HUBBARD GLACIER,59.45685,-139.9856,2,358.3,15.4,0,9189419.0,9HJF9,249055000,16.0
2008-08-28T12:41:13,MILLENNIUM,HUBBARD GLACIER,59.45641667,-139.9855833,2,359.1,15.4,0,9189419.0,9HJF9,249055000,16.0
2008-08-28T12:41:07,MILLENNIUM,HUBBARD GLACIER,59.45598333,-139.98555,2,358.3,15.4,0,9189419.0,9HJF9,249055000,16.0
2008-08-28T12:40:55,MILLENNIUM,HUBBARD GLACIER,59.45521667,-139.9855,2,359.5,15.6,0,9189419.0,9HJF9,249055000,16.0
2008-08-28T12:40:49,MILLENNIUM,HUBBARD GLACIER,59.45478333,-139.9854833,2,358.4,15.5,0,9189419.0,9HJF9,249055000,16.0
2008-08-28T12:40:43,MILLENNIUM,HUBBARD GLACIER,59.45435,-139.98545,2,359.1,15.5,0,9189419.0,9HJF9,249055000,16.0
2008-08-28T12:40:37,MILLENNIUM,HUBBARD GLACIER,59.45391667,-139.9854333,2,359.1,15.5,0,9189419.0,9HJF9,249055000,16.0
2008-08-28T12:40:31,MILLENNIUM,HUBBARD GLACIER,59.45348333,-139.9854,1,358.1,15.5,0,9189419.0,9HJF9,249055000,16.0
2008-08-28T12:40:18,MILLENNIUM,HUBBARD GLACIER,59.45253333,-139.98535,1,358.1,15.4,0,9189419.0,9HJF9,249055000,16.0
2008-08-28T12:40:13,MILLENNIUM,HUBBARD GLACIER,59.4521,-139.9853333,2,359.1,15.6,0,9189419.0,9HJF9,249055000,16.0
2008-08-28T12:39:56,MILLENNIUM,HUBBARD GLACIER,59.4509,-139.9852833,2,358.7,15.5,0,9189419.0,9HJF9,249055000,16.0
2008-08-28T12:39:49,MILLENNIUM,HUBBARD GLACIER,59.45038333,-139.9853,2,0.8,15.4,0,9189419.0,9HJF9,249055000,16.0
2008-08-28T12:39:37,MILLENNIUM,HUBBARD GLACIER,59.44953333,-139.9852667,2,0.8,15.4,0,9189419.0,9HJF9,249055000,16.0
2008-08-28T12:39:31,MILLENNIUM,HUBBARD GLACIER,59.44911667,-139.9852833,2,0.8,15.5,0,9189419.0,9HJF9,249055000,16.0
2008-08-28T12:39:25,MILLENNIUM,HUBBARD GLACIER,59.44876667,-139.98525,2,357.3,15.6,0,9189419.0,9HJF9,249055000,16.0
2008-08-28T12:39:19,MILLENNIUM,HUBBARD GLACIER,59.44825,-139.98525,2,2.0,15.4,0,9189419.0,9HJF9,249055000,16.0
2008-08-28T12:39:13,MILLENNIUM,HUBBARD GLACIER,59.4479,-139.9852667,2,359.1,15.5,0,9189419.0,9HJF9,249055000,16.0
2008-08-28T12:39:06,MILLENNIUM,HUBBARD GLACIER,59.44738333,-139.9852333,2,358.7,15.4,0,9189419.0,9HJF9,249055000,16.0
2008-08-28T12:39:01,MILLENNIUM,HUBBARD GLACIER,59.44705,-139.98525,2,1.2,15.3,0,9189419.0,9HJF9,249055000,16.0
2008-08-28T12:38:55,MILLENNIUM,HUBBARD GLACIER,59.4467,-139.98525,2,358.7,15.6,0,9189419.0,9HJF9,249055000,16.0
2008-08-28T12:38:49,MILLENNIUM,HUBBARD GLACIER,59.44618333,-139.9852167,2,359.8,15.4,0,9189419.0,9HJF9,249055000,16.0
2008-08-28T12:38:43,MILLENNIUM,HUBBARD GLACIER,59.44576667,-139.9852167,2,0.1,15.5,0,9189419.0,9HJF9,249055000,16.0
2008-08-28T12:38:37,MILLENNIUM,HUBBARD GLACIER,59.44533333,-139.9852167,2,359.1,15.4,0,9189419.0,9HJF9,249055000,16.0
2008-08-28T12:38:30,MILLENNIUM,HUBBARD GLACIER,59.44481667,-139.9851833,2,359.4,15.4,0,9189419.0,9HJF9,249055000,16.0
2008-08-28T12:38:25,MILLENNIUM,HUBBARD GLACIER,59.44445,-139.9851833,2,0.8,15.4,0,9189419.0,9HJF9,249055000,16.0
2008-08-28T12:38:18,MILLENNIUM,HUBBARD GLACIER,59.44393333,-139.9851667,1,357.0,15.5,0,9189419.0,9HJF9,249055000,16.0
2008-08-28T12:38:12,MILLENNIUM,HUBBARD GLACIER,59.44351667,-139.9851333,2,0.1,15.5,0,9189419.0,9HJF9,249055000,16.0
2008-08-28T12:38:07,MILLENNIUM,HUBBARD GLACIER,59.4431,-139.98515,2,358.5,15.5,0,9189419.0,9HJF9,249055000,16.0
2008-08-28T12:38:01,MILLENNIUM,HUBBARD GLACIER,59.44273333,-139.9851167,1,357.7,15.3,0,9189419.0,9HJF9,249055000,16.0
2008-08-28T12:37:56,MILLENNIUM,HUBBARD GLACIER,59.4423,-139.9851,2,0.5,15.6,0,9189419.0,9HJF9,249055000,16.0
2008-08-28T12:37:49,MILLENNIUM,HUBBARD GLACIER,59.4418,-139.9850833,1,358.5,15.5,0,9189419.0,9HJF9,249055000,16.0
2008-08-28T12:37:37,MILLENNIUM,HUBBARD GLACIER,59.44095,-139.98505,1,357.7,15.5,0,9189419.0,9HJF9,249055000,16.0
2008-08-28T12:37:36,MILLENNIUM,HUBBARD GLACIER,59.44053333,-139.98505,0,0.0,0.0,0,9189419.0,9HJF9,249055000,16.0
2008-08-28T12:37:31,MILLENNIUM,HUBBARD GLACIER,59.44053333,-139.98505,1,1.0,15.4,0,9189419.0,9HJF9,249055000,16.0
2008-08-28T12:37:25,MILLENNIUM,HUBBARD GLACIER,59.44018333,-139.98505,1,356.6,15.5,0,9189419.0,9HJF9,249055000,16.0
2008-08-28T12:37:19,MILLENNIUM,HUBBARD GLACIER,59.43966667,-139.985,1,359.6,15.4,0,9189419.0,9HJF9,249055000,16.0
2008-08-28T12:37:13,MILLENNIUM,HUBBARD GLACIER,59.43925,-139.9850167,1,359.9,15.6,0,9189419.0,9HJF9,249055000,16.0
2008-08-28T12:37:07,MILLENNIUM,HUBBARD GLACIER,59.43888333,-139.9849833,1,357.0,15.4,0,9189419.0,9HJF9,249055000,16.0
2008-08-28T12:37:01,MILLENNIUM,HUBBARD GLACIER,59.43846667,-139.9849833,1,0.2,15.4,0,9189419.0,9HJF9,249055000,16.0
2008-08-28T12:36:55,MILLENNIUM,HUBBARD GLACIER,59.43803333,-139.9849833,1,357.7,15.5,0,9189419.0,9HJF9,249055000,16.0
2008-08-28T12:36:49,MILLENNIUM,HUBBARD GLACIER,59.43753333,-139.9849667,2,0.1,15.3,0,9189419.0,9HJF9,249055000,16.0
2008-08-28T12:36:43,MILLENNIUM,HUBBARD GLACIER,59.43711667,-139.9849667,2,1.2,15.4,0,9189419.0,9HJF9,249055000,16.0
2008-08-28T12:36:37,MILLENNIUM,HUBBARD GLACIER,59.43676667,-139.9849667,2,359.5,15.5,0,9189419.0,9HJF9,249055000,16.0
2008-08-28T12:36:31,MILLENNIUM,HUBBARD GLACIER,59.43626667,-139.9849333,2,0.5,15.3,0,9189419.0,9HJF9,249055000,16.0
2008-08-28T12:36:27,MILLENNIUM,HUBBARD GLACIER,59.43591667,-139.98495,2,2.0,15.6,0,9189419.0,9HJF9,249055000,16.0
2008-08-28T12:36:18,MILLENNIUM,HUBBARD GLACIER,59.43541667,-139.9849333,2,358.3,15.1,0,9189419.0,9HJF9,249055000,16.0
2008-08-28T12:36:12,MILLENNIUM,HUBBARD GLACIER,59.43498333,-139.9849333,2,1.6,15.5,0,9189419.0,9HJF9,249055000,16.0
2008-08-28T12:36:06,MILLENNIUM,HUBBARD GLACIER,59.43456667,-139.9849667,2,0.5,15.4,0,9189419.0,9HJF9,249055000,16.0
2008-08-28T12:36:01,MILLENNIUM,HUBBARD GLACIER,59.43423333,-139.9849333,2,357.6,15.4,0,9189419.0,9HJF9,249055000,16.0
2008-08-28T12:35:55,MILLENNIUM,HUBBARD GLACIER,59.4338,-139.9849333,2,1.2,15.3,0,9189419.0,9HJF9,249055000,16.0
2008-08-28T12:35:49,MILLENNIUM,HUBBARD GLACIER,59.43336667,-139.98495,2,1.2,15.4,0,9189419.0,9HJF9,249055000,16.0
2008-08-28T12:35:43,MILLENNIUM,HUBBARD GLACIER,59.43293333,-139.9849,1,359.1,15.3,0,9189419.0,9HJF9,249055000,16.0
2008-08-28T12:35:37,MILLENNIUM,HUBBARD GLACIER,59.43251667,-139.9849,2,1.6,15.3,0,9189419.0,9HJF9,249055000,16.0
2008-08-28T12:35:30,MILLENNIUM,HUBBARD GLACIER,59.43208333,-139.9849,1,358.8,15.3,0,9189419.0,9HJF9,249055000,16.0
2008-08-28T12:35:25,MILLENNIUM,HUBBARD GLACIER,59.43175,-139.9849,2,359.8,15.4,0,9189419.0,9HJF9,249055000,16.0
2008-08-28T12:35:13,MILLENNIUM,HUBBARD GLACIER,59.43081667,-139.9848667,1,359.9,15.3,0,9189419.0,9HJF9,249055000,16.0
2008-08-28T12:35:07,MILLENNIUM,HUBBARD GLACIER,59.4304,-139.9848833,1,359.6,15.3,0,9189419.0,9HJF9,249055000,16.0
2008-08-28T12:35:01,MILLENNIUM,HUBBARD GLACIER,59.42996667,-139.9848667,1,358.1,15.3,0,9189419.0,9HJF9,249055000,16.0
2008-08-28T12:34:55,MILLENNIUM,HUBBARD GLACIER,59.42946667,-139.98485,1,0.2,15.2,0,9189419.0,9HJF9,249055000,16.0
2008-08-28T12:34:49,MILLENNIUM,HUBBARD GLACIER,59.42903333,-139.98485,1,358.8,15.3,0,9189419.0,9HJF9,249055000,16.0
2008-08-28T12:34:42,MILLENNIUM,HUBBARD GLACIER,59.42861667,-139.9848167,1,358.1,15.3,0,9189419.0,9HJF9,249055000,16.0
2008-08-28T12:34:30,MILLENNIUM,HUBBARD GLACIER,59.42776667,-139.9848333,1,358.8,15.3,0,9189419.0,9HJF9,249055000,16.0
2008-08-28T12:34:25,MILLENNIUM,HUBBARD GLACIER,59.42743333,-139.9848167,1,358.1,15.3,0,9189419.0,9HJF9,249055000,16.0
2008-08-28T12:34:19,MILLENNIUM,HUBBARD GLACIER,59.427,-139.9848167,1,0.6,15.4,0,9189419.0,9HJF9,249055000,16.0
2008-08-28T12:34:12,MILLENNIUM,HUBBARD GLACIER,59.42646667,-139.9848,1,358.8,15.2,0,9189419.0,9HJF9,249055000,16.0
2008-08-28T12:34:07,MILLENNIUM,HUBBARD GLACIER,59.42613333,-139.9848,1,359.2,15.2,0,9189419.0,9HJF9,249055000,16.0
2008-08-28T12:34:01,MILLENNIUM,HUBBARD GLACIER,59.42571667,-139.9848,1,359.2,15.2,0,9189419.0,9HJF9,249055000,16.0
2008-08-28T12:33:49,MILLENNIUM,HUBBARD GLACIER,59.42485,-139.9848,1,358.8,15.2,0,9189419.0,9HJF9,249055000,16.0
2008-08-28T12:33:43,MILLENNIUM,HUBBARD GLACIER,59.42443333,-139.9847833,2,359.8,15.2,0,9189419.0,9HJF9,249055000,16.0
2008-08-28T12:33:37,MILLENNIUM,HUBBARD GLACIER,59.42401667,-139.9847833,2,1.6,15.3,0,9189419.0,9HJF9,249055000,16.0
2008-08-28T12:33:31,MILLENNIUM,HUBBARD GLACIER,59.4236,-139.9848,1,358.4,15.3,0,9189419.0,9HJF9,249055000,16.0
2008-08-28T12:33:25,MILLENNIUM,HUBBARD GLACIER,59.42315,-139.9847667,2,359.4,15.2,0,9189419.0,9HJF9,249055000,16.0
2008-08-28T12:33:19,MILLENNIUM,HUBBARD GLACIER,59.42273333,-139.9847833,2,1.3,15.4,0,9189419.0,9HJF9,249055000,16.0
2008-08-28T12:33:12,MILLENNIUM,HUBBARD GLACIER,59.4223,-139.9848,1,358.1,15.4,0,9189419.0,9HJF9,249055000,16.0
2008-08-28T12:33:07,MILLENNIUM,HUBBARD GLACIER,59.42188333,-139.9847667,2,0.5,15.3,0,9189419.0,9HJF9,249055000,16.0
2008-08-28T12:33:01,MILLENNIUM,HUBBARD GLACIER,59.42136667,-139.9848,2,1.3,15.4,0,9189419.0,9HJF9,249055000,16.0
2008-08-28T12:32:56,MILLENNIUM,HUBBARD GLACIER,59.42095,-139.9847833,1,357.7,15.3,0,9189419.0,9HJF9,249055000,16.0
2008-08-28T12:32:49,MILLENNIUM,HUBBARD GLACIER,59.42051667,-139.9847667,2,0.1,15.2,0,9189419.0,9HJF9,249055000,16.0
2008-08-28T12:32:44,MILLENNIUM,HUBBARD GLACIER,59.4201,-139.9848,2,2.0,15.4,0,9189419.0,9HJF9,249055000,16.0
2008-08-28T12:32:37,MILLENNIUM,HUBBARD GLACIER,59.41976667,-139.9848,2,359.4,15.4,0,9189419.0,9HJF9,249055000,16.0
2008-08-28T12:32:31,MILLENNIUM,HUBBARD GLACIER,59.41935,-139.9847833,2,0.1,15.3,0,9189419.0,9HJF9,249055000,16.0
2008-08-28T12:32:25,MILLENNIUM,HUBBARD GLACIER,59.41893333,-139.9848167,2,2.0,15.3,0,9189419.0,9HJF9,249055000,16.0
2008-08-28T12:32:19,MILLENNIUM,HUBBARD GLACIER,59.41851667,-139.9848,1,358.1,15.4,0,9189419.0,9HJF9,249055000,16.0
2008-08-28T12:32:12,MILLENNIUM,HUBBARD GLACIER,59.418,-139.9848,2,1.2,15.3,0,9189419.0,9HJF9,249055000,16.0
2008-08-28T12:32:07,MILLENNIUM,HUBBARD GLACIER,59.41766667,-139.9848,1,359.2,15.4,0,9189419.0,9HJF9,249055000,16.0
2008-08-28T12:32:01,MILLENNIUM,HUBBARD GLACIER,59.41725,-139.9847833,1,359.6,15.4,0,9189419.0,9HJF9,249055000,16.0
2008-08-28T12:31:55,MILLENNIUM,HUBBARD GLACIER,59.41681667,-139.9848,1,359.9,15.4,0,9189419.0,9HJF9,249055000,16.0
2008-08-28T12:31:37,MILLENNIUM,HUBBARD GLACIER,59.41563333,-139.9848,1,359.9,15.4,0,9189419.0,9HJF9,249055000,16.0
2008-08-28T12:31:37,MILLENNIUM,HUBBARD GLACIER,59.41521667,-139.9847833,0,0.0,0.0,0,9189419.0,9HJF9,249055000,16.0
2008-08-28T12:31:31,MILLENNIUM,HUBBARD GLACIER,59.41521667,-139.9847833,1,357.7,15.3,0,9189419.0,9HJF9,249055000,16.0
2008-08-28T12:31:27,MILLENNIUM,HUBBARD GLACIER,59.4147,-139.9847667,1,1.3,15.4,0,9189419.0,9HJF9,249055000,16.0
2008-08-28T12:31:12,MILLENNIUM,HUBBARD GLACIER,59.41386667,-139.9847667,1,359.6,15.3,0,9189419.0,9HJF9,249055000,16.0
2008-08-28T12:31:07,MILLENNIUM,HUBBARD GLACIER,59.41343333,-139.9847667,1,0.6,15.5,0,9189419.0,9HJF9,249055000,16.0
2008-08-28T12:31:01,MILLENNIUM,HUBBARD GLACIER,59.413,-139.98475,1,359.6,15.4,0,9189419.0,9HJF9,249055000,16.0
2008-08-28T12:30:55,MILLENNIUM,HUBBARD GLACIER,59.41256667,-139.98475,1,0.2,15.4,0,9189419.0,9HJF9,249055000,16.0
2008-08-28T12:30:49,MILLENNIUM,HUBBARD GLACIER,59.41211667,-139.9847,1,358.1,15.4,0,9189419.0,9HJF9,249055000,16.0
2008-08-28T12:30:45,MILLENNIUM,HUBBARD GLACIER,59.41168333,-139.9847167,1,2.4,15.4,0,9189419.0,9HJF9,249055000,16.0
2008-08-28T12:30:38,MILLENNIUM,HUBBARD GLACIER,59.41135,-139.9847333,1,358.8,15.4,0,9189419.0,9HJF9,249055000,16.0
2008-08-28T12:30:31,MILLENNIUM,HUBBARD GLACIER,59.41085,-139.9847,1,359.6,15.4,0,9189419.0,9HJF9,249055000,16.0
2008-08-28T12:30:25,MILLENNIUM,HUBBARD GLACIER,59.41041667,-139.9847333,1,2.1,15.4,0,9189419.0,9HJF9,249055000,16.0
2008-08-28T12:30:12,MILLENNIUM,HUBBARD GLACIER,59.40956667,-139.9847,1,359.6,15.4,0,9189419.0,9HJF9,249055000,16.0
2008-08-28T12:30:01,MILLENNIUM,HUBBARD GLACIER,59.40871667,-139.9847167,1,359.2,15.4,0,9189419.0,9HJF9,249055000,16.0
2008-08-28T12:29:55,MILLENNIUM,HUBBARD GLACIER,59.40828333,-139.9846667,1,358.8,15.4,0,9189419.0,9HJF9,249055000,16.0
2008-08-28T12:29:43,MILLENNIUM,HUBBARD GLACIER,59.40751667,-139.9847333,1,358.1,15.5,0,9189419.0,9HJF9,249055000,16.0
2008-08-28T12:29:38,MILLENNIUM,HUBBARD GLACIER,59.4071,-139.9847,1,0.6,15.5,0,9189419.0,9HJF9,249055000,16.0
2008-08-28T12:29:31,MILLENNIUM,HUBBARD GLACIER,59.40666667,-139.9847167,1,359.6,15.5,0,9189419.0,9HJF9,249055000,16.0
2008-08-28T12:29:25,MILLENNIUM,HUBBARD GLACIER,59.40623333,-139.9847,1,0.2,15.5,0,9189419.0,9HJF9,249055000,16.0
2008-08-28T12:29:12,MILLENNIUM,HUBBARD GLACIER,59.40526667,-139.98465,1,359.2,15.5,0,9189419.0,9HJF9,249055000,16.0
2008-08-28T12:29:07,MILLENNIUM,HUBBARD GLACIER,59.40483333,-139.9846667,1,1.7,15.6,0,9189419.0,9HJF9,249055000,16.0
2008-08-28T12:28:43,MILLENNIUM,HUBBARD GLACIER,59.40321667,-139.98465,1,358.5,15.5,0,9189419.0,9HJF9,249055000,16.0
2008-08-28T12:28:38,MILLENNIUM,HUBBARD GLACIER,59.4028,-139.9846333,1,0.2,15.3,0,9189419.0,9HJF9,249055000,16.0
2008-08-28T12:28:31,MILLENNIUM,HUBBARD GLACIER,59.40223333,-139.9846,1,359.2,15.5,0,9189419.0,9HJF9,249055000,16.0
2008-08-28T12:28:25,MILLENNIUM,HUBBARD GLACIER,59.40188333,-139.9845833,1,0.6,15.5,0,9189419.0,9HJF9,249055000,16.0
2008-08-28T12:28:19,MILLENNIUM,HUBBARD GLACIER,59.40138333,-139.9845667,1,358.8,15.4,0,9189419.0,9HJF9,249055000,16.0
2008-08-28T12:28:13,MILLENNIUM,HUBBARD GLACIER,59.40095,-139.98455,1,0.6,15.6,0,9189419.0,9HJF9,249055000,16.0
2008-08-28T12:28:07,MILLENNIUM,HUBBARD GLACIER,59.4006,-139.9845667,0,0.7,15.5,0,9189419.0,9HJF9,249055000,16.0
2008-08-28T12:28:01,MILLENNIUM,HUBBARD GLACIER,59.4001,-139.98455,0,358.8,15.4,0,9189419.0,9HJF9,249055000,16.0
2008-08-28T12:27:55,MILLENNIUM,HUBBARD GLACIER,59.39966667,-139.9845333,0,359.3,15.6,0,9189419.0,9HJF9,249055000,16.0
2008-08-28T12:27:25,MILLENNIUM,HUBBARD GLACIER,59.39758333,-139.9845,1,0.6,15.4,0,9189419.0,9HJF9,249055000,16.0
2008-08-28T12:27:13,MILLENNIUM,HUBBARD GLACIER,59.3967,-139.9845333,1,1.0,15.4,0,9189419.0,9HJF9,249055000,16.0
2008-08-28T12:27:02,MILLENNIUM,HUBBARD GLACIER,59.39585,-139.9845167,1,358.4,15.4,0,9189419.0,9HJF9,249055000,16.0
2008-08-28T12:26:55,MILLENNIUM,HUBBARD GLACIER,59.39543333,-139.9845167,1,0.6,15.4,0,9189419.0,9HJF9,249055000,16.0
2008-08-28T12:26:49,MILLENNIUM,HUBBARD GLACIER,59.39508333,-139.98455,1,1.7,15.4,0,9189419.0,9HJF9,249055000,16.0
2008-08-28T12:26:43,MILLENNIUM,HUBBARD GLACIER,59.39465,-139.98455,1,358.1,15.3,0,9189419.0,9HJF9,249055000,16.0
2008-08-28T12:26:37,MILLENNIUM,HUBBARD GLACIER,59.39421667,-139.9845333,2,1.2,15.3,0,9189419.0,9HJF9,249055000,16.0
2008-08-28T12:26:31,MILLENNIUM,HUBBARD GLACIER,59.39371667,-139.9845667,2,1.6,15.4,0,9189419.0,9HJF9,249055000,16.0
2008-08-28T12:26:12,MILLENNIUM,HUBBARD GLACIER,59.39245,-139.9846167,2,2.0,15.3,0,9189419.0,9HJF9,249055000,16.0
2008-08-28T12:26:01,MILLENNIUM,HUBBARD GLACIER,59.39168333,-139.9846167,2,3.1,15.5,0,9189419.0,9HJF9,249055000,16.0
2008-08-28T12:25:55,MILLENNIUM,HUBBARD GLACIER,59.39125,-139.9846333,1,359.2,15.3,0,9189419.0,9HJF9,249055000,16.0
2008-08-28T12:25:49,MILLENNIUM,HUBBARD GLACIER,59.39081667,-139.9846167,2,0.8,15.4,0,9189419.0,9HJF9,249055000,16.0
2008-08-28T12:25:43,MILLENNIUM,HUBBARD GLACIER,59.3904,-139.98465,1,1.3,15.5,0,9189419.0,9HJF9,249055000,16.0
2008-08-28T12:25:38,MILLENNIUM,HUBBARD GLACIER,59.38996667,-139.98465,1,358.8,15.3,0,9189419.0,9HJF9,249055000,16.0
2008-08-28T12:25:36,MILLENNIUM,HUBBARD GLACIER,59.38955,-139.98465,0,0.0,0.0,0,9189419.0,9HJF9,249055000,16.0
2008-08-28T12:25:31,MILLENNIUM,HUBBARD GLACIER,59.38955,-139.98465,1,1.3,15.4,0,9189419.0,9HJF9,249055000,16.0
2008-08-28T12:25:25,MILLENNIUM,HUBBARD GLACIER,59.38903333,-139.9846667,1,359.2,15.5,0,9189419.0,9HJF9,249055000,16.0
2008-08-28T12:25:13,MILLENNIUM,HUBBARD GLACIER,59.38816667,-139.98465,1,1.0,15.5,0,9189419.0,9HJF9,249055000,16.0
2008-08-28T12:24:43,MILLENNIUM,HUBBARD GLACIER,59.38611667,-139.9846,1,1.0,15.5,0,9189419.0,9HJF9,249055000,16.0
2008-08-28T12:24:38,MILLENNIUM,HUBBARD GLACIER,59.38568333,-139.9846,1,359.2,15.5,0,9189419.0,9HJF9,249055000,16.0
2008-08-28T12:24:25,MILLENNIUM,HUBBARD GLACIER,59.38473333,-139.9845833,1,0.6,15.5,0,9189419.0,9HJF9,249055000,16.0
2008-08-28T12:24:19,MILLENNIUM,HUBBARD GLACIER,59.3844,-139.9845833,0,359.7,15.5,0,9189419.0,9HJF9,249055000,16.0
2008-08-28T12:24:13,MILLENNIUM,HUBBARD GLACIER,59.38396667,-139.9845667,1,359.2,15.4,0,9189419.0,9HJF9,249055000,16.0
2008-08-28T12:24:01,MILLENNIUM,HUBBARD GLACIER,59.38301667,-139.9845667,1,359.6,15.5,0,9189419.0,9HJF9,249055000,16.0
2008-08-28T12:23:55,MILLENNIUM,HUBBARD GLACIER,59.38268333,-139.98455,1,359.6,15.4,0,9189419.0,9HJF9,249055000,16.0
2008-08-28T12:23:50,MILLENNIUM,HUBBARD GLACIER,59.38225,-139.98455,1,1.0,15.4,0,9189419.0,9HJF9,249055000,16.0
2008-08-28T12:23:44,MILLENNIUM,HUBBARD GLACIER,59.38181667,-139.98455,1,359.9,15.5,0,9189419.0,9HJF9,249055000,16.0
2008-08-28T12:23:38,MILLENNIUM,HUBBARD GLACIER,59.3814,-139.98455,1,0.2,15.5,0,9189419.0,9HJF9,249055000,16.0
2008-08-28T12:23:31,MILLENNIUM,HUBBARD GLACIER,59.38096667,-139.98455,1,359.9,15.5,0,9189419.0,9HJF9,249055000,16.0
2008-08-28T12:23:19,MILLENNIUM,HUBBARD GLACIER,59.38011667,-139.9845667,1,0.2,15.5,0,9189419.0,9HJF9,249055000,16.0
2008-08-28T12:23:13,MILLENNIUM,HUBBARD GLACIER,59.3796,-139.98455,1,359.6,15.4,0,9189419.0,9HJF9,249055000,16.0
2008-08-28T12:23:07,MILLENNIUM,HUBBARD GLACIER,59.37925,-139.98455,1,0.2,15.4,0,9189419.0,9HJF9,249055000,16.0
2008-08-28T12:23:00,MILLENNIUM,HUBBARD GLACIER,59.37873333,-139.9846,1,1.0,15.5,0,9189419.0,9HJF9,249055000,16.0
2008-08-28T12:22:43,MILLENNIUM,HUBBARD GLACIER,59.37753333,-139.9846,1,1.3,15.5,0,9189419.0,9HJF9,249055000,16.0
2008-08-28T12:22:37,MILLENNIUM,HUBBARD GLACIER,59.37711667,-139.9846,1,358.8,15.6,0,9189419.0,9HJF9,249055000,16.0
2008-08-28T12:22:19,MILLENNIUM,HUBBARD GLACIER,59.37583333,-139.9846333,1,359.9,15.5,0,9189419.0,9HJF9,249055000,16.0
2008-08-28T12:21:38,MILLENNIUM,HUBBARD GLACIER,59.37285,-139.9847,1,2.8,15.5,0,9189419.0,9HJF9,249055000,16.0
2008-08-28T12:21:31,MILLENNIUM,HUBBARD GLACIER,59.3724,-139.9846833,1,358.1,15.5,0,9189419.0,9HJF9,249055000,16.0
2008-08-28T12:21:24,MILLENNIUM,HUBBARD GLACIER,59.37186667,-139.9846667,1,1.7,15.5,0,9189419.0,9HJF9,249055000,16.0
2008-08-28T12:21:19,MILLENNIUM,HUBBARD GLACIER,59.37151667,-139.9847,1,1.0,15.5,0,9189419.0,9HJF9,249055000,16.0
2008-08-28T12:21:13,MILLENNIUM,HUBBARD GLACIER,59.37108333,-139.9846833,1,358.5,15.6,0,9189419.0,9HJF9,249055000,16.0
2008-08-28T12:21:07,MILLENNIUM,HUBBARD GLACIER,59.37056667,-139.9846833,1,2.1,15.5,0,9189419.0,9HJF9,249055000,16.0
2008-08-28T12:21:00,MILLENNIUM,HUBBARD GLACIER,59.37013333,-139.9846833,1,359.9,15.5,0,9189419.0,9HJF9,249055000,16.0
2008-08-28T12:20:55,MILLENNIUM,HUBBARD GLACIER,59.36968333,-139.9846833,1,0.6,15.5,0,9189419.0,9HJF9,249055000,16.0
2008-08-28T12:20:49,MILLENNIUM,HUBBARD GLACIER,59.36935,-139.9847,1,0.6,15.5,0,9189419.0,9HJF9,249055000,16.0
2008-08-28T12:20:43,MILLENNIUM,HUBBARD GLACIER,59.36891667,-139.9847,1,0.6,15.5,0,9189419.0,9HJF9,249055000,16.0
2008-08-28T12:20:37,MILLENNIUM,HUBBARD GLACIER,59.3685,-139.9847167,1,0.6,15.5,0,9189419.0,9HJF9,249055000,16.0
2008-08-28T12:19:49,MILLENNIUM,HUBBARD GLACIER,59.3652,-139.9848333,1,1.3,15.5,0,9189419.0,9HJF9,249055000,16.0
2008-08-28T12:19:20,MILLENNIUM,HUBBARD GLACIER,59.36296667,-139.9848333,1,1.0,15.5,0,9189419.0,9HJF9,249055000,16.0
2008-08-28T12:19:13,MILLENNIUM,HUBBARD GLACIER,59.36251667,-139.98485,1,0.6,15.5,0,9189419.0,9HJF9,249055000,16.0
2008-08-28T12:19:00,MILLENNIUM,HUBBARD GLACIER,59.36156667,-139.98485,1,0.2,15.6,0,9189419.0,9HJF9,249055000,16.0
2008-08-28T12:18:01,MILLENNIUM,HUBBARD GLACIER,59.35735,-139.9848167,1,2.4,15.6,0,9189419.0,9HJF9,249055000,16.0
2008-08-28T12:17:50,MILLENNIUM,HUBBARD GLACIER,59.3565,-139.9848,1,0.6,15.6,0,9189419.0,9HJF9,249055000,16.0
2008-08-28T12:17:01,MILLENNIUM,HUBBARD GLACIER,59.35303333,-139.9847333,1,1.0,15.5,0,9189419.0,9HJF9,249055000,16.0
2008-08-28T12:16:01,MILLENNIUM,HUBBARD GLACIER,59.34875,-139.9846833,1,359.2,15.6,0,9189419.0,9HJF9,249055000,16.0
2008-08-28T12:15:25,MILLENNIUM,HUBBARD GLACIER,59.34616667,-139.9847167,2,359.8,15.5,0,9189419.0,9HJF9,249055000,16.0
2008-08-28T12:14:48,MILLENNIUM,HUBBARD GLACIER,59.3436,-139.9848167,2,0.8,15.5,0,9189419.0,9HJF9,249055000,16.0
2008-08-28T12:14:31,MILLENNIUM,HUBBARD GLACIER,59.34233333,-139.9848333,2,0.8,15.4,0,9189419.0,9HJF9,249055000,16.0
2008-08-28T12:14:01,MILLENNIUM,HUBBARD GLACIER,59.34016667,-139.9847667,0,357.1,15.5,0,9189419.0,9HJF9,249055000,16.0
2008-08-28T12:13:48,MILLENNIUM,HUBBARD GLACIER,59.33923333,-139.9847167,0,356.7,15.5,0,9189419.0,9HJF9,249055000,16.0
2008-08-28T12:13:31,MILLENNIUM,HUBBARD GLACIER,59.33806667,-139.98465,358,354.6,15.4,0,9189419.0,9HJF9,249055000,16.0
2008-08-28T12:12:54,MILLENNIUM,HUBBARD GLACIER,59.33553333,-139.9842833,356,354.5,15.4,0,9189419.0,9HJF9,249055000,16.0
2008-08-28T12:12:48,MILLENNIUM,HUBBARD GLACIER,59.33513333,-139.9842,356,353.7,15.4,0,9189419.0,9HJF9,249055000,16.0
2008-08-28T12:12:44,MILLENNIUM,HUBBARD GLACIER,59.33478333,-139.9841333,355,353.8,15.4,0,9189419.0,9HJF9,249055000,16.0
2008-08-28T12:11:54,MILLENNIUM,HUBBARD GLACIER,59.33131667,-139.9831333,352,350.5,15.3,0,9189419.0,9HJF9,249055000,16.0
2008-08-28T12:11:37,MILLENNIUM,HUBBARD GLACIER,59.33015,-139.9827333,350,348.4,15.2,0,9189419.0,9HJF9,249055000,16.0
2008-08-28T12:11:18,MILLENNIUM,HUBBARD GLACIER,59.32881667,-139.98215,348,344.9,15.2,0,9189419.0,9HJF9,249055000,16.0
2008-08-28T12:10:44,MILLENNIUM,HUBBARD GLACIER,59.3264,-139.9809333,345,343.1,15.5,0,9189419.0,9HJF9,249055000,16.0
2008-08-28T12:10:18,MILLENNIUM,HUBBARD GLACIER,59.32471667,-139.9798333,343,341.5,15.4,0,9189419.0,9HJF9,249055000,16.0
2008-08-28T12:10:13,MILLENNIUM,HUBBARD GLACIER,59.3243,-139.9795667,342,340.8,15.3,0,9189419.0,9HJF9,249055000,16.0
2008-08-28T12:10:07,MILLENNIUM,HUBBARD GLACIER,59.32388333,-139.9793,342,339.3,15.3,0,9189419.0,9HJF9,249055000,16.0
2008-08-28T12:10:02,MILLENNIUM,HUBBARD GLACIER,59.32348333,-139.9790167,341,341.7,15.4,0,9189419.0,9HJF9,249055000,16.0
2008-08-28T12:09:18,MILLENNIUM,HUBBARD GLACIER,59.32075,-139.97685,338,335.0,15.4,0,9189419.0,9HJF9,249055000,16.0
2008-08-28T12:09:13,MILLENNIUM,HUBBARD GLACIER,59.32036667,-139.9765333,337,337.3,15.4,0,9189419.0,9HJF9,249055000,16.0
2008-08-28T12:09:07,MILLENNIUM,HUBBARD GLACIER,59.32003333,-139.97625,337,335.8,15.4,0,9189419.0,9HJF9,249055000,16.0
2008-08-28T12:08:43,MILLENNIUM,HUBBARD GLACIER,59.31848333,-139.9748167,335,335.3,15.5,0,9189419.0,9HJF9,249055000,16.0
2008-08-28T12:08:37,MILLENNIUM,HUBBARD GLACIER,59.318,-139.9744167,334,332.8,15.4,0,9189419.0,9HJF9,249055000,16.0
2008-08-28T12:08:31,MILLENNIUM,HUBBARD GLACIER,59.31761667,-139.974,334,332.8,15.5,0,9189419.0,9HJF9,249055000,16.0
2008-08-28T12:07:01,MILLENNIUM,HUBBARD GLACIER,59.31216667,-139.9676333,327,326.7,15.2,0,9189419.0,9HJF9,249055000,16.0
2008-08-28T05:18:37,MILLENNIUM,HUBBARD GLACIER,58.21331667,-137.36515,308,307.2,15.6,0,9189419.0,9HJF9,249055000,16.0
2008-08-28T05:13:37,MILLENNIUM,HUBBARD GLACIER,58.19945,-137.3337,313,313.6,17.0,0,9189419.0,9HJF9,249055000,16.0
2008-08-28T04:46:50,MILLENNIUM,HUBBARD GLACIER,58.17571667,-137.09015,275,276.2,18.0,0,9189419.0,9HJF9,249055000,16.0
2008-08-28T04:45:49,MILLENNIUM,HUBBARD GLACIER,58.17535,-137.0805833,275,275.3,17.9,0,9189419.0,9HJF9,249055000,16.0
2008-08-28T04:39:49,MILLENNIUM,HUBBARD GLACIER,58.17303333,-137.0246833,276,275.0,18.2,0,9189419.0,9HJF9,249055000,16.0
2008-08-28T04:39:42,MILLENNIUM,HUBBARD GLACIER,58.17296667,-137.0235667,276,275.3,18.1,0,9189419.0,9HJF9,249055000,16.0
2008-08-28T04:38:00,MILLENNIUM,HUBBARD GLACIER,58.17218333,-137.00755,276,275.3,18.0,0,9189419.0,9HJF9,249055000,16.0
2008-08-28T04:37:49,MILLENNIUM,HUBBARD GLACIER,58.1721,-137.0058667,276,276.0,18.1,0,9189419.0,9HJF9,249055000,16.0
2008-08-28T04:37:38,MILLENNIUM,HUBBARD GLACIER,58.17201667,-137.0039667,276,274.7,18.0,0,9189419.0,9HJF9,249055000,16.0
2008-08-28T04:37:25,MILLENNIUM,HUBBARD GLACIER,58.17193333,-137.0020833,276,276.0,18.0,0,9189419.0,9HJF9,249055000,16.0
2008-08-28T04:36:38,MILLENNIUM,HUBBARD GLACIER,58.17156667,-136.9944167,276,275.3,17.8,0,9189419.0,9HJF9,249055000,16.0
2008-08-28T04:36:25,MILLENNIUM,HUBBARD GLACIER,58.17148333,-136.99275,276,274.3,17.9,0,9189419.0,9HJF9,249055000,16.0
2008-08-28T04:36:18,MILLENNIUM,HUBBARD GLACIER,58.17141667,-136.9916167,276,276.0,17.9,0,9189419.0,9HJF9,249055000,16.0
2008-08-28T04:36:12,MILLENNIUM,HUBBARD GLACIER,58.17136667,-136.9906833,276,275.3,18.1,0,9189419.0,9HJF9,249055000,16.0
2008-08-28T04:36:06,MILLENNIUM,HUBBARD GLACIER,58.17131667,-136.9897333,276,274.3,17.9,0,9189419.0,9HJF9,249055000,16.0
2008-08-28T04:36:01,MILLENNIUM,HUBBARD GLACIER,58.17126667,-136.9889667,277,276.6,17.9,0,9189419.0,9HJF9,249055000,16.0
2008-08-28T04:35:49,MILLENNIUM,HUBBARD GLACIER,58.17118333,-136.9871,277,276.3,17.8,0,9189419.0,9HJF9,249055000,16.0
2008-08-28T04:34:43,MILLENNIUM,HUBBARD GLACIER,58.17063333,-136.9765667,277,276.3,18.0,0,9189419.0,9HJF9,249055000,16.0
2008-08-28T04:34:39,MILLENNIUM,HUBBARD GLACIER,58.1706,-136.9758167,276,274.7,18.1,0,9189419.0,9HJF9,249055000,16.0
2008-08-28T04:34:25,MILLENNIUM,HUBBARD GLACIER,58.1705,-136.9739333,276,273.7,18.0,0,9189419.0,9HJF9,249055000,16.0
2008-08-28T04:34:18,MILLENNIUM,HUBBARD GLACIER,58.17043333,-136.9728,276,274.7,18.0,0,9189419.0,9HJF9,249055000,16.0
2008-08-28T04:34:13,MILLENNIUM,HUBBARD GLACIER,58.17041667,-136.97205,276,274.4,18.0,0,9189419.0,9HJF9,249055000,16.0
2008-08-28T04:34:01,MILLENNIUM,HUBBARD GLACIER,58.17033333,-136.9701833,276,272.7,17.8,0,9189419.0,9HJF9,249055000,16.0
2008-08-28T04:33:49,MILLENNIUM,HUBBARD GLACIER,58.17025,-136.9683167,276,274.7,17.9,0,9189419.0,9HJF9,249055000,16.0
2008-08-28T04:33:37,MILLENNIUM,HUBBARD GLACIER,58.17016667,-136.9664333,275,275.3,17.9,0,9189419.0,9HJF9,249055000,16.0
2008-08-28T04:33:12,MILLENNIUM,HUBBARD GLACIER,58.17001667,-136.9625333,275,274.0,18.0,0,9189419.0,9HJF9,249055000,16.0
2008-08-28T04:33:01,MILLENNIUM,HUBBARD GLACIER,58.16995,-136.9608333,275,273.0,17.8,0,9189419.0,9HJF9,249055000,16.0
2008-08-28T04:32:13,MILLENNIUM,HUBBARD GLACIER,58.16973333,-136.9533,274,272.0,17.9,0,9189419.0,9HJF9,249055000,16.0
2008-08-28T04:32:01,MILLENNIUM,HUBBARD GLACIER,58.16968333,-136.95145,275,273.0,17.7,0,9189419.0,9HJF9,249055000,16.0
2008-08-28T04:31:50,MILLENNIUM,HUBBARD GLACIER,58.16963333,-136.9495833,275,273.6,17.6,0,9189419.0,9HJF9,249055000,16.0
2008-08-28T04:31:37,MILLENNIUM,HUBBARD GLACIER,58.16956667,-136.9477333,275,272.7,17.7,0,9189419.0,9HJF9,249055000,16.0
2008-08-28T04:31:25,MILLENNIUM,HUBBARD GLACIER,58.1695,-136.9457,275,273.6,17.5,0,9189419.0,9HJF9,249055000,16.0
2008-08-28T04:31:00,MILLENNIUM,HUBBARD GLACIER,58.16936667,-136.9420333,275,274.3,17.7,0,9189419.0,9HJF9,249055000,16.0
2008-08-28T04:30:49,MILLENNIUM,HUBBARD GLACIER,58.16931667,-136.9403667,275,275.0,17.8,0,9189419.0,9HJF9,249055000,16.0
2008-08-28T04:30:49,MILLENNIUM,HUBBARD GLACIER,58.16915,-136.9364833,0,0.0,0.0,0,9189419.0,9HJF9,249055000,16.0
2008-08-28T04:30:24,MILLENNIUM,HUBBARD GLACIER,58.16915,-136.9364833,275,275.0,17.8,0,9189419.0,9HJF9,249055000,16.0
2008-08-28T04:30:19,MILLENNIUM,HUBBARD GLACIER,58.16913333,-136.9357333,275,272.7,17.6,0,9189419.0,9HJF9,249055000,16.0
2008-08-28T04:30:13,MILLENNIUM,HUBBARD GLACIER,58.1691,-136.9348167,275,275.9,17.5,0,9189419.0,9HJF9,249055000,16.0
2008-08-28T04:30:00,MILLENNIUM,HUBBARD GLACIER,58.16903333,-136.9329833,275,275.0,17.5,0,9189419.0,9HJF9,249055000,16.0
2008-08-28T04:29:49,MILLENNIUM,HUBBARD GLACIER,58.16896667,-136.9311167,275,273.7,18.2,0,9189419.0,9HJF9,249055000,16.0
2008-08-28T04:29:36,MILLENNIUM,HUBBARD GLACIER,58.1689,-136.9292667,275,273.3,17.8,0,9189419.0,9HJF9,249055000,16.0
2008-08-28T04:29:24,MILLENNIUM,HUBBARD GLACIER,58.16881667,-136.9272167,275,276.2,17.9,0,9189419.0,9HJF9,249055000,16.0
2008-08-28T04:29:13,MILLENNIUM,HUBBARD GLACIER,58.16875,-136.9255333,274,273.3,17.6,0,9189419.0,9HJF9,249055000,16.0
2008-08-28T04:29:01,MILLENNIUM,HUBBARD GLACIER,58.16868333,-136.9234667,274,272.1,18.1,0,9189419.0,9HJF9,249055000,16.0
2008-08-28T04:28:49,MILLENNIUM,HUBBARD GLACIER,58.16863333,-136.9217833,274,272.7,17.9,0,9189419.0,9HJF9,249055000,16.0
2008-08-28T04:28:14,MILLENNIUM,HUBBARD GLACIER,58.16843333,-136.9163333,275,274.3,17.6,0,9189419.0,9HJF9,249055000,16.0
2008-08-28T04:28:06,MILLENNIUM,HUBBARD GLACIER,58.16838333,-136.9152167,275,274.0,17.6,0,9189419.0,9HJF9,249055000,16.0
2008-08-28T04:28:01,MILLENNIUM,HUBBARD GLACIER,58.16835,-136.9142667,275,275.6,17.8,0,9189419.0,9HJF9,249055000,16.0
2008-08-28T04:27:54,MILLENNIUM,HUBBARD GLACIER,58.16831667,-136.9133167,275,273.7,18.4,0,9189419.0,9HJF9,249055000,16.0
2008-08-28T04:27:48,MILLENNIUM,HUBBARD GLACIER,58.16828333,-136.9123667,275,272.4,18.3,0,9189419.0,9HJF9,249055000,16.0
2008-08-28T04:27:36,MILLENNIUM,HUBBARD GLACIER,58.1682,-136.9102667,275,274.0,18.0,0,9189419.0,9HJF9,249055000,16.0
2008-08-28T04:27:24,MILLENNIUM,HUBBARD GLACIER,58.16813333,-136.9083667,274,271.4,18.3,0,9189419.0,9HJF9,249055000,16.0
2008-08-28T04:27:15,MILLENNIUM,HUBBARD GLACIER,58.16808333,-136.9066833,274,273.0,18.1,0,9189419.0,9HJF9,249055000,16.0
2008-08-28T04:26:48,MILLENNIUM,HUBBARD GLACIER,58.16796667,-136.90285,275,274.6,18.3,0,9189419.0,9HJF9,249055000,16.0
2008-08-28T04:26:37,MILLENNIUM,HUBBARD GLACIER,58.1679,-136.90075,275,273.4,18.3,0,9189419.0,9HJF9,249055000,16.0
2008-08-28T04:25:48,MILLENNIUM,HUBBARD GLACIER,58.16766667,-136.8931667,275,273.4,18.0,0,9189419.0,9HJF9,249055000,16.0
2008-08-28T04:25:36,MILLENNIUM,HUBBARD GLACIER,58.1676,-136.8912667,275,274.0,18.3,0,9189419.0,9HJF9,249055000,16.0
2008-08-28T04:25:25,MILLENNIUM,HUBBARD GLACIER,58.16753333,-136.88955,275,274.3,18.2,0,9189419.0,9HJF9,249055000,16.0
2008-08-28T04:24:42,MILLENNIUM,HUBBARD GLACIER,58.1673,-136.8829667,275,273.3,17.8,0,9189419.0,9HJF9,249055000,16.0
2008-08-28T04:24:25,MILLENNIUM,HUBBARD GLACIER,58.1672,-136.8801333,275,272.7,18.2,0,9189419.0,9HJF9,249055000,16.0
2008-08-28T04:23:50,MILLENNIUM,HUBBARD GLACIER,58.16698333,-136.87445,275,274.0,18.0,0,9189419.0,9HJF9,249055000,16.0
2008-08-28T04:23:42,MILLENNIUM,HUBBARD GLACIER,58.16695,-136.8735167,275,273.0,18.0,0,9189419.0,9HJF9,249055000,16.0
2008-08-28T04:23:37,MILLENNIUM,HUBBARD GLACIER,58.16691667,-136.87255,275,275.6,17.9,0,9189419.0,9HJF9,249055000,16.0
2008-08-28T04:23:36,MILLENNIUM,HUBBARD GLACIER,58.16688333,-136.8716167,275,273.3,17.7,0,9189419.0,9HJF9,249055000,16.0
2008-08-28T04:23:25,MILLENNIUM,HUBBARD GLACIER,58.16685,-136.8706667,275,276.2,17.9,0,9189419.0,9HJF9,249055000,16.0
2008-08-28T04:23:01,MILLENNIUM,HUBBARD GLACIER,58.16671667,-136.8669167,275,273.4,18.0,0,9189419.0,9HJF9,249055000,16.0
2008-08-28T04:22:48,MILLENNIUM,HUBBARD GLACIER,58.16665,-136.8650667,275,272.1,17.8,0,9189419.0,9HJF9,249055000,16.0
2008-08-28T04:22:24,MILLENNIUM,HUBBARD GLACIER,58.16653333,-136.8613167,274,271.7,18.0,0,9189419.0,9HJF9,249055000,16.0
2008-08-28T04:22:13,MILLENNIUM,HUBBARD GLACIER,58.16648333,-136.8594833,274,272.0,17.5,0,9189419.0,9HJF9,249055000,16.0
2008-08-28T04:21:49,MILLENNIUM,HUBBARD GLACIER,58.16638333,-136.8557833,274,272.4,18.2,0,9189419.0,9HJF9,249055000,16.0
2008-08-28T04:21:38,MILLENNIUM,HUBBARD GLACIER,58.16633333,-136.85395,273,270.3,17.6,0,9189419.0,9HJF9,249055000,16.0
2008-08-28T04:21:26,MILLENNIUM,HUBBARD GLACIER,58.16631667,-136.8521,272,271.0,17.4,0,9189419.0,9HJF9,249055000,16.0
2008-08-28T04:21:00,MILLENNIUM,HUBBARD GLACIER,58.16631667,-136.8484333,271,271.0,17.9,0,9189419.0,9HJF9,249055000,16.0
2008-08-28T04:20:54,MILLENNIUM,HUBBARD GLACIER,58.1663,-136.8475167,270,267.7,17.7,0,9189419.0,9HJF9,249055000,16.0
2008-08-28T04:20:48,MILLENNIUM,HUBBARD GLACIER,58.1663,-136.8466,270,270.3,17.3,0,9189419.0,9HJF9,249055000,16.0
2008-08-28T04:20:42,MILLENNIUM,HUBBARD GLACIER,58.16631667,-136.8457,270,268.4,18.0,0,9189419.0,9HJF9,249055000,16.0
2008-08-28T04:20:41,MILLENNIUM,HUBBARD GLACIER,58.16631667,-136.8455167,270,270.9,17.4,0,9189419.0,9HJF9,249055000,16.0
2008-08-28T04:20:32,MILLENNIUM,HUBBARD GLACIER,58.16633333,-136.84425,270,269.0,17.9,0,9189419.0,9HJF9,249055000,16.0
2008-08-28T04:20:28,MILLENNIUM,HUBBARD GLACIER,58.16635,-136.8437167,269,268.3,17.9,0,9189419.0,9HJF9,249055000,16.0
2008-08-28T04:20:24,MILLENNIUM,HUBBARD GLACIER,58.16636667,-136.8429167,270,269.0,17.6,0,9189419.0,9HJF9,249055000,16.0
2008-08-28T04:20:20,MILLENNIUM,HUBBARD GLACIER,58.16636667,-136.8422667,269,269.6,17.6,0,9189419.0,9HJF9,249055000,16.0
2008-08-28T04:20:16,MILLENNIUM,HUBBARD GLACIER,58.16636667,-136.8417333,269,269.6,17.7,0,9189419.0,9HJF9,249055000,16.0
2008-08-28T04:20:14,MILLENNIUM,HUBBARD GLACIER,58.16636667,-136.841,268,265.4,18.2,0,9189419.0,9HJF9,249055000,16.0
2008-08-28T04:19:40,MILLENNIUM,HUBBARD GLACIER,58.16655,-136.8359667,267,264.7,17.8,0,9189419.0,9HJF9,249055000,16.0
2008-08-28T04:19:34,MILLENNIUM,HUBBARD GLACIER,58.16658333,-136.8349833,267,265.6,17.6,0,9189419.0,9HJF9,249055000,16.0
2008-08-28T04:19:33,MILLENNIUM,HUBBARD GLACIER,58.1666,-136.8348,267,264.1,18.1,0,9189419.0,9HJF9,249055000,16.0
2008-08-28T04:19:28,MILLENNIUM,HUBBARD GLACIER,58.16663333,-136.8340333,267,265.7,18.0,0,9189419.0,9HJF9,249055000,16.0
2008-08-28T04:19:26,MILLENNIUM,HUBBARD GLACIER,58.16663333,-136.83385,267,265.7,17.7,0,9189419.0,9HJF9,249055000,16.0
2008-08-28T04:19:24,MILLENNIUM,HUBBARD GLACIER,58.16665,-136.8335167,267,265.0,17.8,0,9189419.0,9HJF9,249055000,16.0
2008-08-28T04:19:22,MILLENNIUM,HUBBARD GLACIER,58.16666667,-136.8331167,267,264.7,18.1,0,9189419.0,9HJF9,249055000,16.0
2008-08-28T04:19:22,MILLENNIUM,HUBBARD GLACIER,58.16666667,-136.8329167,267,265.1,18.2,0,9189419.0,9HJF9,249055000,16.0
2008-08-28T04:19:17,MILLENNIUM,HUBBARD GLACIER,58.1667,-136.83215,267,265.6,17.6,0,9189419.0,9HJF9,249055000,16.0
2008-08-28T04:19:16,MILLENNIUM,HUBBARD GLACIER,58.1667,-136.83215,267,265.6,17.6,0,9189419.0,9HJF9,249055000,16.0
2008-08-28T04:19:13,MILLENNIUM,HUBBARD GLACIER,58.16673333,-136.8315833,267,264.7,18.1,0,9189419.0,9HJF9,249055000,16.0
2008-08-28T04:19:08,MILLENNIUM,HUBBARD GLACIER,58.16676667,-136.8309,267,267.0,17.8,0,9189419.0,9HJF9,249055000,16.0
2008-08-28T04:19:06,MILLENNIUM,HUBBARD GLACIER,58.16676667,-136.8307333,267,264.7,18.0,0,9189419.0,9HJF9,249055000,16.0
2008-08-28T04:19:04,MILLENNIUM,HUBBARD GLACIER,58.16678333,-136.8305333,267,264.7,18.0,0,9189419.0,9HJF9,249055000,16.0
2008-08-28T04:19:04,MILLENNIUM,HUBBARD GLACIER,58.1668,-136.8304,267,264.1,18.1,0,9189419.0,9HJF9,249055000,16.0
2008-08-28T04:18:58,MILLENNIUM,HUBBARD GLACIER,58.16683333,-136.82945,267,266.3,17.8,0,9189419.0,9HJF9,249055000,16.0
2008-08-28T04:18:57,MILLENNIUM,HUBBARD GLACIER,58.16683333,-136.82925,267,265.7,17.9,0,9189419.0,9HJF9,249055000,16.0
2008-08-28T04:18:54,MILLENNIUM,HUBBARD GLACIER,58.16685,-136.8288167,267,264.7,17.9,0,9189419.0,9HJF9,249055000,16.0
2008-08-28T04:18:52,MILLENNIUM,HUBBARD GLACIER,58.16686667,-136.8284167,267,265.7,17.8,0,9189419.0,9HJF9,249055000,16.0
2008-08-28T04:18:49,MILLENNIUM,HUBBARD GLACIER,58.16688333,-136.8278667,267,264.7,18.0,0,9189419.0,9HJF9,249055000,16.0
2008-08-28T04:18:38,MILLENNIUM,HUBBARD GLACIER,58.16695,-136.8263667,267,264.7,17.9,0,9189419.0,9HJF9,249055000,16.0
2008-08-28T04:18:35,MILLENNIUM,HUBBARD GLACIER,58.16698333,-136.8258,267,264.4,18.0,0,9189419.0,9HJF9,249055000,16.0
2008-08-28T04:18:10,MILLENNIUM,HUBBARD GLACIER,58.16715,-136.8218667,266,265.0,17.4,0,9189419.0,9HJF9,249055000,16.0
2008-08-28T04:18:08,MILLENNIUM,HUBBARD GLACIER,58.16716667,-136.8213167,266,264.7,18.0,0,9189419.0,9HJF9,249055000,16.0
2008-08-28T04:18:03,MILLENNIUM,HUBBARD GLACIER,58.1672,-136.8207667,266,264.6,17.4,0,9189419.0,9HJF9,249055000,16.0
2008-08-28T04:17:50,MILLENNIUM,HUBBARD GLACIER,58.16731667,-136.8189,266,266.0,18.1,0,9189419.0,9HJF9,249055000,16.0
2008-08-28T04:17:43,MILLENNIUM,HUBBARD GLACIER,58.16736667,-136.8175833,266,264.4,18.0,0,9189419.0,9HJF9,249055000,16.0
2008-08-28T04:17:39,MILLENNIUM,HUBBARD GLACIER,58.1674,-136.8170333,266,264.0,17.6,0,9189419.0,9HJF9,249055000,16.0
2008-08-28T04:17:28,MILLENNIUM,HUBBARD GLACIER,58.16748333,-136.8153667,266,264.7,17.7,0,9189419.0,9HJF9,249055000,16.0
2008-08-28T04:17:18,MILLENNIUM,HUBBARD GLACIER,58.16755,-136.8138833,266,264.0,17.7,0,9189419.0,9HJF9,249055000,16.0
2008-08-28T04:17:18,MILLENNIUM,HUBBARD GLACIER,58.16755,-136.8138833,266,264.0,17.7,0,9189419.0,9HJF9,249055000,16.0
2008-08-28T04:17:10,MILLENNIUM,HUBBARD GLACIER,58.16761667,-136.8127833,266,265.0,17.9,0,9189419.0,9HJF9,249055000,16.0
2008-08-28T04:17:06,MILLENNIUM,HUBBARD GLACIER,58.16763333,-136.8122333,266,265.6,17.6,0,9189419.0,9HJF9,249055000,16.0
2008-08-28T04:17:02,MILLENNIUM,HUBBARD GLACIER,58.16766667,-136.8113,266,265.6,17.5,0,9189419.0,9HJF9,249055000,16.0
2008-08-28T04:17:00,MILLENNIUM,HUBBARD GLACIER,58.16768333,-136.8111167,266,264.6,17.3,0,9189419.0,9HJF9,249055000,16.0
2008-08-28T04:16:58,MILLENNIUM,HUBBARD GLACIER,58.1677,-136.8109333,266,264.3,17.5,0,9189419.0,9HJF9,249055000,16.0
2008-08-28T04:16:54,MILLENNIUM,HUBBARD GLACIER,58.16773333,-136.8101833,266,266.3,17.9,0,9189419.0,9HJF9,249055000,16.0
2008-08-28T04:16:52,MILLENNIUM,HUBBARD GLACIER,58.16775,-136.8098167,266,265.3,17.5,0,9189419.0,9HJF9,249055000,16.0
2008-08-28T04:16:50,MILLENNIUM,HUBBARD GLACIER,58.16776667,-136.8096333,265,264.0,17.5,0,9189419.0,9HJF9,249055000,16.0
2008-08-28T04:16:48,MILLENNIUM,HUBBARD GLACIER,58.16778333,-136.80925,265,264.7,18.2,0,9189419.0,9HJF9,249055000,16.0
2008-08-28T04:16:46,MILLENNIUM,HUBBARD GLACIER,58.1678,-136.8090833,266,265.6,18.2,0,9189419.0,9HJF9,249055000,16.0
2008-08-28T04:16:46,MILLENNIUM,HUBBARD GLACIER,58.1678,-136.8089,266,265.6,18.2,0,9189419.0,9HJF9,249055000,16.0
2008-08-28T04:16:44,MILLENNIUM,HUBBARD GLACIER,58.1678,-136.8087,266,266.3,17.7,0,9189419.0,9HJF9,249055000,16.0
2008-08-28T04:16:42,MILLENNIUM,HUBBARD GLACIER,58.16781667,-136.8083333,266,265.3,17.6,0,9189419.0,9HJF9,249055000,16.0
2008-08-28T04:16:36,MILLENNIUM,HUBBARD GLACIER,58.16788333,-136.8072167,266,265.3,17.7,0,9189419.0,9HJF9,249055000,16.0
2008-08-28T04:16:32,MILLENNIUM,HUBBARD GLACIER,58.1679,-136.8068333,266,265.3,17.7,0,9189419.0,9HJF9,249055000,16.0
2008-08-28T04:16:28,MILLENNIUM,HUBBARD GLACIER,58.16791667,-136.8062833,266,266.0,18.0,0,9189419.0,9HJF9,249055000,16.0
2008-08-28T04:16:22,MILLENNIUM,HUBBARD GLACIER,58.16796667,-136.8051667,266,266.6,17.9,0,9189419.0,9HJF9,249055000,16.0
2008-08-28T04:16:21,MILLENNIUM,HUBBARD GLACIER,58.16798333,-136.8049667,266,266.6,17.9,0,9189419.0,9HJF9,249055000,16.0
2008-08-28T04:16:18,MILLENNIUM,HUBBARD GLACIER,58.16801667,-136.8042333,266,265.3,17.8,0,9189419.0,9HJF9,249055000,16.0
2008-08-28T04:16:08,MILLENNIUM,HUBBARD GLACIER,58.16806667,-136.8030667,266,266.9,17.8,0,9189419.0,9HJF9,249055000,16.0
2008-08-28T04:16:04,MILLENNIUM,HUBBARD GLACIER,58.1681,-136.8023333,266,264.7,17.7,0,9189419.0,9HJF9,249055000,16.0
2008-08-28T04:16:00,MILLENNIUM,HUBBARD GLACIER,58.16811667,-136.8017833,266,265.6,17.9,0,9189419.0,9HJF9,249055000,16.0
2008-08-28T04:15:56,MILLENNIUM,HUBBARD GLACIER,58.16815,-136.8012167,266,266.3,17.8,0,9189419.0,9HJF9,249055000,16.0
2008-08-28T04:15:52,MILLENNIUM,HUBBARD GLACIER,58.16816667,-136.8004833,266,266.6,17.8,0,9189419.0,9HJF9,249055000,16.0
2008-08-28T04:15:48,MILLENNIUM,HUBBARD GLACIER,58.1682,-136.7999333,266,265.0,17.6,0,9189419.0,9HJF9,249055000,16.0
2008-08-28T04:15:44,MILLENNIUM,HUBBARD GLACIER,58.16821667,-136.7993667,266,266.0,17.7,0,9189419.0,9HJF9,249055000,16.0
2008-08-28T04:15:40,MILLENNIUM,HUBBARD GLACIER,58.16825,-136.7984333,266,265.3,17.9,0,9189419.0,9HJF9,249055000,16.0
2008-08-28T04:15:36,MILLENNIUM,HUBBARD GLACIER,58.16826667,-136.7980667,266,265.6,17.8,0,9189419.0,9HJF9,249055000,16.0
2008-08-28T04:15:32,MILLENNIUM,HUBBARD GLACIER,58.1683,-136.7973333,266,265.0,17.7,0,9189419.0,9HJF9,249055000,16.0
2008-08-28T04:15:28,MILLENNIUM,HUBBARD GLACIER,58.16831667,-136.7967833,266,265.6,17.7,0,9189419.0,9HJF9,249055000,16.0
2008-08-28T04:15:20,MILLENNIUM,HUBBARD GLACIER,58.16838333,-136.7954667,266,266.3,17.5,0,9189419.0,9HJF9,249055000,16.0
2008-08-28T04:15:16,MILLENNIUM,HUBBARD GLACIER,58.1684,-136.7949,266,266.6,17.8,0,9189419.0,9HJF9,249055000,16.0
2008-08-28T04:15:12,MILLENNIUM,HUBBARD GLACIER,58.16845,-136.7945167,267,265.0,17.4,0,9189419.0,9HJF9,249055000,16.0
2008-08-28T04:15:10,MILLENNIUM,HUBBARD GLACIER,58.16846667,-136.7939667,267,266.3,17.7,0,9189419.0,9HJF9,249055000,16.0
2008-08-28T04:15:08,MILLENNIUM,HUBBARD GLACIER,58.16845,-136.7938,267,267.9,17.8,0,9189419.0,9HJF9,249055000,16.0
2008-08-28T04:15:04,MILLENNIUM,HUBBARD GLACIER,58.16845,-136.7933,267,266.3,17.3,0,9189419.0,9HJF9,249055000,16.0
2008-08-28T04:14:58,MILLENNIUM,HUBBARD GLACIER,58.16848333,-136.7921833,267,266.6,17.7,0,9189419.0,9HJF9,249055000,16.0
2008-08-28T04:14:48,MILLENNIUM,HUBBARD GLACIER,58.16853333,-136.7907167,266,265.3,17.6,0,9189419.0,9HJF9,249055000,16.0
2008-08-28T04:14:37,MILLENNIUM,HUBBARD GLACIER,58.16858333,-136.78885,266,266.9,17.9,0,9189419.0,9HJF9,249055000,16.0
2008-08-28T04:14:31,MILLENNIUM,HUBBARD GLACIER,58.16861667,-136.7879333,266,265.0,17.5,0,9189419.0,9HJF9,249055000,16.0
2008-08-28T04:14:28,MILLENNIUM,HUBBARD GLACIER,58.16861667,-136.78775,266,264.4,18.0,0,9189419.0,9HJF9,249055000,16.0
2008-08-28T04:14:24,MILLENNIUM,HUBBARD GLACIER,58.16865,-136.787,266,267.3,17.6,0,9189419.0,9HJF9,249055000,16.0
2008-08-28T04:14:20,MILLENNIUM,HUBBARD GLACIER,58.16866667,-136.78645,266,265.6,18.1,0,9189419.0,9HJF9,249055000,16.0
2008-08-28T04:14:16,MILLENNIUM,HUBBARD GLACIER,58.16868333,-136.7857,266,267.2,17.7,0,9189419.0,9HJF9,249055000,16.0
2008-08-28T04:14:13,MILLENNIUM,HUBBARD GLACIER,58.16871667,-136.7851333,266,264.3,17.8,0,9189419.0,9HJF9,249055000,16.0
2008-08-28T04:14:08,MILLENNIUM,HUBBARD GLACIER,58.16875,-136.7845833,267,267.6,17.6,0,9189419.0,9HJF9,249055000,16.0
2008-08-28T04:14:04,MILLENNIUM,HUBBARD GLACIER,58.16875,-136.78385,266,264.7,17.8,0,9189419.0,9HJF9,249055000,16.0
2008-08-28T04:14:00,MILLENNIUM,HUBBARD GLACIER,58.1688,-136.7832833,267,267.3,17.5,0,9189419.0,9HJF9,249055000,16.0
2008-08-28T04:13:57,MILLENNIUM,HUBBARD GLACIER,58.16881667,-136.7827333,266,266.3,18.1,0,9189419.0,9HJF9,249055000,16.0
2008-08-28T04:13:52,MILLENNIUM,HUBBARD GLACIER,58.16883333,-136.7819667,267,265.6,17.5,0,9189419.0,9HJF9,249055000,16.0
2008-08-28T04:13:49,MILLENNIUM,HUBBARD GLACIER,58.16886667,-136.7814167,267,266.0,18.1,0,9189419.0,9HJF9,249055000,16.0
2008-08-28T04:13:45,MILLENNIUM,HUBBARD GLACIER,58.16888333,-136.7806667,267,267.6,17.4,0,9189419.0,9HJF9,249055000,16.0
2008-08-28T04:13:44,MILLENNIUM,HUBBARD GLACIER,58.1689,-136.7801167,266,263.4,17.9,0,9189419.0,9HJF9,249055000,16.0
2008-08-28T04:13:38,MILLENNIUM,HUBBARD GLACIER,58.16891667,-136.7799167,267,266.3,18.0,0,9189419.0,9HJF9,249055000,16.0
2008-08-28T04:13:36,MILLENNIUM,HUBBARD GLACIER,58.16891667,-136.7797333,267,268.2,17.7,0,9189419.0,9HJF9,249055000,16.0
2008-08-28T04:13:32,MILLENNIUM,HUBBARD GLACIER,58.16895,-136.7788,267,265.1,18.1,0,9189419.0,9HJF9,249055000,16.0
2008-08-28T04:13:28,MILLENNIUM,HUBBARD GLACIER,58.16896667,-136.77825,267,267.0,17.6,0,9189419.0,9HJF9,249055000,16.0
2008-08-28T04:13:24,MILLENNIUM,HUBBARD GLACIER,58.16896667,-136.7778833,267,266.0,17.8,0,9189419.0,9HJF9,249055000,16.0
2008-08-28T04:13:08,MILLENNIUM,HUBBARD GLACIER,58.16906667,-136.7752667,267,267.0,17.6,0,9189419.0,9HJF9,249055000,16.0
2008-08-28T04:13:05,MILLENNIUM,HUBBARD GLACIER,58.16908333,-136.7747,267,266.6,18.0,0,9189419.0,9HJF9,249055000,16.0
2008-08-28T04:13:00,MILLENNIUM,HUBBARD GLACIER,58.1691,-136.7739667,267,269.6,17.6,0,9189419.0,9HJF9,249055000,16.0
2008-08-28T04:12:52,MILLENNIUM,HUBBARD GLACIER,58.16915,-136.7728333,267,268.6,17.6,0,9189419.0,9HJF9,249055000,16.0
2008-08-28T04:12:48,MILLENNIUM,HUBBARD GLACIER,58.16916667,-136.7721,266,264.3,17.9,0,9189419.0,9HJF9,249055000,16.0
2008-08-28T04:12:44,MILLENNIUM,HUBBARD GLACIER,58.1692,-136.7715333,267,266.0,17.7,0,9189419.0,9HJF9,249055000,16.0
2008-08-28T04:12:12,MILLENNIUM,HUBBARD GLACIER,58.16936667,-136.7665167,266,266.9,17.5,0,9189419.0,9HJF9,249055000,16.0
2008-08-28T04:12:00,MILLENNIUM,HUBBARD GLACIER,58.16945,-136.7646833,266,264.6,17.5,0,9189419.0,9HJF9,249055000,16.0
2008-08-28T04:11:58,MILLENNIUM,HUBBARD GLACIER,58.16946667,-136.7645167,266,264.3,17.5,0,9189419.0,9HJF9,249055000,16.0
2008-08-28T04:11:56,MILLENNIUM,HUBBARD GLACIER,58.16945,-136.76415,266,266.3,17.4,0,9189419.0,9HJF9,249055000,16.0
2008-08-28T04:11:52,MILLENNIUM,HUBBARD GLACIER,58.16946667,-136.7636,266,267.3,17.5,0,9189419.0,9HJF9,249055000,16.0
2008-08-28T04:11:50,MILLENNIUM,HUBBARD GLACIER,58.1695,-136.7632333,266,266.3,17.5,0,9189419.0,9HJF9,249055000,16.0
2008-08-28T04:11:48,MILLENNIUM,HUBBARD GLACIER,58.16951667,-136.76285,266,264.0,17.5,0,9189419.0,9HJF9,249055000,16.0
2008-08-28T04:11:46,MILLENNIUM,HUBBARD GLACIER,58.16951667,-136.7625,266,266.0,17.2,0,9189419.0,9HJF9,249055000,16.0
2008-08-28T04:11:46,MILLENNIUM,HUBBARD GLACIER,58.16953333,-136.7623167,266,267.3,17.5,0,9189419.0,9HJF9,249055000,16.0
2008-08-28T04:11:46,MILLENNIUM,HUBBARD GLACIER,58.16953333,-136.76215,266,266.9,17.5,0,9189419.0,9HJF9,249055000,16.0
2008-08-28T04:11:40,MILLENNIUM,HUBBARD GLACIER,58.16955,-136.7617667,266,266.0,17.5,0,9189419.0,9HJF9,249055000,16.0
2008-08-28T04:11:38,MILLENNIUM,HUBBARD GLACIER,58.16955,-136.7614,267,267.0,17.1,0,9189419.0,9HJF9,249055000,16.0
2008-08-28T04:10:10,MILLENNIUM,HUBBARD GLACIER,58.16995,-136.7481333,266,265.0,18.0,0,9189419.0,9HJF9,249055000,16.0
2008-08-28T04:09:59,MILLENNIUM,HUBBARD GLACIER,58.17,-136.7462333,266,266.6,17.8,0,9189419.0,9HJF9,249055000,16.0
2008-08-28T04:09:28,MILLENNIUM,HUBBARD GLACIER,58.17018333,-136.7416333,266,266.3,17.6,0,9189419.0,9HJF9,249055000,16.0
2008-08-28T04:09:11,MILLENNIUM,HUBBARD GLACIER,58.17028333,-136.7388667,266,266.0,17.5,0,9189419.0,9HJF9,249055000,16.0
2008-08-28T04:08:46,MILLENNIUM,HUBBARD GLACIER,58.17041667,-136.7352167,267,268.3,17.6,0,9189419.0,9HJF9,249055000,16.0
2008-08-28T04:08:29,MILLENNIUM,HUBBARD GLACIER,58.17051667,-136.7322667,267,266.6,17.4,0,9189419.0,9HJF9,249055000,16.0
2008-08-28T04:07:31,MILLENNIUM,HUBBARD GLACIER,58.1708,-136.7233,265,265.0,17.6,0,9189419.0,9HJF9,249055000,16.0
2008-08-28T04:06:41,MILLENNIUM,HUBBARD GLACIER,58.17111667,-136.7141833,0,0.0,0.0,0,9189419.0,9HJF9,249055000,16.0
2008-08-28T04:06:29,MILLENNIUM,HUBBARD GLACIER,58.17111667,-136.7141833,267,267.9,17.5,0,9189419.0,9HJF9,249055000,16.0
2008-08-28T04:06:22,MILLENNIUM,HUBBARD GLACIER,58.17116667,-136.7130833,267,267.0,18.0,0,9189419.0,9HJF9,249055000,16.0
2008-08-28T04:01:46,MILLENNIUM,HUBBARD GLACIER,58.17313333,-136.67165,267,263.9,16.7,0,9189419.0,9HJF9,249055000,16.0
2008-08-28T04:01:29,MILLENNIUM,HUBBARD GLACIER,58.17325,-136.6688333,268,264.5,16.7,0,9189419.0,9HJF9,249055000,16.0
2008-08-28T04:00:46,MILLENNIUM,HUBBARD GLACIER,58.17353333,-136.6602667,0,0.0,0.0,0,9189419.0,9HJF9,249055000,16.0
2008-08-28T04:00:29,MILLENNIUM,HUBBARD GLACIER,58.17353333,-136.6602667,266,264.9,16.7,0,9189419.0,9HJF9,249055000,16.0
2008-08-28T03:59:22,MILLENNIUM,HUBBARD GLACIER,58.17401667,-136.6506667,267,267.0,16.8,0,9189419.0,9HJF9,249055000,16.0
2008-08-28T03:58:46,MILLENNIUM,HUBBARD GLACIER,58.17423333,-136.6456667,268,265.9,16.5,0,9189419.0,9HJF9,249055000,16.0
2008-08-28T03:58:34,MILLENNIUM,HUBBARD GLACIER,58.1743,-136.6437667,267,265.2,16.7,0,9189419.0,9HJF9,249055000,16.0
2008-08-28T03:58:28,MILLENNIUM,HUBBARD GLACIER,58.17433333,-136.6429167,267,265.2,16.6,0,9189419.0,9HJF9,249055000,16.0
2008-08-28T03:58:11,MILLENNIUM,HUBBARD GLACIER,58.17441667,-136.6404667,266,266.3,16.4,0,9189419.0,9HJF9,249055000,16.0
2008-08-28T03:57:47,MILLENNIUM,HUBBARD GLACIER,58.17453333,-136.6369667,265,264.3,16.4,0,9189419.0,9HJF9,249055000,16.0
2008-08-28T03:56:36,MILLENNIUM,HUBBARD GLACIER,58.17498333,-136.6264333,267,263.9,16.9,0,9189419.0,9HJF9,249055000,16.0
2008-08-28T03:56:28,MILLENNIUM,HUBBARD GLACIER,58.17501667,-136.62555,267,266.3,16.9,0,9189419.0,9HJF9,249055000,16.0
2008-08-28T03:55:28,MILLENNIUM,HUBBARD GLACIER,58.17565,-136.6168,260,258.2,16.7,0,9189419.0,9HJF9,249055000,16.0
2008-08-28T03:55:22,MILLENNIUM,HUBBARD GLACIER,58.17576667,-136.6157833,260,258.6,16.5,0,9189419.0,9HJF9,249055000,16.0
2008-08-28T03:54:58,MILLENNIUM,HUBBARD GLACIER,58.17615,-136.6125333,257,253.8,16.5,0,9189419.0,9HJF9,249055000,16.0
2008-08-28T03:54:48,MILLENNIUM,HUBBARD GLACIER,58.17681667,-136.6084333,0,0.0,0.0,0,9189419.0,9HJF9,249055000,16.0
2008-08-28T03:54:28,MILLENNIUM,HUBBARD GLACIER,58.17681667,-136.6084333,255,251.5,16.4,0,9189419.0,9HJF9,249055000,16.0
2008-08-28T03:53:28,MILLENNIUM,HUBBARD GLACIER,58.17845,-136.6001667,249,244.5,16.8,0,9189419.0,9HJF9,249055000,16.0
2008-08-28T03:52:59,MILLENNIUM,HUBBARD GLACIER,58.17945,-136.5963833,245,239.9,17.0,0,9189419.0,9HJF9,249055000,16.0
2008-08-28T03:52:34,MILLENNIUM,HUBBARD GLACIER,58.1804,-136.5933333,242,237.9,16.9,0,9189419.0,9HJF9,249055000,16.0
2008-08-28T03:52:28,MILLENNIUM,HUBBARD GLACIER,58.18065,-136.5926,241,236.6,16.9,0,9189419.0,9HJF9,249055000,16.0
2008-08-28T03:52:22,MILLENNIUM,HUBBARD GLACIER,58.18091667,-136.59185,241,237.2,16.8,0,9189419.0,9HJF9,249055000,16.0
2008-08-28T03:51:28,MILLENNIUM,HUBBARD GLACIER,58.1834,-136.5854333,235,231.2,16.8,0,9189419.0,9HJF9,249055000,16.0
2008-08-28T03:51:22,MILLENNIUM,HUBBARD GLACIER,58.1837,-136.5847333,234,229.6,17.0,0,9189419.0,9HJF9,249055000,16.0
2008-08-28T03:50:28,MILLENNIUM,HUBBARD GLACIER,58.18648333,-136.5789167,229,225.9,17.0,0,9189419.0,9HJF9,249055000,16.0
2008-08-28T03:50:23,MILLENNIUM,HUBBARD GLACIER,58.18686667,-136.5781333,228,224.9,16.9,0,9189419.0,9HJF9,249055000,16.0
2008-08-28T03:50:10,MILLENNIUM,HUBBARD GLACIER,58.18751667,-136.5768667,228,224.6,17.2,0,9189419.0,9HJF9,249055000,16.0
2008-08-28T03:49:49,MILLENNIUM,HUBBARD GLACIER,58.18886667,-136.5743333,228,225.6,17.1,0,9189419.0,9HJF9,249055000,16.0
2008-08-28T03:49:28,MILLENNIUM,HUBBARD GLACIER,58.18985,-136.5724,228,225.3,17.0,0,9189419.0,9HJF9,249055000,16.0
2008-08-28T03:49:11,MILLENNIUM,HUBBARD GLACIER,58.19088333,-136.5704333,228,225.6,17.4,0,9189419.0,9HJF9,249055000,16.0
2008-08-28T03:48:46,MILLENNIUM,HUBBARD GLACIER,58.19216667,-136.5678833,228,226.3,17.6,0,9189419.0,9HJF9,249055000,16.0
2008-08-28T03:48:43,MILLENNIUM,HUBBARD GLACIER,58.19291667,-136.5664167,0,0.0,0.0,0,9189419.0,9HJF9,249055000,16.0
2008-08-28T03:48:35,MILLENNIUM,HUBBARD GLACIER,58.19291667,-136.5664167,228,226.0,18.0,0,9189419.0,9HJF9,249055000,16.0
2008-08-28T03:48:28,MILLENNIUM,HUBBARD GLACIER,58.1932,-136.5658667,228,225.7,17.8,0,9189419.0,9HJF9,249055000,16.0
2008-08-28T03:47:49,MILLENNIUM,HUBBARD GLACIER,58.1957,-136.5609333,229,227.1,18.1,0,9189419.0,9HJF9,249055000,16.0
2008-08-28T03:47:35,MILLENNIUM,HUBBARD GLACIER,58.19638333,-136.5595667,229,226.7,18.1,0,9189419.0,9HJF9,249055000,16.0
2008-08-28T03:47:31,MILLENNIUM,HUBBARD GLACIER,58.19673333,-136.5588833,228,226.0,18.0,0,9189419.0,9HJF9,249055000,16.0
2008-08-28T03:46:58,MILLENNIUM,HUBBARD GLACIER,58.19846667,-136.5554833,228,225.1,18.1,0,9189419.0,9HJF9,249055000,16.0
2008-08-28T03:46:21,MILLENNIUM,HUBBARD GLACIER,58.2006,-136.5513833,228,225.4,18.2,0,9189419.0,9HJF9,249055000,16.0
2008-08-28T03:45:46,MILLENNIUM,HUBBARD GLACIER,58.20275,-136.5473667,229,224.5,18.1,0,9189419.0,9HJF9,249055000,16.0
2008-08-28T03:45:28,MILLENNIUM,HUBBARD GLACIER,58.20375,-136.5455167,228,223.5,18.1,0,9189419.0,9HJF9,249055000,16.0
2008-08-28T03:45:21,MILLENNIUM,HUBBARD GLACIER,58.20418333,-136.5447333,228,223.8,18.1,0,9189419.0,9HJF9,249055000,16.0
2008-08-28T03:45:10,MILLENNIUM,HUBBARD GLACIER,58.20493333,-136.5434,227,222.8,18.1,0,9189419.0,9HJF9,249055000,16.0
2008-08-28T03:44:28,MILLENNIUM,HUBBARD GLACIER,58.20761667,-136.5388667,225,221.0,18.6,0,9189419.0,9HJF9,249055000,16.0
2008-08-28T03:43:28,MILLENNIUM,HUBBARD GLACIER,58.21151667,-136.5325667,224,220.1,19.3,0,9189419.0,9HJF9,249055000,16.0
2008-08-28T03:43:10,MILLENNIUM,HUBBARD GLACIER,58.21283333,-136.5304667,225,221.1,19.2,0,9189419.0,9HJF9,249055000,16.0
2008-08-28T03:42:46,MILLENNIUM,HUBBARD GLACIER,58.21566667,-136.5259167,0,0.0,0.0,0,9189419.0,9HJF9,249055000,16.0
2008-08-28T03:42:28,MILLENNIUM,HUBBARD GLACIER,58.21566667,-136.5259167,224,220.4,19.2,0,9189419.0,9HJF9,249055000,16.0
2008-08-28T03:41:22,MILLENNIUM,HUBBARD GLACIER,58.22015,-136.5188833,223,221.4,18.8,0,9189419.0,9HJF9,249055000,16.0
2008-08-28T03:41:12,MILLENNIUM,HUBBARD GLACIER,58.22088333,-136.5177167,223,221.1,18.8,0,9189419.0,9HJF9,249055000,16.0
2008-08-28T03:40:28,MILLENNIUM,HUBBARD GLACIER,58.22378333,-136.51305,222,219.9,19.2,0,9189419.0,9HJF9,249055000,16.0
2008-08-28T03:39:58,MILLENNIUM,HUBBARD GLACIER,58.22571667,-136.5099667,222,220.8,18.9,0,9189419.0,9HJF9,249055000,16.0
2008-08-28T03:39:34,MILLENNIUM,HUBBARD GLACIER,58.22731667,-136.50735,223,221.4,18.7,0,9189419.0,9HJF9,249055000,16.0
2008-08-28T03:39:28,MILLENNIUM,HUBBARD GLACIER,58.22771667,-136.5067,223,222.0,18.7,0,9189419.0,9HJF9,249055000,16.0
2008-08-28T03:38:22,MILLENNIUM,HUBBARD GLACIER,58.23208333,-136.49945,223,221.7,18.6,0,9189419.0,9HJF9,249055000,16.0
2008-08-28T03:37:46,MILLENNIUM,HUBBARD GLACIER,58.2343,-136.4957167,223,221.7,18.7,0,9189419.0,9HJF9,249055000,16.0
2008-08-28T03:37:28,MILLENNIUM,HUBBARD GLACIER,58.23543333,-136.4937667,222,222.3,18.4,0,9189419.0,9HJF9,249055000,16.0
2008-08-28T03:37:11,MILLENNIUM,HUBBARD GLACIER,58.23658333,-136.4918667,222,221.0,18.3,0,9189419.0,9HJF9,249055000,16.0
2008-08-28T03:36:46,MILLENNIUM,HUBBARD GLACIER,58.23815,-136.4893,223,222.6,18.6,0,9189419.0,9HJF9,249055000,16.0
2008-08-28T03:36:44,MILLENNIUM,HUBBARD GLACIER,58.23896667,-136.4878667,0,0.0,0.0,0,9189419.0,9HJF9,249055000,16.0
2008-08-28T03:36:34,MILLENNIUM,HUBBARD GLACIER,58.23896667,-136.4878667,223,221.4,18.8,0,9189419.0,9HJF9,249055000,16.0
2008-08-28T03:36:28,MILLENNIUM,HUBBARD GLACIER,58.23926667,-136.4873333,223,222.3,18.6,0,9189419.0,9HJF9,249055000,16.0
2008-08-28T03:35:28,MILLENNIUM,HUBBARD GLACIER,58.2431,-136.4808167,222,222.3,18.5,0,9189419.0,9HJF9,249055000,16.0
2008-08-28T03:35:22,MILLENNIUM,HUBBARD GLACIER,58.24355,-136.4800667,222,221.3,18.4,0,9189419.0,9HJF9,249055000,16.0
2008-08-28T03:34:30,MILLENNIUM,HUBBARD GLACIER,58.24686667,-136.4743167,222,222.6,18.6,0,9189419.0,9HJF9,249055000,16.0
2008-08-28T03:34:10,MILLENNIUM,HUBBARD GLACIER,58.24803333,-136.4723333,222,222.0,18.4,0,9189419.0,9HJF9,249055000,16.0
2008-08-28T03:32:34,MILLENNIUM,HUBBARD GLACIER,58.25415,-136.46195,222,222.0,18.1,0,9189419.0,9HJF9,249055000,16.0
2008-08-28T03:32:28,MILLENNIUM,HUBBARD GLACIER,58.25451667,-136.4613,223,223.3,18.2,0,9189419.0,9HJF9,249055000,16.0
2008-08-28T03:31:34,MILLENNIUM,HUBBARD GLACIER,58.25791667,-136.4553833,223,223.0,18.0,0,9189419.0,9HJF9,249055000,16.0
2008-08-28T03:31:22,MILLENNIUM,HUBBARD GLACIER,58.25865,-136.4541,222,221.6,18.1,0,9189419.0,9HJF9,249055000,16.0
2008-08-28T03:30:59,MILLENNIUM,HUBBARD GLACIER,58.25998333,-136.4518167,222,221.3,18.0,0,9189419.0,9HJF9,249055000,16.0
2008-08-28T03:30:45,MILLENNIUM,HUBBARD GLACIER,58.26181667,-136.4486167,0,0.0,0.0,0,9189419.0,9HJF9,249055000,16.0
2008-08-28T03:30:29,MILLENNIUM,HUBBARD GLACIER,58.26181667,-136.4486167,222,222.9,18.1,0,9189419.0,9HJF9,249055000,16.0
2008-08-28T03:29:29,MILLENNIUM,HUBBARD GLACIER,58.26548333,-136.4421333,222,223.9,17.8,0,9189419.0,9HJF9,249055000,16.0
2008-08-28T03:28:35,MILLENNIUM,HUBBARD GLACIER,58.26865,-136.4363667,222,224.0,17.1,0,9189419.0,9HJF9,249055000,16.0
2008-08-28T03:28:29,MILLENNIUM,HUBBARD GLACIER,58.26893333,-136.4358667,222,223.6,17.4,0,9189419.0,9HJF9,249055000,16.0
2008-08-28T03:27:59,MILLENNIUM,HUBBARD GLACIER,58.2707,-136.4325667,223,225.3,17.0,0,9189419.0,9HJF9,249055000,16.0
2008-08-28T03:27:46,MILLENNIUM,HUBBARD GLACIER,58.27143333,-136.4311833,223,224.7,16.8,0,9189419.0,9HJF9,249055000,16.0
2008-08-28T03:27:29,MILLENNIUM,HUBBARD GLACIER,58.27228333,-136.4295333,224,226.0,16.9,0,9189419.0,9HJF9,249055000,16.0
2008-08-28T03:26:30,MILLENNIUM,HUBBARD GLACIER,58.27543333,-136.4232667,224,226.1,16.2,0,9189419.0,9HJF9,249055000,16.0
2008-08-28T03:25:28,MILLENNIUM,HUBBARD GLACIER,58.2786,-136.4170167,225,226.7,16.4,0,9189419.0,9HJF9,249055000,16.0
2008-08-28T03:24:46,MILLENNIUM,HUBBARD GLACIER,58.28075,-136.4124833,229,230.7,16.8,0,9189419.0,9HJF9,249055000,16.0
2008-08-28T03:24:34,MILLENNIUM,HUBBARD GLACIER,58.28126667,-136.4112333,231,232.3,17.2,0,9189419.0,9HJF9,249055000,16.0
2008-08-28T03:24:28,MILLENNIUM,HUBBARD GLACIER,58.28161667,-136.4103833,232,234.0,17.1,0,9189419.0,9HJF9,249055000,16.0
2008-08-28T03:23:47,MILLENNIUM,HUBBARD GLACIER,58.28351667,-136.40505,238,238.9,17.5,0,9189419.0,9HJF9,249055000,16.0
2008-08-28T03:23:28,MILLENNIUM,HUBBARD GLACIER,58.28426667,-136.4027,238,237.3,17.4,0,9189419.0,9HJF9,249055000,16.0
2008-08-28T03:23:22,MILLENNIUM,HUBBARD GLACIER,58.28453333,-136.4019333,238,236.6,17.3,0,9189419.0,9HJF9,249055000,16.0
2008-08-28T03:22:48,MILLENNIUM,HUBBARD GLACIER,58.28605,-136.3972333,242,240.7,17.8,0,9189419.0,9HJF9,249055000,16.0
2008-08-28T03:22:34,MILLENNIUM,HUBBARD GLACIER,58.28653333,-136.39555,242,241.1,18.1,0,9189419.0,9HJF9,249055000,16.0
2008-08-28T03:22:28,MILLENNIUM,HUBBARD GLACIER,58.28676667,-136.3947167,243,242.3,17.9,0,9189419.0,9HJF9,249055000,16.0
2008-08-28T03:21:29,MILLENNIUM,HUBBARD GLACIER,58.28876667,-136.3858833,251,253.1,19.1,0,9189419.0,9HJF9,249055000,16.0
2008-08-28T03:19:32,MILLENNIUM,HUBBARD GLACIER,58.29181667,-136.3665167,252,254.0,19.4,0,9189419.0,9HJF9,249055000,16.0
2008-08-28T03:18:28,MILLENNIUM,HUBBARD GLACIER,58.29328333,-136.35655,253,255.3,19.3,0,9189419.0,9HJF9,249055000,16.0
2008-08-28T03:17:28,MILLENNIUM,HUBBARD GLACIER,58.29448333,-136.3468667,256,257.4,19.4,0,9189419.0,9HJF9,249055000,16.0
2008-08-28T03:15:30,MILLENNIUM,HUBBARD GLACIER,58.2967,-136.3271333,256,257.8,18.9,0,9189419.0,9HJF9,249055000,16.0
2008-08-28T03:13:29,MILLENNIUM,HUBBARD GLACIER,58.29921667,-136.3078833,256,253.5,18.5,0,9189419.0,9HJF9,249055000,16.0
2008-08-28T03:12:28,MILLENNIUM,HUBBARD GLACIER,58.30058333,-136.29875,256,253.8,18.4,0,9189419.0,9HJF9,249055000,16.0
2008-08-28T03:10:28,MILLENNIUM,HUBBARD GLACIER,58.30333333,-136.28005,256,254.7,18.4,0,9189419.0,9HJF9,249055000,16.0
2008-08-28T03:07:29,MILLENNIUM,HUBBARD GLACIER,58.30708333,-136.2518833,256,256.0,18.5,0,9189419.0,9HJF9,249055000,16.0
2008-08-28T03:05:30,MILLENNIUM,HUBBARD GLACIER,58.30963333,-136.2331333,256,255.3,18.3,0,9189419.0,9HJF9,249055000,16.0
2008-08-28T03:02:30,MILLENNIUM,HUBBARD GLACIER,58.31358333,-136.2051833,256,254.7,18.2,0,9189419.0,9HJF9,249055000,16.0
2008-08-28T03:01:28,MILLENNIUM,HUBBARD GLACIER,58.31488333,-136.1959833,256,255.3,18.0,0,9189419.0,9HJF9,249055000,16.0
2008-08-28T02:59:30,MILLENNIUM,HUBBARD GLACIER,58.31736667,-136.1779167,256,256.3,17.5,0,9189419.0,9HJF9,249055000,16.0
2008-08-28T02:58:28,MILLENNIUM,HUBBARD GLACIER,58.31846667,-136.1689167,257,256.3,17.4,0,9189419.0,9HJF9,249055000,16.0
2008-08-28T02:57:29,MILLENNIUM,HUBBARD GLACIER,58.31951667,-136.1599833,258,257.0,17.3,0,9189419.0,9HJF9,249055000,16.0
2008-08-28T02:56:30,MILLENNIUM,HUBBARD GLACIER,58.32061667,-136.1511,258,256.6,17.3,0,9189419.0,9HJF9,249055000,16.0
2008-08-28T02:54:39,MILLENNIUM,HUBBARD GLACIER,58.32256667,-136.13335,0,0.0,0.0,0,9189419.0,9HJF9,249055000,16.0
2008-08-28T02:54:29,MILLENNIUM,HUBBARD GLACIER,58.32256667,-136.13335,262,259.6,17.1,0,9189419.0,9HJF9,249055000,16.0
2008-08-28T02:52:29,MILLENNIUM,HUBBARD GLACIER,58.32423333,-136.1158333,262,259.3,17.0,0,9189419.0,9HJF9,249055000,16.0
2008-08-28T02:51:33,MILLENNIUM,HUBBARD GLACIER,58.3251,-136.1068667,262,259.9,16.9,0,9189419.0,9HJF9,249055000,16.0
2008-08-28T02:49:29,MILLENNIUM,HUBBARD GLACIER,58.32675,-136.08975,262,258.4,16.2,0,9189419.0,9HJF9,249055000,16.0
2008-08-28T02:48:30,MILLENNIUM,HUBBARD GLACIER,58.3276,-136.0816333,262,258.3,15.8,0,9189419.0,9HJF9,249055000,16.0
2008-08-28T02:46:28,MILLENNIUM,HUBBARD GLACIER,58.32878333,-136.0654,263,265.9,15.4,0,9189419.0,9HJF9,249055000,16.0
2008-08-28T02:44:30,MILLENNIUM,HUBBARD GLACIER,58.32915,-136.0488833,266,267.7,16.0,0,9189419.0,9HJF9,249055000,16.0
2008-08-28T02:43:30,MILLENNIUM,HUBBARD GLACIER,58.32935,-136.0404,267,266.2,16.2,0,9189419.0,9HJF9,249055000,16.0
2008-08-28T02:42:40,MILLENNIUM,HUBBARD GLACIER,58.32966667,-136.0318667,0,0.0,0.0,0,9189419.0,9HJF9,249055000,16.0
2008-08-28T02:42:29,MILLENNIUM,HUBBARD GLACIER,58.32966667,-136.0318667,268,265.5,16.2,0,9189419.0,9HJF9,249055000,16.0
2008-08-28T02:40:29,MILLENNIUM,HUBBARD GLACIER,58.33033333,-136.0149667,267,266.6,16.1,0,9189419.0,9HJF9,249055000,16.0
2008-08-28T02:38:29,MILLENNIUM,HUBBARD GLACIER,58.33045,-135.99805,275,275.3,16.1,0,9189419.0,9HJF9,249055000,16.0
2008-08-28T02:37:29,MILLENNIUM,HUBBARD GLACIER,58.3298,-135.98965,281,282.0,16.1,0,9189419.0,9HJF9,249055000,16.0
2008-08-28T02:36:37,MILLENNIUM,HUBBARD GLACIER,58.32706667,-135.9728667,0,0.0,0.0,0,9189419.0,9HJF9,249055000,16.0
2008-08-28T02:35:28,MILLENNIUM,HUBBARD GLACIER,58.32706667,-135.9728667,288,289.0,16.9,0,9189419.0,9HJF9,249055000,16.0
2008-08-28T02:32:27,MILLENNIUM,HUBBARD GLACIER,58.32298333,-135.9473167,282,281.3,16.8,0,9189419.0,9HJF9,249055000,16.0
2008-08-28T02:31:28,MILLENNIUM,HUBBARD GLACIER,58.3221,-135.93865,282,280.9,16.7,0,9189419.0,9HJF9,249055000,16.0
2008-08-28T02:30:34,MILLENNIUM,HUBBARD GLACIER,58.32035,-135.92165,0,0.0,0.0,0,9189419.0,9HJF9,249055000,16.0
2008-08-28T02:29:28,MILLENNIUM,HUBBARD GLACIER,58.32035,-135.92165,282,280.2,16.5,0,9189419.0,9HJF9,249055000,16.0
2008-08-28T02:28:28,MILLENNIUM,HUBBARD GLACIER,58.31953333,-135.9131,282,280.2,16.5,0,9189419.0,9HJF9,249055000,16.0
2008-08-28T02:27:28,MILLENNIUM,HUBBARD GLACIER,58.31868333,-135.9044,282,280.9,16.9,0,9189419.0,9HJF9,249055000,16.0
2008-08-28T02:26:30,MILLENNIUM,HUBBARD GLACIER,58.31773333,-135.8956167,282,282.0,17.1,0,9189419.0,9HJF9,249055000,16.0
2008-08-28T02:24:42,MILLENNIUM,HUBBARD GLACIER,58.31453333,-135.8686667,0,0.0,0.0,0,9189419.0,9HJF9,249055000,16.0
2008-08-28T02:23:29,MILLENNIUM,HUBBARD GLACIER,58.31453333,-135.8686667,282,282.6,17.8,0,9189419.0,9HJF9,249055000,16.0
2008-08-28T02:22:29,MILLENNIUM,HUBBARD GLACIER,58.3134,-135.8593667,282,282.6,17.6,0,9189419.0,9HJF9,249055000,16.0
2008-08-28T02:21:27,MILLENNIUM,HUBBARD GLACIER,58.31236667,-135.8505,282,282.3,16.9,0,9189419.0,9HJF9,249055000,16.0
2008-08-28T02:20:27,MILLENNIUM,HUBBARD GLACIER,58.31141667,-135.8421333,282,281.6,16.3,0,9189419.0,9HJF9,249055000,16.0
2008-08-28T02:19:27,MILLENNIUM,HUBBARD GLACIER,58.31051667,-135.8338333,282,280.5,15.7,0,9189419.0,9HJF9,249055000,16.0
2008-08-28T02:18:40,MILLENNIUM,HUBBARD GLACIER,58.30966667,-135.8258167,0,0.0,0.0,0,9189419.0,9HJF9,249055000,16.0
2008-08-28T02:18:27,MILLENNIUM,HUBBARD GLACIER,58.30966667,-135.8258167,282,281.2,15.3,0,9189419.0,9HJF9,249055000,16.0
2008-08-28T02:17:27,MILLENNIUM,HUBBARD GLACIER,58.30878333,-135.8179833,282,282.7,15.0,0,9189419.0,9HJF9,249055000,16.0
2008-08-28T02:16:29,MILLENNIUM,HUBBARD GLACIER,58.30785,-135.81035,282,282.7,14.9,0,9189419.0,9HJF9,249055000,16.0
2008-08-28T02:15:28,MILLENNIUM,HUBBARD GLACIER,58.30691667,-135.8026333,282,283.1,15.2,0,9189419.0,9HJF9,249055000,16.0
2008-08-28T02:13:29,MILLENNIUM,HUBBARD GLACIER,58.30485,-135.7856833,282,283.2,18.5,0,9189419.0,9HJF9,249055000,16.0
2008-08-28T02:12:35,MILLENNIUM,HUBBARD GLACIER,58.30363333,-135.7764667,0,0.0,0.0,0,9189419.0,9HJF9,249055000,16.0
2008-08-28T02:12:27,MILLENNIUM,HUBBARD GLACIER,58.30363333,-135.7764667,283,284.5,18.3,0,9189419.0,9HJF9,249055000,16.0
2008-08-28T02:10:29,MILLENNIUM,HUBBARD GLACIER,58.30006667,-135.75835,295,296.5,18.4,0,9189419.0,9HJF9,249055000,16.0
2008-08-28T02:09:28,MILLENNIUM,HUBBARD GLACIER,58.2976,-135.7497833,300,300.6,18.5,0,9189419.0,9HJF9,249055000,16.0
2008-08-28T02:08:28,MILLENNIUM,HUBBARD GLACIER,58.29496667,-135.7414333,300,300.6,18.5,0,9189419.0,9HJF9,249055000,16.0
2008-08-28T02:07:29,MILLENNIUM,HUBBARD GLACIER,58.29241667,-135.7332167,300,300.3,18.5,0,9189419.0,9HJF9,249055000,16.0
2008-08-28T02:06:38,MILLENNIUM,HUBBARD GLACIER,58.28981667,-135.7248167,0,0.0,0.0,0,9189419.0,9HJF9,249055000,16.0
2008-08-28T02:06:28,MILLENNIUM,HUBBARD GLACIER,58.28981667,-135.7248167,300,300.3,18.5,0,9189419.0,9HJF9,249055000,16.0
2008-08-28T02:05:29,MILLENNIUM,HUBBARD GLACIER,58.28721667,-135.71635,300,300.3,18.5,0,9189419.0,9HJF9,249055000,16.0
2008-08-28T02:05:29,MILLENNIUM,HUBBARD GLACIER,58.28721667,-135.71635,300,300.3,18.5,0,9189419.0,9HJF9,249055000,16.0
2008-08-28T02:04:28,MILLENNIUM,HUBBARD GLACIER,58.28465,-135.7079667,300,300.6,18.5,0,9189419.0,9HJF9,249055000,16.0
2008-08-28T02:04:28,MILLENNIUM,HUBBARD GLACIER,58.28465,-135.7079667,300,300.6,18.5,0,9189419.0,9HJF9,249055000,16.0
2008-08-28T02:03:29,MILLENNIUM,HUBBARD GLACIER,58.28201667,-135.6996,300,300.0,18.5,0,9189419.0,9HJF9,249055000,16.0
2008-08-28T02:03:29,MILLENNIUM,HUBBARD GLACIER,58.28201667,-135.6996,300,300.0,18.5,0,9189419.0,9HJF9,249055000,16.0
2008-08-28T02:02:31,MILLENNIUM,HUBBARD GLACIER,58.27946667,-135.6913,300,300.3,18.5,0,9189419.0,9HJF9,249055000,16.0
2008-08-28T02:02:31,MILLENNIUM,HUBBARD GLACIER,58.27946667,-135.6913,300,300.3,18.5,0,9189419.0,9HJF9,249055000,16.0
2008-08-28T02:01:31,MILLENNIUM,HUBBARD GLACIER,58.27676667,-135.6827167,300,300.3,18.6,0,9189419.0,9HJF9,249055000,16.0
2008-08-28T02:00:35,MILLENNIUM,HUBBARD GLACIER,58.27418333,-135.6742333,0,0.0,0.0,0,9189419.0,9HJF9,249055000,16.0
2008-08-28T02:00:28,MILLENNIUM,HUBBARD GLACIER,58.27418333,-135.6742333,300,299.6,18.7,0,9189419.0,9HJF9,249055000,16.0
2008-08-28T01:58:30,MILLENNIUM,HUBBARD GLACIER,58.26903333,-135.6571667,300,299.6,18.7,0,9189419.0,9HJF9,249055000,16.0
2008-08-28T01:55:28,MILLENNIUM,HUBBARD GLACIER,58.26145,-135.6318167,301,300.0,18.2,0,9189419.0,9HJF9,249055000,16.0
2008-08-28T01:54:31,MILLENNIUM,HUBBARD GLACIER,58.25651667,-135.6158167,0,0.0,0.0,0,9189419.0,9HJF9,249055000,16.0
2008-08-28T01:53:29,MILLENNIUM,HUBBARD GLACIER,58.25651667,-135.6158167,302,301.3,17.3,0,9189419.0,9HJF9,249055000,16.0
2008-08-28T01:51:28,MILLENNIUM,HUBBARD GLACIER,58.2516,-135.60035,301,300.6,17.1,0,9189419.0,9HJF9,249055000,16.0
2008-08-28T01:50:30,MILLENNIUM,HUBBARD GLACIER,58.24916667,-135.59265,301,300.6,17.1,0,9189419.0,9HJF9,249055000,16.0
2008-08-28T01:49:29,MILLENNIUM,HUBBARD GLACIER,58.2467,-135.5849333,301,301.0,17.2,0,9189419.0,9HJF9,249055000,16.0
2008-08-28T01:48:37,MILLENNIUM,HUBBARD GLACIER,58.2442,-135.5772,0,0.0,0.0,0,9189419.0,9HJF9,249055000,16.0
2008-08-28T01:48:31,MILLENNIUM,HUBBARD GLACIER,58.2442,-135.5772,302,301.6,17.2,0,9189419.0,9HJF9,249055000,16.0
2008-08-28T01:47:30,MILLENNIUM,HUBBARD GLACIER,58.24175,-135.5694,301,300.6,17.3,0,9189419.0,9HJF9,249055000,16.0
2008-08-28T01:44:29,MILLENNIUM,HUBBARD GLACIER,58.2343,-135.5459,302,301.6,17.4,0,9189419.0,9HJF9,249055000,16.0
2008-08-28T01:43:27,MILLENNIUM,HUBBARD GLACIER,58.23185,-135.5380667,302,301.3,17.4,0,9189419.0,9HJF9,249055000,16.0
2008-08-28T01:42:27,MILLENNIUM,HUBBARD GLACIER,58.22925,-135.5303167,304,303.6,17.5,0,9189419.0,9HJF9,249055000,16.0
2008-08-28T01:41:28,MILLENNIUM,HUBBARD GLACIER,58.2264,-135.5228333,308,307.0,17.5,0,9189419.0,9HJF9,249055000,16.0
2008-08-28T01:40:28,MILLENNIUM,HUBBARD GLACIER,58.22346667,-135.5155333,308,306.6,17.4,0,9189419.0,9HJF9,249055000,16.0
2008-08-28T01:39:29,MILLENNIUM,HUBBARD GLACIER,58.22063333,-135.50835,308,306.6,17.2,0,9189419.0,9HJF9,249055000,16.0
2008-08-28T01:38:29,MILLENNIUM,HUBBARD GLACIER,58.21781667,-135.5011333,308,306.6,16.7,0,9189419.0,9HJF9,249055000,16.0
2008-08-28T01:36:29,MILLENNIUM,HUBBARD GLACIER,58.21243333,-135.4876667,308,306.8,15.4,0,9189419.0,9HJF9,249055000,16.0
2008-08-28T01:35:31,MILLENNIUM,HUBBARD GLACIER,58.20993333,-135.4815,308,306.8,14.7,0,9189419.0,9HJF9,249055000,16.0
2008-08-28T01:35:11,MILLENNIUM,HUBBARD GLACIER,58.20923333,-135.4797833,308,306.8,14.6,0,9189419.0,9HJF9,249055000,16.0
2008-08-28T01:34:51,MILLENNIUM,HUBBARD GLACIER,58.20841667,-135.4777333,308,307.1,14.3,0,9189419.0,9HJF9,249055000,16.0
2008-08-28T01:34:33,MILLENNIUM,HUBBARD GLACIER,58.20765,-135.4758333,308,307.1,14.2,0,9189419.0,9HJF9,249055000,16.0
2008-08-28T01:34:12,MILLENNIUM,HUBBARD GLACIER,58.20685,-135.47385,308,307.1,13.9,0,9189419.0,9HJF9,249055000,16.0
2008-08-28T01:33:52,MILLENNIUM,HUBBARD GLACIER,58.20606667,-135.4718667,308,307.1,13.7,0,9189419.0,9HJF9,249055000,16.0
2008-08-28T01:33:32,MILLENNIUM,HUBBARD GLACIER,58.20535,-135.47005,308,306.7,13.6,0,9189419.0,9HJF9,249055000,16.0
2008-08-28T01:33:11,MILLENNIUM,HUBBARD GLACIER,58.20456667,-135.4681167,308,306.7,13.5,0,9189419.0,9HJF9,249055000,16.0
2008-08-28T01:32:51,MILLENNIUM,HUBBARD GLACIER,58.20376667,-135.4661333,308,306.7,13.3,0,9189419.0,9HJF9,249055000,16.0
2008-08-28T01:32:49,MILLENNIUM,HUBBARD GLACIER,58.20363333,-135.4658,308,306.7,13.3,0,9189419.0,9HJF9,249055000,16.0
2008-08-28T01:32:37,MILLENNIUM,HUBBARD GLACIER,58.20313333,-135.4647,308,306.6,13.2,0,9189419.0,9HJF9,249055000,16.0
2008-08-28T01:32:11,MILLENNIUM,HUBBARD GLACIER,58.20231667,-135.4625833,309,307.6,13.1,0,9189419.0,9HJF9,249055000,16.0
2008-08-28T01:32:01,MILLENNIUM,HUBBARD GLACIER,58.20193333,-135.4615167,308,307.1,13.0,0,9189419.0,9HJF9,249055000,16.0
2008-08-28T01:31:49,MILLENNIUM,HUBBARD GLACIER,58.20143333,-135.4603167,308,307.1,13.0,0,9189419.0,9HJF9,249055000,16.0
2008-08-28T01:31:35,MILLENNIUM,HUBBARD GLACIER,58.201,-135.4592167,308,307.1,13.0,0,9189419.0,9HJF9,249055000,16.0
2008-08-28T01:31:11,MILLENNIUM,HUBBARD GLACIER,58.20013333,-135.4570667,308,307.1,13.0,0,9189419.0,9HJF9,249055000,16.0
2008-08-28T01:31:01,MILLENNIUM,HUBBARD GLACIER,58.19973333,-135.4560833,308,307.1,13.0,0,9189419.0,9HJF9,249055000,16.0
2008-08-28T01:30:35,MILLENNIUM,HUBBARD GLACIER,58.1988,-135.4537833,308,307.1,13.1,0,9189419.0,9HJF9,249055000,16.0
2008-08-28T01:30:32,MILLENNIUM,HUBBARD GLACIER,58.19838333,-135.4528,0,0.0,0.0,0,9189419.0,9HJF9,249055000,16.0
2008-08-28T01:30:24,MILLENNIUM,HUBBARD GLACIER,58.19838333,-135.4528,308,307.1,13.1,0,9189419.0,9HJF9,249055000,16.0
2008-08-28T01:30:12,MILLENNIUM,HUBBARD GLACIER,58.19793333,-135.4517,309,308.1,13.2,0,9189419.0,9HJF9,249055000,16.0
2008-08-28T01:30:00,MILLENNIUM,HUBBARD GLACIER,58.19748333,-135.4505833,308,307.1,13.3,0,9189419.0,9HJF9,249055000,16.0
2008-08-28T01:29:48,MILLENNIUM,HUBBARD GLACIER,58.197,-135.4493333,308,307.5,13.4,0,9189419.0,9HJF9,249055000,16.0
2008-08-28T01:29:36,MILLENNIUM,HUBBARD GLACIER,58.19655,-135.44825,308,307.5,13.6,0,9189419.0,9HJF9,249055000,16.0
2008-08-28T01:29:24,MILLENNIUM,HUBBARD GLACIER,58.19613333,-135.4472333,308,307.5,13.7,0,9189419.0,9HJF9,249055000,16.0
2008-08-28T01:29:11,MILLENNIUM,HUBBARD GLACIER,58.1956,-135.4459833,308,307.5,13.9,0,9189419.0,9HJF9,249055000,16.0
2008-08-28T01:29:01,MILLENNIUM,HUBBARD GLACIER,58.1952,-135.4449333,308,307.5,14.2,0,9189419.0,9HJF9,249055000,16.0
2008-08-28T01:28:49,MILLENNIUM,HUBBARD GLACIER,58.1947,-135.4437333,308,307.6,14.5,0,9189419.0,9HJF9,249055000,16.0
2008-08-28T01:28:37,MILLENNIUM,HUBBARD GLACIER,58.1942,-135.4425167,309,308.6,14.8,0,9189419.0,9HJF9,249055000,16.0
2008-08-28T01:28:25,MILLENNIUM,HUBBARD GLACIER,58.19361667,-135.4411667,309,309.0,15.2,0,9189419.0,9HJF9,249055000,16.0
2008-08-28T01:28:11,MILLENNIUM,HUBBARD GLACIER,58.1931,-135.4399667,309,309.3,15.5,0,9189419.0,9HJF9,249055000,16.0
2008-08-28T01:27:48,MILLENNIUM,HUBBARD GLACIER,58.19206667,-135.43755,310,310.3,15.6,0,9189419.0,9HJF9,249055000,16.0
2008-08-28T01:27:37,MILLENNIUM,HUBBARD GLACIER,58.1915,-135.4362667,310,310.3,15.7,0,9189419.0,9HJF9,249055000,16.0
2008-08-28T01:27:12,MILLENNIUM,HUBBARD GLACIER,58.19036667,-135.4337833,312,312.3,15.8,0,9189419.0,9HJF9,249055000,16.0
2008-08-28T01:27:00,MILLENNIUM,HUBBARD GLACIER,58.18983333,-135.4326833,314,314.0,15.9,0,9189419.0,9HJF9,249055000,16.0
2008-08-28T01:26:48,MILLENNIUM,HUBBARD GLACIER,58.18913333,-135.4313667,316,316.3,16.0,0,9189419.0,9HJF9,249055000,16.0
2008-08-28T01:26:37,MILLENNIUM,HUBBARD GLACIER,58.18848333,-135.4302167,318,318.3,16.0,0,9189419.0,9HJF9,249055000,16.0
2008-08-28T01:26:28,MILLENNIUM,HUBBARD GLACIER,58.18781667,-135.4291167,320,320.3,16.0,0,9189419.0,9HJF9,249055000,16.0
2008-08-28T01:26:00,MILLENNIUM,HUBBARD GLACIER,58.18641667,-135.4270167,324,324.3,16.0,0,9189419.0,9HJF9,249055000,16.0
2008-08-28T01:25:37,MILLENNIUM,HUBBARD GLACIER,58.18501667,-135.4252833,329,329.0,16.0,0,9189419.0,9HJF9,249055000,16.0
2008-08-28T01:25:24,MILLENNIUM,HUBBARD GLACIER,58.18415,-135.4243833,331,332.3,16.0,0,9189419.0,9HJF9,249055000,16.0
2008-08-28T01:25:13,MILLENNIUM,HUBBARD GLACIER,58.18335,-135.4236167,334,334.0,16.0,0,9189419.0,9HJF9,249055000,16.0
2008-08-28T01:25:00,MILLENNIUM,HUBBARD GLACIER,58.18255,-135.4228833,336,337.3,16.1,0,9189419.0,9HJF9,249055000,16.0
2008-08-28T01:24:48,MILLENNIUM,HUBBARD GLACIER,58.18175,-135.42225,339,339.3,16.1,0,9189419.0,9HJF9,249055000,16.0
2008-08-28T01:24:37,MILLENNIUM,HUBBARD GLACIER,58.1808,-135.4216,341,341.3,16.2,0,9189419.0,9HJF9,249055000,16.0
2008-08-28T01:24:14,MILLENNIUM,HUBBARD GLACIER,58.17906667,-135.42065,345,345.3,16.2,0,9189419.0,9HJF9,249055000,16.0
2008-08-28T01:24:05,MILLENNIUM,HUBBARD GLACIER,58.1783,-135.4202833,347,347.3,16.2,0,9189419.0,9HJF9,249055000,16.0
2008-08-28T01:23:49,MILLENNIUM,HUBBARD GLACIER,58.17741667,-135.41995,349,349.3,16.2,0,9189419.0,9HJF9,249055000,16.0
2008-08-28T01:23:24,MILLENNIUM,HUBBARD GLACIER,58.17573333,-135.4194667,353,353.3,16.1,0,9189419.0,9HJF9,249055000,16.0
2008-08-28T01:23:15,MILLENNIUM,HUBBARD GLACIER,58.17501667,-135.4193333,354,354.7,16.1,0,9189419.0,9HJF9,249055000,16.0
2008-08-28T01:23:13,MILLENNIUM,HUBBARD GLACIER,58.17475,-135.4192667,355,355.7,16.1,0,9189419.0,9HJF9,249055000,16.0
2008-08-28T01:23:08,MILLENNIUM,HUBBARD GLACIER,58.1744,-135.4192333,356,356.3,16.1,0,9189419.0,9HJF9,249055000,16.0
2008-08-28T01:23:05,MILLENNIUM,HUBBARD GLACIER,58.17413333,-135.4192,356,356.7,16.0,0,9189419.0,9HJF9,249055000,16.0
2008-08-28T01:23:00,MILLENNIUM,HUBBARD GLACIER,58.17386667,-135.4191833,357,357.7,16.0,0,9189419.0,9HJF9,249055000,16.0
2008-08-28T01:22:56,MILLENNIUM,HUBBARD GLACIER,58.1736,-135.41915,357,357.3,16.0,0,9189419.0,9HJF9,249055000,16.0
2008-08-28T01:22:25,MILLENNIUM,HUBBARD GLACIER,58.17121667,-135.4192333,3,3.7,16.0,0,9189419.0,9HJF9,249055000,16.0
2008-08-28T01:22:13,MILLENNIUM,HUBBARD GLACIER,58.17033333,-135.41935,6,6.3,15.9,0,9189419.0,9HJF9,249055000,16.0
2008-08-28T01:21:49,MILLENNIUM,HUBBARD GLACIER,58.1686,-135.4198667,11,11.3,15.9,0,9189419.0,9HJF9,249055000,16.0
2008-08-28T01:21:35,MILLENNIUM,HUBBARD GLACIER,58.16773333,-135.4202,13,13.0,15.9,0,9189419.0,9HJF9,249055000,16.0
2008-08-28T01:21:24,MILLENNIUM,HUBBARD GLACIER,58.16695,-135.42055,15,16.3,15.8,0,9189419.0,9HJF9,249055000,16.0
2008-08-28T01:21:12,MILLENNIUM,HUBBARD GLACIER,58.16603333,-135.4210667,18,18.0,15.8,0,9189419.0,9HJF9,249055000,16.0
2008-08-28T01:20:59,MILLENNIUM,HUBBARD GLACIER,58.1652,-135.4216,20,21.0,15.7,0,9189419.0,9HJF9,249055000,16.0
2008-08-28T01:20:48,MILLENNIUM,HUBBARD GLACIER,58.1644,-135.4222167,23,23.0,15.7,0,9189419.0,9HJF9,249055000,16.0
2008-08-28T01:20:26,MILLENNIUM,HUBBARD GLACIER,58.16281667,-135.4236333,27,28.0,15.6,0,9189419.0,9HJF9,249055000,16.0
2008-08-28T01:20:12,MILLENNIUM,HUBBARD GLACIER,58.16205,-135.4244,30,30.3,15.5,0,9189419.0,9HJF9,249055000,16.0
2008-08-28T01:20:00,MILLENNIUM,HUBBARD GLACIER,58.16133333,-135.4252167,33,33.0,15.4,0,9189419.0,9HJF9,249055000,16.0
2008-08-28T01:19:49,MILLENNIUM,HUBBARD GLACIER,58.16061667,-135.4261167,35,35.0,15.3,0,9189419.0,9HJF9,249055000,16.0
2008-08-28T01:19:35,MILLENNIUM,HUBBARD GLACIER,58.15991667,-135.42705,37,37.6,15.2,0,9189419.0,9HJF9,249055000,16.0
2008-08-28T01:19:24,MILLENNIUM,HUBBARD GLACIER,58.15933333,-135.4279333,39,39.0,15.2,0,9189419.0,9HJF9,249055000,16.0
2008-08-28T01:19:13,MILLENNIUM,HUBBARD GLACIER,58.15863333,-135.4290667,42,40.4,15.1,0,9189419.0,9HJF9,249055000,16.0
2008-08-28T01:19:01,MILLENNIUM,HUBBARD GLACIER,58.15798333,-135.4301,44,43.2,15.0,0,9189419.0,9HJF9,249055000,16.0
2008-08-28T01:18:35,MILLENNIUM,HUBBARD GLACIER,58.15681667,-135.4323,47,46.6,14.8,0,9189419.0,9HJF9,249055000,16.0
2008-08-28T01:18:33,MILLENNIUM,HUBBARD GLACIER,58.15631667,-135.4333,0,0.0,0.0,0,9189419.0,9HJF9,249055000,16.0
2008-08-28T01:18:24,MILLENNIUM,HUBBARD GLACIER,58.15631667,-135.4333,48,47.2,14.6,0,9189419.0,9HJF9,249055000,16.0
2008-08-28T01:18:21,MILLENNIUM,HUBBARD GLACIER,58.15613333,-135.43365,48,47.2,14.6,0,9189419.0,9HJF9,249055000,16.0
2008-08-28T01:18:14,MILLENNIUM,HUBBARD GLACIER,58.15571667,-135.4345667,48,47.6,14.5,0,9189419.0,9HJF9,249055000,16.0
2008-08-28T01:18:01,MILLENNIUM,HUBBARD GLACIER,58.15516667,-135.4356667,48,47.6,14.4,0,9189419.0,9HJF9,249055000,16.0
2008-08-28T01:17:49,MILLENNIUM,HUBBARD GLACIER,58.15468333,-135.4366833,48,47.5,14.3,0,9189419.0,9HJF9,249055000,16.0
2008-08-28T01:17:41,MILLENNIUM,HUBBARD GLACIER,58.15431667,-135.4374667,48,47.5,14.2,0,9189419.0,9HJF9,249055000,16.0
2008-08-28T01:17:20,MILLENNIUM,HUBBARD GLACIER,58.15341667,-135.4393,48,47.5,13.9,0,9189419.0,9HJF9,249055000,16.0
2008-08-28T01:16:59,MILLENNIUM,HUBBARD GLACIER,58.15256667,-135.4411333,49,48.5,13.7,0,9189419.0,9HJF9,249055000,16.0
2008-08-28T01:16:42,MILLENNIUM,HUBBARD GLACIER,58.15178333,-135.44285,48,48.8,13.4,0,9189419.0,9HJF9,249055000,16.0
2008-08-28T01:16:20,MILLENNIUM,HUBBARD GLACIER,58.15093333,-135.44465,48,48.8,13.2,0,9189419.0,9HJF9,249055000,16.0
2008-08-28T01:16:01,MILLENNIUM,HUBBARD GLACIER,58.15013333,-135.4464,48,48.4,12.9,0,9189419.0,9HJF9,249055000,16.0
2008-08-28T01:15:40,MILLENNIUM,HUBBARD GLACIER,58.14935,-135.4480167,48,48.4,12.7,0,9189419.0,9HJF9,249055000,16.0
2008-08-28T01:14:59,MILLENNIUM,HUBBARD GLACIER,58.14781667,-135.4513333,48,48.0,12.2,0,9189419.0,9HJF9,249055000,16.0
2008-08-28T01:14:20,MILLENNIUM,HUBBARD GLACIER,58.14635,-135.4544,48,48.0,11.6,0,9189419.0,9HJF9,249055000,16.0
2008-08-28T01:13:59,MILLENNIUM,HUBBARD GLACIER,58.14568333,-135.4558333,48,48.0,11.3,0,9189419.0,9HJF9,249055000,16.0
2008-08-28T01:13:41,MILLENNIUM,HUBBARD GLACIER,58.14496667,-135.4573167,48,47.4,11.0,0,9189419.0,9HJF9,249055000,16.0
2008-08-28T01:13:01,MILLENNIUM,HUBBARD GLACIER,58.14365,-135.4600667,48,47.4,10.4,0,9189419.0,9HJF9,249055000,16.0
2008-08-28T01:12:41,MILLENNIUM,HUBBARD GLACIER,58.14303333,-135.4613333,48,46.8,10.1,0,9189419.0,9HJF9,249055000,16.0
2008-08-28T01:12:34,MILLENNIUM,HUBBARD GLACIER,58.14123333,-135.4650333,0,0.0,0.0,0,9189419.0,9HJF9,249055000,16.0
2008-08-28T01:11:43,MILLENNIUM,HUBBARD GLACIER,58.14123333,-135.4650333,48,46.7,9.1,0,9189419.0,9HJF9,249055000,16.0
2008-08-28T01:11:02,MILLENNIUM,HUBBARD GLACIER,58.1401,-135.4673167,48,45.9,8.5,0,9189419.0,9HJF9,249055000,16.0
2008-08-28T01:10:41,MILLENNIUM,HUBBARD GLACIER,58.13956667,-135.4682833,47,44.2,8.2,0,9189419.0,9HJF9,249055000,16.0
2008-08-28T01:10:01,MILLENNIUM,HUBBARD GLACIER,58.13846667,-135.4701833,43,41.5,7.7,0,9189419.0,9HJF9,249055000,16.0
2008-08-28T01:09:42,MILLENNIUM,HUBBARD GLACIER,58.13795,-135.4710333,39,37.4,7.6,0,9189419.0,9HJF9,249055000,16.0
2008-08-28T01:09:21,MILLENNIUM,HUBBARD GLACIER,58.13735,-135.4718333,36,33.6,7.4,0,9189419.0,9HJF9,249055000,16.0
2008-08-28T01:08:41,MILLENNIUM,HUBBARD GLACIER,58.13625,-135.4730667,29,27.3,7.1,0,9189419.0,9HJF9,249055000,16.0
2008-08-28T01:08:00,MILLENNIUM,HUBBARD GLACIER,58.13503333,-135.4740667,23,20.2,6.7,0,9189419.0,9HJF9,249055000,16.0
2008-08-28T01:07:19,MILLENNIUM,HUBBARD GLACIER,58.13388333,-135.4747667,16,15.0,6.1,0,9189419.0,9HJF9,249055000,16.0
2008-08-28T01:06:29,MILLENNIUM,HUBBARD GLACIER,58.13241667,-135.4754,0,0.0,0.0,0,9189419.0,9HJF9,249055000,16.0
2008-08-28T01:06:22,,,58.13241667,-135.4754,6,9.4,5.0,0,,,249055000,
2008-08-28T01:05:49,,,58.13173333,-135.47555,1,3.5,4.5,0,,,249055000,
2008-08-28T01:05:22,,,58.13118333,-135.4755667,0,0.0,4.2,0,,,249055000,
2008-08-28T01:04:22,,,58.13011667,-135.47555,0,358.4,3.5,0,,,249055000,
2008-08-28T01:04:02,,,58.12981667,-135.4755333,0,358.3,3.2,0,,,249055000,
2008-08-28T01:03:01,,,58.12905,-135.4755,0,357.3,2.1,0,,,249055000,
2008-08-28T01:01:02,,,58.12851667,-135.4750667,12,289.2,0.8,0,,,249055000,
2008-08-28T01:00:21,,,58.12845,-135.4748333,20,298.2,0.7,0,,,249055000,
2008-08-28T00:59:41,,,58.1284,-135.4746,28,289.8,0.7,0,,,249055000,
2008-08-28T00:59:23,,,58.12838333,-135.4745,31,292.8,0.7,0,,,249055000,
2008-08-28T00:58:40,,,58.12833333,-135.4742833,38,284.8,0.8,0,,,249055000,
2008-08-28T00:58:20,,,58.12831667,-135.4741667,41,284.4,0.7,0,,,249055000,
2008-08-28T00:58:00,,,58.1283,-135.47405,44,280.3,0.7,0,,,249055000,
2008-08-28T00:57:39,,,58.1283,-135.4739167,46,276.1,0.8,0,,,249055000,
2008-08-28T00:57:22,,,58.1283,-135.4737833,49,264.5,0.9,0,,,249055000,
2008-08-28T00:57:01,,,58.12831667,-135.4736167,51,266.5,0.9,0,,,249055000,
2008-08-28T00:56:40,,,58.1283,-135.4734667,53,273.6,0.9,0,,,249055000,
2008-08-28T00:56:21,,,58.1283,-135.4733167,55,276.6,0.9,0,,,249055000,
2008-08-28T00:55:41,,,58.12825,-135.47295,61,286.0,1.1,0,,,249055000,
2008-08-28T00:55:20,,,58.12821667,-135.4727833,64,289.0,1.1,0,,,249055000,
2008-08-28T00:55:00,,,58.12816667,-135.4726,67,284.8,1.1,0,,,249055000,
2008-08-28T00:54:21,,,58.1281,-135.4722333,72,289.8,1.1,0,,,249055000,
2008-08-28T00:54:00,,,58.12806667,-135.47205,75,292.8,1.1,0,,,249055000,
2008-08-28T00:53:21,,,58.12798333,-135.4716667,79,289.9,1.2,0,,,249055000,
2008-08-28T00:52:41,,,58.1279,-135.4712833,83,289.5,1.1,0,,,249055000,
2008-08-28T00:51:40,,,58.12778333,-135.4707333,87,290.9,1.0,0,,,249055000,
2008-08-28T00:50:40,MILLENNIUM,HUBBARD GLACIER,58.12773333,-135.4703,89,276.1,0.8,0,9189419.0,9HJF9,249055000,16.0
2008-08-28T00:50:02,MILLENNIUM,HUBBARD GLACIER,58.12771667,-135.4700667,90,270.0,0.6,0,9189419.0,9HJF9,249055000,16.0
2008-08-28T00:49:21,MILLENNIUM,HUBBARD GLACIER,58.12771667,-135.4698667,90,281.3,0.5,0,9189419.0,9HJF9,249055000,16.0
2008-08-28T00:49:13,MILLENNIUM,HUBBARD GLACIER,58.1277,-135.4697167,0,0.0,0.0,0,9189419.0,9HJF9,249055000,16.0
2008-08-28T00:48:41,MILLENNIUM,HUBBARD GLACIER,58.1277,-135.4697167,91,289.4,0.3,0,9189419.0,9HJF9,249055000,16.0
2008-08-28T00:48:21,MILLENNIUM,HUBBARD GLACIER,58.12768333,-135.4696667,91,297.5,0.2,0,9189419.0,9HJF9,249055000,16.0
2008-08-28T00:48:00,MILLENNIUM,HUBBARD GLACIER,58.12768333,-135.4696167,91,297.5,0.2,0,9189419.0,9HJF9,249055000,16.0
2008-08-28T00:47:41,MILLENNIUM,HUBBARD GLACIER,58.12768333,-135.4696167,91,91.0,0.0,0,9189419.0,9HJF9,249055000,16.0
2008-08-28T00:47:03,MILLENNIUM,HUBBARD GLACIER,58.12768333,-135.4696,91,271.0,0.1,0,9189419.0,9HJF9,249055000,16.0
2008-08-28T00:46:40,MILLENNIUM,HUBBARD GLACIER,58.12766667,-135.4696,90,90.0,0.0,0,9189419.0,9HJF9,249055000,16.0
2008-08-28T00:46:02,MILLENNIUM,HUBBARD GLACIER,58.12766667,-135.4695833,89,359.0,0.1,0,9189419.0,9HJF9,249055000,16.0
2008-08-28T00:45:21,MILLENNIUM,HUBBARD GLACIER,58.12765,-135.4695833,89,359.0,0.2,0,9189419.0,9HJF9,249055000,16.0
2008-08-28T00:45:02,MILLENNIUM,HUBBARD GLACIER,58.12763333,-135.4695833,89,359.0,0.2,0,9189419.0,9HJF9,249055000,16.0
2008-08-28T00:44:41,MILLENNIUM,HUBBARD GLACIER,58.12761667,-135.4695667,89,359.0,0.2,0,9189419.0,9HJF9,249055000,16.0
2008-08-28T00:44:20,MILLENNIUM,HUBBARD GLACIER,58.1276,-135.4695667,89,359.0,0.2,0,9189419.0,9HJF9,249055000,16.0
2008-08-28T00:44:02,MILLENNIUM,HUBBARD GLACIER,58.12756667,-135.46955,89,359.0,0.2,0,9189419.0,9HJF9,249055000,16.0
2008-08-28T00:43:40,MILLENNIUM,HUBBARD GLACIER,58.12755,-135.46955,90,0.0,0.3,0,9189419.0,9HJF9,249055000,16.0
2008-08-28T00:43:06,MILLENNIUM,HUBBARD GLACIER,58.12751667,-135.46955,0,0.0,0.0,0,9189419.0,9HJF9,249055000,16.0
2008-08-28T00:43:01,MILLENNIUM,HUBBARD GLACIER,58.12751667,-135.46955,91,1.0,0.2,0,9189419.0,9HJF9,249055000,16.0
2008-08-28T00:42:41,MILLENNIUM,HUBBARD GLACIER,58.1275,-135.4695333,92,2.0,0.2,0,9189419.0,9HJF9,249055000,16.0
2008-08-28T00:42:21,MILLENNIUM,HUBBARD GLACIER,58.12748333,-135.46955,93,47.9,0.1,0,9189419.0,9HJF9,249055000,16.0
2008-08-28T00:42:01,MILLENNIUM,HUBBARD GLACIER,58.12748333,-135.4695833,94,94.0,0.2,0,9189419.0,9HJF9,249055000,16.0
2008-08-28T00:41:43,MILLENNIUM,HUBBARD GLACIER,58.12748333,-135.4696167,94,112.4,0.3,0,9189419.0,9HJF9,249055000,16.0
2008-08-28T00:41:00,MILLENNIUM,HUBBARD GLACIER,58.12751667,-135.4697667,95,116.8,0.5,0,9189419.0,9HJF9,249055000,16.0
2008-08-28T00:40:41,MILLENNIUM,HUBBARD GLACIER,58.12753333,-135.4698333,95,109.0,0.4,0,9189419.0,9HJF9,249055000,16.0
2008-08-28T00:40:00,MILLENNIUM,HUBBARD GLACIER,58.12756667,-135.4699833,97,111.0,0.4,0,9189419.0,9HJF9,249055000,16.0
2008-08-28T00:39:40,MILLENNIUM,HUBBARD GLACIER,58.12758333,-135.4700333,97,111.0,0.4,0,9189419.0,9HJF9,249055000,16.0
2008-08-28T00:39:20,MILLENNIUM,HUBBARD GLACIER,58.1276,-135.4701,97,130.6,0.4,0,9189419.0,9HJF9,249055000,16.0
2008-08-28T00:39:02,MILLENNIUM,HUBBARD GLACIER,58.12763333,-135.4701667,98,131.6,0.4,0,9189419.0,9HJF9,249055000,16.0
2008-08-28T00:38:40,MILLENNIUM,HUBBARD GLACIER,58.12765,-135.4702167,98,143.0,0.4,0,9189419.0,9HJF9,249055000,16.0
2008-08-28T00:38:23,MILLENNIUM,HUBBARD GLACIER,58.12768333,-135.4702667,98,143.0,0.4,0,9189419.0,9HJF9,249055000,16.0
2008-08-28T00:38:00,MILLENNIUM,HUBBARD GLACIER,58.12771667,-135.4703,97,153.3,0.4,0,9189419.0,9HJF9,249055000,16.0
2008-08-28T00:37:40,MILLENNIUM,HUBBARD GLACIER,58.12775,-135.47035,97,153.3,0.4,0,9189419.0,9HJF9,249055000,16.0
2008-08-28T00:37:25,MILLENNIUM,HUBBARD GLACIER,58.12778333,-135.4703667,97,160.4,0.4,0,9189419.0,9HJF9,249055000,16.0
2008-08-28T00:37:08,MILLENNIUM,HUBBARD GLACIER,58.12781667,-135.4703833,0,0.0,0.0,0,9189419.0,9HJF9,249055000,16.0
2008-08-28T00:37:01,MILLENNIUM,HUBBARD GLACIER,58.12781667,-135.4703833,96,171.9,0.4,0,9189419.0,9HJF9,249055000,16.0
2008-08-28T00:36:43,MILLENNIUM,HUBBARD GLACIER,58.12785,-135.4704,96,173.6,0.5,0,9189419.0,9HJF9,249055000,16.0
2008-08-28T00:36:23,MILLENNIUM,HUBBARD GLACIER,58.12788333,-135.4704167,95,173.6,0.5,0,9189419.0,9HJF9,249055000,16.0
2008-08-28T00:36:00,MILLENNIUM,HUBBARD GLACIER,58.12793333,-135.4704167,93,184.0,0.4,0,9189419.0,9HJF9,249055000,16.0
2008-08-28T00:35:21,MILLENNIUM,HUBBARD GLACIER,58.128,-135.4704,92,208.5,0.2,0,9189419.0,9HJF9,249055000,16.0
2008-08-28T00:35:02,MILLENNIUM,HUBBARD GLACIER,58.12801667,-135.4703667,91,207.5,0.2,0,9189419.0,9HJF9,249055000,16.0
2008-08-28T00:34:40,MILLENNIUM,HUBBARD GLACIER,58.12803333,-135.47035,91,244.4,0.2,0,9189419.0,9HJF9,249055000,16.0
2008-08-28T00:33:41,MILLENNIUM,HUBBARD GLACIER,58.12806667,-135.47025,91,271.0,0.2,0,9189419.0,9HJF9,249055000,16.0
2008-08-28T00:33:01,MILLENNIUM,HUBBARD GLACIER,58.12806667,-135.4701833,91,271.0,0.2,0,9189419.0,9HJF9,249055000,16.0
2008-08-28T00:32:41,MILLENNIUM,HUBBARD GLACIER,58.12806667,-135.47015,92,272.0,0.1,0,9189419.0,9HJF9,249055000,16.0
2008-08-28T00:32:01,MILLENNIUM,HUBBARD GLACIER,58.12808333,-135.4701333,92,272.0,0.1,0,9189419.0,9HJF9,249055000,16.0
2008-08-28T00:31:41,MILLENNIUM,HUBBARD GLACIER,58.12808333,-135.4701167,92,272.0,0.1,0,9189419.0,9HJF9,249055000,16.0
2008-08-28T00:31:09,MILLENNIUM,HUBBARD GLACIER,58.12808333,-135.4701,0,0.0,0.0,0,9189419.0,9HJF9,249055000,16.0
2008-08-28T00:31:02,MILLENNIUM,HUBBARD GLACIER,58.12808333,-135.4701,92,92.0,0.0,0,9189419.0,9HJF9,249055000,16.0
2008-08-28T00:30:41,MILLENNIUM,HUBBARD GLACIER,58.12808333,-135.4701,92,92.0,0.0,0,9189419.0,9HJF9,249055000,16.0
2008-08-28T00:30:20,MILLENNIUM,HUBBARD GLACIER,58.12806667,-135.4700833,93,93.0,0.0,0,9189419.0,9HJF9,249055000,16.0
2008-08-28T00:30:02,MILLENNIUM,HUBBARD GLACIER,58.12806667,-135.4700833,93,93.0,0.0,0,9189419.0,9HJF9,249055000,16.0
2008-08-28T00:29:01,MILLENNIUM,HUBBARD GLACIER,58.128,-135.4700667,93,3.0,0.1,0,9189419.0,9HJF9,249055000,16.0
2008-08-28T00:28:43,MILLENNIUM,HUBBARD GLACIER,58.12801667,-135.4700667,94,94.0,0.1,0,9189419.0,9HJF9,249055000,16.0
2008-08-28T00:28:20,MILLENNIUM,HUBBARD GLACIER,58.12803333,-135.4701,94,48.9,0.1,0,9189419.0,9HJF9,249055000,16.0
2008-08-28T00:27:20,MILLENNIUM,HUBBARD GLACIER,58.12801667,-135.4701333,95,95.0,0.1,0,9189419.0,9HJF9,249055000,16.0
2008-08-28T00:26:59,MILLENNIUM,HUBBARD GLACIER,58.12801667,-135.47015,95,95.0,0.1,0,9189419.0,9HJF9,249055000,16.0
2008-08-28T00:26:41,MILLENNIUM,HUBBARD GLACIER,58.12801667,-135.4701667,95,95.0,0.1,0,9189419.0,9HJF9,249055000,16.0
2008-08-28T00:26:20,MILLENNIUM,HUBBARD GLACIER,58.12801667,-135.4701833,95,95.0,0.1,0,9189419.0,9HJF9,249055000,16.0
2008-08-28T00:25:59,MILLENNIUM,HUBBARD GLACIER,58.12801667,-135.4701833,95,95.0,0.1,0,9189419.0,9HJF9,249055000,16.0
2008-08-28T00:25:20,MILLENNIUM,HUBBARD GLACIER,58.12801667,-135.4702167,95,95.0,0.1,0,9189419.0,9HJF9,249055000,16.0
2008-08-28T00:25:06,MILLENNIUM,HUBBARD GLACIER,58.128,-135.47025,0,0.0,0.0,0,9189419.0,9HJF9,249055000,16.0
2008-08-28T00:24:41,MILLENNIUM,HUBBARD GLACIER,58.128,-135.47025,95,95.0,0.1,0,9189419.0,9HJF9,249055000,16.0
2008-08-28T00:24:21,MILLENNIUM,HUBBARD GLACIER,58.12801667,-135.4702667,95,95.0,0.1,0,9189419.0,9HJF9,249055000,16.0
2008-08-28T00:24:01,MILLENNIUM,HUBBARD GLACIER,58.12801667,-135.4702667,95,185.0,0.1,0,9189419.0,9HJF9,249055000,16.0
2008-08-28T00:23:41,MILLENNIUM,HUBBARD GLACIER,58.12803333,-135.4702833,95,95.0,0.0,0,9189419.0,9HJF9,249055000,16.0
2008-08-28T00:23:20,MILLENNIUM,HUBBARD GLACIER,58.12803333,-135.4702833,95,95.0,0.0,0,9189419.0,9HJF9,249055000,16.0
2008-08-28T00:22:21,MILLENNIUM,HUBBARD GLACIER,58.12805,-135.4702833,95,95.0,0.0,0,9189419.0,9HJF9,249055000,16.0
2008-08-28T00:21:41,MILLENNIUM,HUBBARD GLACIER,58.12805,-135.4702667,95,275.0,0.1,0,9189419.0,9HJF9,249055000,16.0
2008-08-28T00:21:21,MILLENNIUM,HUBBARD GLACIER,58.12803333,-135.47025,95,275.0,0.1,0,9189419.0,9HJF9,249055000,16.0
2008-08-28T00:20:59,MILLENNIUM,HUBBARD GLACIER,58.12803333,-135.47025,95,275.0,0.1,0,9189419.0,9HJF9,249055000,16.0
2008-08-28T00:20:41,MILLENNIUM,HUBBARD GLACIER,58.12803333,-135.4702333,95,275.0,0.1,0,9189419.0,9HJF9,249055000,16.0
2008-08-28T00:20:22,MILLENNIUM,HUBBARD GLACIER,58.12803333,-135.4702167,95,275.0,0.1,0,9189419.0,9HJF9,249055000,16.0
2008-08-28T00:20:01,MILLENNIUM,HUBBARD GLACIER,58.12801667,-135.4702,95,275.0,0.1,0,9189419.0,9HJF9,249055000,16.0
2008-08-28T00:19:41,MILLENNIUM,HUBBARD GLACIER,58.12801667,-135.4702,95,275.0,0.1,0,9189419.0,9HJF9,249055000,16.0
2008-08-28T00:19:22,MILLENNIUM,HUBBARD GLACIER,58.12803333,-135.4701833,95,275.0,0.1,0,9189419.0,9HJF9,249055000,16.0
2008-08-28T00:19:06,MILLENNIUM,HUBBARD GLACIER,58.12803333,-135.4701667,0,0.0,0.0,0,9189419.0,9HJF9,249055000,16.0
2008-08-28T00:19:01,MILLENNIUM,HUBBARD GLACIER,58.12803333,-135.4701667,95,275.0,0.1,0,9189419.0,9HJF9,249055000,16.0
2008-08-28T00:18:41,MILLENNIUM,HUBBARD GLACIER,58.12801667,-135.47015,95,275.0,0.1,0,9189419.0,9HJF9,249055000,16.0
2008-08-28T00:18:19,MILLENNIUM,HUBBARD GLACIER,58.12801667,-135.4701167,95,275.0,0.1,0,9189419.0,9HJF9,249055000,16.0
2008-08-28T00:18:01,MILLENNIUM,HUBBARD GLACIER,58.12803333,-135.4701,95,95.0,0.0,0,9189419.0,9HJF9,249055000,16.0
2008-08-28T00:17:01,MILLENNIUM,HUBBARD GLACIER,58.12801667,-135.4700833,95,95.0,0.0,0,9189419.0,9HJF9,249055000,16.0
2008-08-28T00:16:42,MILLENNIUM,HUBBARD GLACIER,58.12801667,-135.4701,95,95.0,0.0,0,9189419.0,9HJF9,249055000,16.0
2008-08-28T00:16:21,MILLENNIUM,HUBBARD GLACIER,58.12801667,-135.4700833,95,95.0,0.0,0,9189419.0,9HJF9,249055000,16.0
2008-08-28T00:16:01,MILLENNIUM,HUBBARD GLACIER,58.12801667,-135.4700833,95,95.0,0.0,0,9189419.0,9HJF9,249055000,16.0
2008-08-28T00:15:20,MILLENNIUM,HUBBARD GLACIER,58.12801667,-135.4701167,95,95.0,0.0,0,9189419.0,9HJF9,249055000,16.0
2008-08-28T00:15:04,MILLENNIUM,HUBBARD GLACIER,58.128,-135.47015,95,95.0,0.0,0,9189419.0,9HJF9,249055000,16.0
2008-08-28T00:14:42,MILLENNIUM,HUBBARD GLACIER,58.128,-135.47015,96,96.0,0.0,0,9189419.0,9HJF9,249055000,16.0
2008-08-28T00:14:20,MILLENNIUM,HUBBARD GLACIER,58.128,-135.47015,96,96.0,0.0,0,9189419.0,9HJF9,249055000,16.0
2008-08-28T00:13:59,MILLENNIUM,HUBBARD GLACIER,58.128,-135.4701667,96,96.0,0.0,0,9189419.0,9HJF9,249055000,16.0
2008-08-28T00:13:42,MILLENNIUM,HUBBARD GLACIER,58.12801667,-135.4701667,96,96.0,0.0,0,9189419.0,9HJF9,249055000,16.0
2008-08-28T00:13:19,MILLENNIUM,HUBBARD GLACIER,58.12801667,-135.4701833,96,96.0,0.0,0,9189419.0,9HJF9,249055000,16.0
2008-08-28T00:12:59,MILLENNIUM,HUBBARD GLACIER,58.12801667,-135.4701833,96,96.0,0.0,0,9189419.0,9HJF9,249055000,16.0
2008-08-28T00:12:20,MILLENNIUM,HUBBARD GLACIER,58.12803333,-135.4702,96,96.0,0.0,0,9189419.0,9HJF9,249055000,16.0
2008-08-28T00:11:59,MILLENNIUM,HUBBARD GLACIER,58.12803333,-135.4702,96,96.0,0.0,0,9189419.0,9HJF9,249055000,16.0
2008-08-28T00:11:43,MILLENNIUM,HUBBARD GLACIER,58.12801667,-135.4702,96,96.0,0.0,0,9189419.0,9HJF9,249055000,16.0
2008-08-28T00:11:20,MILLENNIUM,HUBBARD GLACIER,58.12801667,-135.4702,96,96.0,0.0,0,9189419.0,9HJF9,249055000,16.0
2008-08-28T00:11:00,MILLENNIUM,HUBBARD GLACIER,58.128,-135.4702,96,96.0,0.0,0,9189419.0,9HJF9,249055000,16.0
2008-08-28T00:10:43,MILLENNIUM,HUBBARD GLACIER,58.128,-135.4702,96,96.0,0.0,0,9189419.0,9HJF9,249055000,16.0
2008-08-28T00:10:20,MILLENNIUM,HUBBARD GLACIER,58.128,-135.4702,96,96.0,0.0,0,9189419.0,9HJF9,249055000,16.0
2008-08-28T00:10:00,MILLENNIUM,HUBBARD GLACIER,58.128,-135.4702,96,321.0,0.1,0,9189419.0,9HJF9,249055000,16.0
2008-08-28T00:09:42,MILLENNIUM,HUBBARD GLACIER,58.128,-135.4701833,96,96.0,0.0,0,9189419.0,9HJF9,249055000,16.0
2008-08-28T00:09:21,MILLENNIUM,HUBBARD GLACIER,58.128,-135.4701833,96,96.0,0.0,0,9189419.0,9HJF9,249055000,16.0
2008-08-28T00:09:00,MILLENNIUM,HUBBARD GLACIER,58.128,-135.4701667,96,96.0,0.0,0,9189419.0,9HJF9,249055000,16.0
2008-08-28T00:08:41,MILLENNIUM,HUBBARD GLACIER,58.12798333,-135.4701667,96,96.0,0.1,0,9189419.0,9HJF9,249055000,16.0
2008-08-28T00:08:20,MILLENNIUM,HUBBARD GLACIER,58.12798333,-135.4701667,95,95.0,0.1,0,9189419.0,9HJF9,249055000,16.0
2008-08-28T00:08:01,MILLENNIUM,HUBBARD GLACIER,58.12798333,-135.4701833,95,95.0,0.1,0,9189419.0,9HJF9,249055000,16.0
2008-08-28T00:07:20,MILLENNIUM,HUBBARD GLACIER,58.128,-135.4702333,95,95.0,0.1,0,9189419.0,9HJF9,249055000,16.0
2008-08-28T00:07:03,MILLENNIUM,HUBBARD GLACIER,58.128,-135.4702167,0,0.0,0.0,0,9189419.0,9HJF9,249055000,16.0
2008-08-28T00:06:59,MILLENNIUM,HUBBARD GLACIER,58.128,-135.4702167,95,95.0,0.1,0,9189419.0,9HJF9,249055000,16.0
2008-08-28T00:06:42,MILLENNIUM,HUBBARD GLACIER,58.12798333,-135.47025,95,95.0,0.1,0,9189419.0,9HJF9,249055000,16.0
2008-08-28T00:06:08,MILLENNIUM,HUBBARD GLACIER,58.128,-135.47045,0,0.0,0.0,0,9189419.0,9HJF9,249055000,16.0
2008-08-28T00:03:08,MILLENNIUM,HUBBARD GLACIER,58.128,-135.47045,96,96.0,0.1,1,9189419.0,9HJF9,249055000,16.0
2008-08-28T00:00:56,MILLENNIUM,HUBBARD GLACIER,58.128,-135.4704,0,0.0,0.0,0,9189419.0,9HJF9,249055000,16.0
