bs_ts,mmsi,lat,lon,nav_status,cog,sog,heading,imo,callsign,name,Type of ship,destination
2008-07-25T23:59:58,249053000,56.81748333,-135.6638833,0,163.3,19.4,166,9106302,9HJG9,CELEBRITY MERCURY,16,VANCOUVER
2008-07-25T23:59:47,249053000,56.81848333,-135.6644333,0,163.6,19.4,166,9106302,9HJG9,CELEBRITY MERCURY,16,VANCOUVER
2008-07-25T23:59:22,249053000,56.8205,-135.66555,0,164.5,19.4,166,9106302,9HJG9,CELEBRITY MERCURY,16,VANCOUVER
2008-07-25T23:58:58,249053000,56.82273333,-135.6667167,0,165.2,19.3,167,9106302,9HJG9,CELEBRITY MERCURY,16,VANCOUVER
2008-07-25T23:58:34,249053000,56.82475,-135.6676333,0,166.6,19.2,169,9106302,9HJG9,CELEBRITY MERCURY,16,VANCOUVER
2008-07-25T23:58:22,249053000,56.82575,-135.6681,0,166.6,19.3,169,9106302,9HJG9,CELEBRITY MERCURY,16,VANCOUVER
2008-07-25T23:58:10,249053000,56.82695,-135.6685833,0,167.3,19.2,170,9106302,9HJG9,CELEBRITY MERCURY,16,VANCOUVER
2008-07-25T23:57:58,249053000,56.8279,-135.6689833,0,168.0,19.2,171,9106302,9HJG9,CELEBRITY MERCURY,16,VANCOUVER
2008-07-25T23:57:47,249053000,56.82898333,-135.6694333,0,167.0,19.2,170,9106302,9HJG9,CELEBRITY MERCURY,16,VANCOUVER
2008-07-25T23:57:34,249053000,56.83003333,-135.66985,0,168.0,19.2,171,9106302,9HJG9,CELEBRITY MERCURY,16,VANCOUVER
2008-07-25T23:57:22,249053000,56.8312,-135.6703167,0,167.0,19.1,170,9106302,9HJG9,CELEBRITY MERCURY,16,VANCOUVER
2008-07-25T23:56:58,249053000,56.83325,-135.67115,0,167.6,19.1,170,9106302,9HJG9,CELEBRITY MERCURY,16,VANCOUVER
2008-07-25T23:56:47,249053000,56.83408333,-135.6714833,0,167.9,19.1,170,9106302,9HJG9,CELEBRITY MERCURY,16,VANCOUVER
2008-07-25T23:56:34,249053000,56.83521667,-135.6719,0,166.9,18.8,170,9106302,9HJG9,CELEBRITY MERCURY,16,VANCOUVER
2008-07-25T23:56:22,249053000,56.83613333,-135.6723,0,167.2,18.9,170,9106302,9HJG9,CELEBRITY MERCURY,16,VANCOUVER
2008-07-25T23:56:10,249053000,56.83738333,-135.6728167,0,167.2,18.9,170,9106302,9HJG9,CELEBRITY MERCURY,16,VANCOUVER
2008-07-25T23:55:58,249053000,56.83823333,-135.6731667,0,167.2,18.9,170,9106302,9HJG9,CELEBRITY MERCURY,16,VANCOUVER
2008-07-25T23:55:22,249053000,56.84148333,-135.67455,0,167.2,18.9,170,9106302,9HJG9,CELEBRITY MERCURY,16,VANCOUVER
2008-07-25T23:54:58,249053000,56.84348333,-135.6754167,0,167.2,18.9,170,9106302,9HJG9,CELEBRITY MERCURY,16,VANCOUVER
2008-07-25T23:54:47,249053000,56.8444,-135.6758167,0,167.2,18.9,170,9106302,9HJG9,CELEBRITY MERCURY,16,VANCOUVER
2008-07-25T23:54:34,249053000,56.84551667,-135.6762667,0,167.3,19.2,170,9106302,9HJG9,CELEBRITY MERCURY,16,VANCOUVER
2008-07-25T23:54:22,249053000,56.84643333,-135.6766667,0,167.2,18.9,170,9106302,9HJG9,CELEBRITY MERCURY,16,VANCOUVER
2008-07-25T23:54:10,249053000,56.84743333,-135.67705,0,166.6,18.9,170,9106302,9HJG9,CELEBRITY MERCURY,16,VANCOUVER
2008-07-25T23:54:06,249053000,56.84866667,-135.6775667,0,0.0,0.0,0,9106302,9HJG9,CELEBRITY MERCURY,16,VANCOUVER
2008-07-25T23:53:58,249053000,56.84866667,-135.6775667,0,167.0,19.1,170,9106302,9HJG9,CELEBRITY MERCURY,16,VANCOUVER
2008-07-25T23:53:47,249053000,56.84955,-135.67795,0,166.6,18.9,170,9106302,9HJG9,CELEBRITY MERCURY,16,VANCOUVER
2008-07-25T23:53:10,249053000,56.85268333,-135.6792833,0,167.2,18.9,170,9106302,9HJG9,CELEBRITY MERCURY,16,VANCOUVER
2008-07-25T23:52:58,249053000,56.85366667,-135.6797,0,168.1,18.9,170,9106302,9HJG9,CELEBRITY MERCURY,16,VANCOUVER
2008-07-25T23:52:47,249053000,56.85468333,-135.6800833,0,168.1,18.9,170,9106302,9HJG9,CELEBRITY MERCURY,16,VANCOUVER
2008-07-25T23:52:34,249053000,56.85576667,-135.68055,0,169.1,18.9,171,9106302,9HJG9,CELEBRITY MERCURY,16,VANCOUVER
2008-07-25T23:52:22,249053000,56.85678333,-135.6809,0,169.8,18.9,172,9106302,9HJG9,CELEBRITY MERCURY,16,VANCOUVER
2008-07-25T23:52:11,249053000,56.85778333,-135.68125,0,171.4,18.9,173,9106302,9HJG9,CELEBRITY MERCURY,16,VANCOUVER
2008-07-25T23:51:58,249053000,56.85901667,-135.6815833,0,172.4,18.9,174,9106302,9HJG9,CELEBRITY MERCURY,16,VANCOUVER
2008-07-25T23:51:47,249053000,56.85993333,-135.6818,0,173.4,18.9,175,9106302,9HJG9,CELEBRITY MERCURY,16,VANCOUVER
2008-07-25T23:51:34,249053000,56.86093333,-135.6820167,0,175.4,18.9,177,9106302,9HJG9,CELEBRITY MERCURY,16,VANCOUVER
2008-07-25T23:51:22,249053000,56.86198333,-135.6821833,0,176.7,18.9,178,9106302,9HJG9,CELEBRITY MERCURY,16,VANCOUVER
2008-07-25T23:51:11,249053000,56.86298333,-135.6823167,0,176.7,18.9,178,9106302,9HJG9,CELEBRITY MERCURY,16,VANCOUVER
2008-07-25T23:50:58,249053000,56.86411667,-135.6824167,0,178.0,18.9,179,9106302,9HJG9,CELEBRITY MERCURY,16,VANCOUVER
2008-07-25T23:50:47,249053000,56.86503333,-135.6824667,0,180.6,18.9,180,9106302,9HJG9,CELEBRITY MERCURY,16,VANCOUVER
2008-07-25T23:50:35,249053000,56.86626667,-135.6824833,0,181.3,18.8,182,9106302,9HJG9,CELEBRITY MERCURY,16,VANCOUVER
2008-07-25T23:50:11,249053000,56.86831667,-135.6823833,0,184.3,18.9,185,9106302,9HJG9,CELEBRITY MERCURY,16,VANCOUVER
2008-07-25T23:49:47,249053000,56.87025,-135.6821333,0,187.3,18.7,188,9106302,9HJG9,CELEBRITY MERCURY,16,VANCOUVER
2008-07-25T23:49:35,249053000,56.87168333,-135.6818,0,188.3,18.9,189,9106302,9HJG9,CELEBRITY MERCURY,16,VANCOUVER
2008-07-25T23:48:58,249053000,56.87473333,-135.68085,0,192.6,18.8,193,9106302,9HJG9,CELEBRITY MERCURY,16,VANCOUVER
2008-07-25T23:48:47,249053000,56.87573333,-135.6804167,0,195.0,18.8,195,9106302,9HJG9,CELEBRITY MERCURY,16,VANCOUVER
2008-07-25T23:48:35,249053000,56.87656667,-135.68005,0,195.6,18.9,196,9106302,9HJG9,CELEBRITY MERCURY,16,VANCOUVER
2008-07-25T23:48:23,249053000,56.87781667,-135.6794167,0,197.0,18.8,197,9106302,9HJG9,CELEBRITY MERCURY,16,VANCOUVER
2008-07-25T23:47:58,249053000,56.87983333,-135.6782833,0,198.6,18.7,199,9106302,9HJG9,CELEBRITY MERCURY,16,VANCOUVER
2008-07-25T23:47:47,249053000,56.88046667,-135.6779,0,199.6,18.8,200,9106302,9HJG9,CELEBRITY MERCURY,16,VANCOUVER
2008-07-25T23:47:35,249053000,56.8816,-135.6771833,0,200.3,18.7,201,9106302,9HJG9,CELEBRITY MERCURY,16,VANCOUVER
2008-07-25T23:47:11,249053000,56.88348333,-135.67585,0,202.3,18.5,203,9106302,9HJG9,CELEBRITY MERCURY,16,VANCOUVER
2008-07-25T23:46:58,249053000,56.88433333,-135.6752167,0,203.3,18.6,204,9106302,9HJG9,CELEBRITY MERCURY,16,VANCOUVER
2008-07-25T23:46:23,249053000,56.8872,-135.6729167,0,206.6,18.5,207,9106302,9HJG9,CELEBRITY MERCURY,16,VANCOUVER
2008-07-25T23:46:11,249053000,56.88825,-135.6719667,0,206.3,18.4,207,9106302,9HJG9,CELEBRITY MERCURY,16,VANCOUVER
2008-07-25T23:45:58,249053000,56.8894,-135.6709167,0,207.6,18.4,208,9106302,9HJG9,CELEBRITY MERCURY,16,VANCOUVER
2008-07-25T23:45:46,249053000,56.89021667,-135.6701333,0,208.3,18.5,209,9106302,9HJG9,CELEBRITY MERCURY,16,VANCOUVER
2008-07-25T23:45:35,249053000,56.89083333,-135.6695333,0,209.3,18.5,210,9106302,9HJG9,CELEBRITY MERCURY,16,VANCOUVER
2008-07-25T23:45:23,249053000,56.89171667,-135.66865,0,209.3,18.4,210,9106302,9HJG9,CELEBRITY MERCURY,16,VANCOUVER
2008-07-25T23:45:11,249053000,56.89266667,-135.6676833,0,209.6,18.2,210,9106302,9HJG9,CELEBRITY MERCURY,16,VANCOUVER
2008-07-25T23:44:58,249053000,56.89358333,-135.6667,0,210.6,18.2,211,9106302,9HJG9,CELEBRITY MERCURY,16,VANCOUVER
2008-07-25T23:44:34,249053000,56.89533333,-135.6648333,0,212.6,18.2,213,9106302,9HJG9,CELEBRITY MERCURY,16,VANCOUVER
2008-07-25T23:44:11,249053000,56.897,-135.6628833,0,214.3,18.2,215,9106302,9HJG9,CELEBRITY MERCURY,16,VANCOUVER
2008-07-25T23:43:58,249053000,56.8979,-135.66175,0,214.0,18.2,215,9106302,9HJG9,CELEBRITY MERCURY,16,VANCOUVER
2008-07-25T23:43:46,249053000,56.89873333,-135.6607833,0,214.3,18.1,215,9106302,9HJG9,CELEBRITY MERCURY,16,VANCOUVER
2008-07-25T23:43:10,249053000,56.90125,-135.6576833,0,214.6,17.9,215,9106302,9HJG9,CELEBRITY MERCURY,16,VANCOUVER
2008-07-25T23:42:58,249053000,56.90238333,-135.6562667,0,214.3,17.8,215,9106302,9HJG9,CELEBRITY MERCURY,16,VANCOUVER
2008-07-25T23:42:46,249053000,56.90298333,-135.6555167,0,214.3,17.8,215,9106302,9HJG9,CELEBRITY MERCURY,16,VANCOUVER
2008-07-25T23:42:34,249053000,56.9036,-135.6547167,0,214.6,17.9,215,9106302,9HJG9,CELEBRITY MERCURY,16,VANCOUVER
2008-07-25T23:42:22,249053000,56.9045,-135.6536167,0,215.0,17.8,215,9106302,9HJG9,CELEBRITY MERCURY,16,VANCOUVER
2008-07-25T23:42:10,249053000,56.90536667,-135.65255,0,215.0,17.8,215,9106302,9HJG9,CELEBRITY MERCURY,16,VANCOUVER
2008-07-25T23:42:00,249053000,56.90643333,-135.6512,0,0.0,0.0,0,9106302,9HJG9,CELEBRITY MERCURY,16,VANCOUVER
2008-07-25T23:41:58,249053000,56.90643333,-135.6512,0,215.0,17.8,215,9106302,9HJG9,CELEBRITY MERCURY,16,VANCOUVER
2008-07-25T23:41:46,249053000,56.90686667,-135.6506333,0,214.6,17.8,215,9106302,9HJG9,CELEBRITY MERCURY,16,VANCOUVER
2008-07-25T23:41:34,249053000,56.90768333,-135.6496333,0,215.6,17.7,215,9106302,9HJG9,CELEBRITY MERCURY,16,VANCOUVER
2008-07-25T23:41:22,249053000,56.90851667,-135.64855,0,215.0,17.7,215,9106302,9HJG9,CELEBRITY MERCURY,16,VANCOUVER
2008-07-25T23:41:10,249053000,56.90938333,-135.6474333,0,216.3,17.5,216,9106302,9HJG9,CELEBRITY MERCURY,16,VANCOUVER
2008-07-25T23:40:46,249053000,56.911,-135.6452,0,218.0,17.5,218,9106302,9HJG9,CELEBRITY MERCURY,16,VANCOUVER
2008-07-25T23:40:22,249053000,56.91248333,-135.6430333,0,219.3,17.5,219,9106302,9HJG9,CELEBRITY MERCURY,16,VANCOUVER
2008-07-25T23:40:10,249053000,56.91323333,-135.6419,0,219.6,17.5,220,9106302,9HJG9,CELEBRITY MERCURY,16,VANCOUVER
2008-07-25T23:39:22,249053000,56.91618333,-135.6373833,0,220.3,17.3,220,9106302,9HJG9,CELEBRITY MERCURY,16,VANCOUVER
2008-07-25T23:39:10,249053000,56.91698333,-135.63615,0,220.6,17.3,220,9106302,9HJG9,CELEBRITY MERCURY,16,VANCOUVER
2008-07-25T23:38:46,249053000,56.91853333,-135.6337667,0,220.0,17.3,220,9106302,9HJG9,CELEBRITY MERCURY,16,VANCOUVER
2008-07-25T23:38:34,249053000,56.91913333,-135.6328667,0,220.0,17.3,220,9106302,9HJG9,CELEBRITY MERCURY,16,VANCOUVER
2008-07-25T23:38:10,249053000,56.9207,-135.6304333,0,219.6,17.2,220,9106302,9HJG9,CELEBRITY MERCURY,16,VANCOUVER
2008-07-25T23:37:58,249053000,56.92128333,-135.6295333,0,219.3,17.2,220,9106302,9HJG9,CELEBRITY MERCURY,16,VANCOUVER
2008-07-25T23:37:46,249053000,56.92206667,-135.6283667,0,219.3,17.2,220,9106302,9HJG9,CELEBRITY MERCURY,16,VANCOUVER
2008-07-25T23:37:34,249053000,56.92278333,-135.6272667,0,219.6,17.1,220,9106302,9HJG9,CELEBRITY MERCURY,16,VANCOUVER
2008-07-25T23:37:22,249053000,56.92351667,-135.6261833,0,219.3,17.1,220,9106302,9HJG9,CELEBRITY MERCURY,16,VANCOUVER
2008-07-25T23:37:10,249053000,56.92448333,-135.6247333,0,219.6,17.0,220,9106302,9HJG9,CELEBRITY MERCURY,16,VANCOUVER
2008-07-25T23:36:58,249053000,56.92506667,-135.6238333,0,220.0,17.0,220,9106302,9HJG9,CELEBRITY MERCURY,16,VANCOUVER
2008-07-25T23:36:47,249053000,56.92573333,-135.6228667,0,219.3,16.8,220,9106302,9HJG9,CELEBRITY MERCURY,16,VANCOUVER
2008-07-25T23:36:22,249053000,56.92716667,-135.6207167,0,219.3,16.8,220,9106302,9HJG9,CELEBRITY MERCURY,16,VANCOUVER
2008-07-25T23:36:10,249053000,56.92793333,-135.61955,0,219.3,16.8,220,9106302,9HJG9,CELEBRITY MERCURY,16,VANCOUVER
2008-07-25T23:35:58,249053000,56.9287,-135.6183833,0,219.3,16.8,220,9106302,9HJG9,CELEBRITY MERCURY,16,VANCOUVER
2008-07-25T23:35:47,249053000,56.92958333,-135.6170667,0,220.3,16.8,220,9106302,9HJG9,CELEBRITY MERCURY,16,VANCOUVER
2008-07-25T23:35:34,249053000,56.9301,-135.6162667,0,220.3,16.8,220,9106302,9HJG9,CELEBRITY MERCURY,16,VANCOUVER
2008-07-25T23:35:22,249053000,56.9308,-135.6151833,0,221.3,16.8,221,9106302,9HJG9,CELEBRITY MERCURY,16,VANCOUVER
2008-07-25T23:35:11,249053000,56.9315,-135.6140833,0,222.0,16.8,222,9106302,9HJG9,CELEBRITY MERCURY,16,VANCOUVER
2008-07-25T23:34:58,249053000,56.93225,-135.61285,0,222.6,16.8,222,9106302,9HJG9,CELEBRITY MERCURY,16,VANCOUVER
2008-07-25T23:34:47,249053000,56.93286667,-135.6118667,0,223.0,16.7,223,9106302,9HJG9,CELEBRITY MERCURY,16,VANCOUVER
2008-07-25T23:34:34,249053000,56.93358333,-135.6106167,0,223.6,16.7,224,9106302,9HJG9,CELEBRITY MERCURY,16,VANCOUVER
2008-07-25T23:34:22,249053000,56.93423333,-135.6095,0,225.0,16.7,225,9106302,9HJG9,CELEBRITY MERCURY,16,VANCOUVER
2008-07-25T23:34:10,249053000,56.93488333,-135.60835,0,224.6,16.8,225,9106302,9HJG9,CELEBRITY MERCURY,16,VANCOUVER
2008-07-25T23:33:47,249053000,56.93623333,-135.6059333,0,225.0,16.8,225,9106302,9HJG9,CELEBRITY MERCURY,16,VANCOUVER
2008-07-25T23:33:34,249053000,56.93693333,-135.60465,0,224.6,16.7,225,9106302,9HJG9,CELEBRITY MERCURY,16,VANCOUVER
2008-07-25T23:33:22,249053000,56.93758333,-135.6034833,0,224.6,16.8,225,9106302,9HJG9,CELEBRITY MERCURY,16,VANCOUVER
2008-07-25T23:33:10,249053000,56.93826667,-135.6022167,0,224.6,16.8,225,9106302,9HJG9,CELEBRITY MERCURY,16,VANCOUVER
2008-07-25T23:32:58,249053000,56.93886667,-135.60115,0,224.3,16.7,225,9106302,9HJG9,CELEBRITY MERCURY,16,VANCOUVER
2008-07-25T23:32:47,249053000,56.9395,-135.6,0,224.6,16.7,225,9106302,9HJG9,CELEBRITY MERCURY,16,VANCOUVER
2008-07-25T23:32:25,249053000,56.94086667,-135.5975333,0,224.3,16.8,225,9106302,9HJG9,CELEBRITY MERCURY,16,VANCOUVER
2008-07-25T23:32:10,249053000,56.94158333,-135.59625,0,224.3,16.7,225,9106302,9HJG9,CELEBRITY MERCURY,16,VANCOUVER
2008-07-25T23:31:58,249053000,56.94221667,-135.5950833,0,224.3,16.7,225,9106302,9HJG9,CELEBRITY MERCURY,16,VANCOUVER
2008-07-25T23:31:47,249053000,56.94286667,-135.5939167,0,224.3,16.6,225,9106302,9HJG9,CELEBRITY MERCURY,16,VANCOUVER
2008-07-25T23:31:34,249053000,56.94351667,-135.5927667,0,224.3,16.7,225,9106302,9HJG9,CELEBRITY MERCURY,16,VANCOUVER
2008-07-25T23:31:22,249053000,56.94423333,-135.5915,0,224.6,16.7,225,9106302,9HJG9,CELEBRITY MERCURY,16,VANCOUVER
2008-07-25T23:31:10,249053000,56.94481667,-135.5904667,0,223.9,16.6,225,9106302,9HJG9,CELEBRITY MERCURY,16,VANCOUVER
2008-07-25T23:30:58,249053000,56.9455,-135.5892333,0,224.3,16.7,225,9106302,9HJG9,CELEBRITY MERCURY,16,VANCOUVER
2008-07-25T23:30:46,249053000,56.94621667,-135.5879833,0,224.3,16.7,225,9106302,9HJG9,CELEBRITY MERCURY,16,VANCOUVER
2008-07-25T23:30:34,249053000,56.9468,-135.5869,0,224.3,16.7,225,9106302,9HJG9,CELEBRITY MERCURY,16,VANCOUVER
2008-07-25T23:30:22,249053000,56.94745,-135.58575,0,224.3,16.7,225,9106302,9HJG9,CELEBRITY MERCURY,16,VANCOUVER
2008-07-25T23:30:00,249053000,56.94903333,-135.5829,0,224.3,16.7,225,9106302,9HJG9,CELEBRITY MERCURY,16,VANCOUVER
2008-07-25T23:29:57,249053000,56.9495,-135.58205,0,0.0,0.0,0,9106302,9HJG9,CELEBRITY MERCURY,16,VANCOUVER
2008-07-25T23:29:46,249053000,56.9495,-135.58205,0,223.9,16.7,225,9106302,9HJG9,CELEBRITY MERCURY,16,VANCOUVER
2008-07-25T23:29:34,249053000,56.95015,-135.5808833,0,224.3,16.7,225,9106302,9HJG9,CELEBRITY MERCURY,16,VANCOUVER
2008-07-25T23:29:11,249053000,56.9514,-135.5786833,0,223.9,16.7,225,9106302,9HJG9,CELEBRITY MERCURY,16,VANCOUVER
2008-07-25T23:28:58,249053000,56.95205,-135.5775333,0,223.9,16.7,225,9106302,9HJG9,CELEBRITY MERCURY,16,VANCOUVER
2008-07-25T23:28:46,249053000,56.95281667,-135.5761667,0,223.9,16.8,225,9106302,9HJG9,CELEBRITY MERCURY,16,VANCOUVER
2008-07-25T23:28:35,249053000,56.95343333,-135.5751,0,223.9,16.8,225,9106302,9HJG9,CELEBRITY MERCURY,16,VANCOUVER
2008-07-25T23:28:22,249053000,56.95408333,-135.5739333,0,223.9,16.8,225,9106302,9HJG9,CELEBRITY MERCURY,16,VANCOUVER
2008-07-25T23:28:14,249053000,56.95485,-135.5725333,0,223.9,16.6,225,9106302,9HJG9,CELEBRITY MERCURY,16,VANCOUVER
2008-07-25T23:27:58,249053000,56.95545,-135.5714833,0,224.3,16.7,225,9106302,9HJG9,CELEBRITY MERCURY,16,VANCOUVER
2008-07-25T23:27:46,249053000,56.95616667,-135.5702,0,224.3,16.8,225,9106302,9HJG9,CELEBRITY MERCURY,16,VANCOUVER
2008-07-25T23:27:35,249053000,56.95686667,-135.5689667,0,223.9,16.7,225,9106302,9HJG9,CELEBRITY MERCURY,16,VANCOUVER
2008-07-25T23:27:22,249053000,56.95745,-135.5678833,0,223.9,16.8,225,9106302,9HJG9,CELEBRITY MERCURY,16,VANCOUVER
2008-07-25T23:27:00,249053000,56.95883333,-135.56545,0,223.9,16.7,225,9106302,9HJG9,CELEBRITY MERCURY,16,VANCOUVER
2008-07-25T23:26:46,249053000,56.95941667,-135.5643833,0,223.6,16.7,225,9106302,9HJG9,CELEBRITY MERCURY,16,VANCOUVER
2008-07-25T23:26:35,249053000,56.96015,-135.5631167,0,223.9,16.6,225,9106302,9HJG9,CELEBRITY MERCURY,16,VANCOUVER
2008-07-25T23:26:22,249053000,56.96085,-135.5618667,0,223.9,16.6,225,9106302,9HJG9,CELEBRITY MERCURY,16,VANCOUVER
2008-07-25T23:26:11,249053000,56.96143333,-135.5608,0,223.9,16.6,225,9106302,9HJG9,CELEBRITY MERCURY,16,VANCOUVER
2008-07-25T23:25:58,249053000,56.96215,-135.55955,0,223.9,16.6,225,9106302,9HJG9,CELEBRITY MERCURY,16,VANCOUVER
2008-07-25T23:25:35,249053000,56.9635,-135.5571833,0,224.3,16.6,225,9106302,9HJG9,CELEBRITY MERCURY,16,VANCOUVER
2008-07-25T23:25:22,249053000,56.9641,-135.5561167,0,223.9,16.6,225,9106302,9HJG9,CELEBRITY MERCURY,16,VANCOUVER
2008-07-25T23:24:58,249053000,56.96551667,-135.5535833,0,224.3,16.5,225,9106302,9HJG9,CELEBRITY MERCURY,16,VANCOUVER
2008-07-25T23:24:46,249053000,56.96608333,-135.5525667,0,224.3,16.4,225,9106302,9HJG9,CELEBRITY MERCURY,16,VANCOUVER
2008-07-25T23:24:35,249053000,56.96685,-135.5512167,0,224.6,16.2,225,9106302,9HJG9,CELEBRITY MERCURY,16,VANCOUVER
2008-07-25T23:23:59,249053000,56.96885,-135.5476167,0,0.0,0.0,0,9106302,9HJG9,CELEBRITY MERCURY,16,VANCOUVER
2008-07-25T23:23:58,249053000,56.96885,-135.5476167,0,224.6,16.2,225,9106302,9HJG9,CELEBRITY MERCURY,16,VANCOUVER
2008-07-25T23:23:35,249053000,56.97,-135.5455333,1,225.0,16.2,225,9106302,9HJG9,CELEBRITY MERCURY,16,VANCOUVER
2008-07-25T23:23:22,249053000,56.97083333,-135.544,1,225.0,16.2,225,9106302,9HJG9,CELEBRITY MERCURY,16,VANCOUVER
2008-07-25T23:23:10,249053000,56.97125,-135.5432333,1,225.0,16.2,225,9106302,9HJG9,CELEBRITY MERCURY,16,VANCOUVER
2008-07-25T23:22:58,249053000,56.97186667,-135.5420833,1,225.0,16.2,225,9106302,9HJG9,CELEBRITY MERCURY,16,VANCOUVER
2008-07-25T23:22:36,249053000,56.9731,-135.5398333,1,225.3,16.1,225,9106302,9HJG9,CELEBRITY MERCURY,16,VANCOUVER
2008-07-25T23:22:22,249053000,56.97376667,-135.5385833,1,225.3,16.1,225,9106302,9HJG9,CELEBRITY MERCURY,16,VANCOUVER
2008-07-25T23:22:10,249053000,56.97443333,-135.53735,1,225.7,16.1,225,9106302,9HJG9,CELEBRITY MERCURY,16,VANCOUVER
2008-07-25T23:21:58,249053000,56.97506667,-135.5362,1,225.7,16.0,225,9106302,9HJG9,CELEBRITY MERCURY,16,VANCOUVER
2008-07-25T23:21:46,249053000,56.97571667,-135.5349667,1,226.0,16.0,225,9106302,9HJG9,CELEBRITY MERCURY,16,VANCOUVER
2008-07-25T23:21:34,249053000,56.9763,-135.5338167,1,225.3,15.9,225,9106302,9HJG9,CELEBRITY MERCURY,16,VANCOUVER
2008-07-25T23:21:22,249053000,56.9769,-135.5326833,1,226.0,15.9,225,9106302,9HJG9,CELEBRITY MERCURY,16,VANCOUVER
2008-07-25T23:21:11,249053000,56.9775,-135.5315333,1,226.0,15.9,225,9106302,9HJG9,CELEBRITY MERCURY,16,VANCOUVER
2008-07-25T23:20:58,249053000,56.97811667,-135.5303833,1,226.4,15.9,225,9106302,9HJG9,CELEBRITY MERCURY,16,VANCOUVER
2008-07-25T23:20:46,249053000,56.97891667,-135.52885,1,226.4,15.9,225,9106302,9HJG9,CELEBRITY MERCURY,16,VANCOUVER
2008-07-25T23:20:34,249053000,56.97935,-135.5279833,1,226.4,15.9,225,9106302,9HJG9,CELEBRITY MERCURY,16,VANCOUVER
2008-07-25T23:20:22,249053000,56.97996667,-135.5268333,1,226.8,15.8,225,9106302,9HJG9,CELEBRITY MERCURY,16,VANCOUVER
2008-07-25T23:20:10,249053000,56.98061667,-135.5255833,1,226.4,15.8,225,9106302,9HJG9,CELEBRITY MERCURY,16,VANCOUVER
2008-07-25T23:19:58,249053000,56.9812,-135.5244333,1,226.8,15.8,225,9106302,9HJG9,CELEBRITY MERCURY,16,VANCOUVER
2008-07-25T23:19:46,249053000,56.98183333,-135.5231667,1,226.8,15.7,225,9106302,9HJG9,CELEBRITY MERCURY,16,VANCOUVER
2008-07-25T23:19:34,249053000,56.98241667,-135.5220833,1,226.4,15.5,225,9106302,9HJG9,CELEBRITY MERCURY,16,VANCOUVER
2008-07-25T23:19:22,249053000,56.983,-135.5209333,1,226.8,15.5,225,9106302,9HJG9,CELEBRITY MERCURY,16,VANCOUVER
2008-07-25T23:19:10,249053000,56.98353333,-135.5199333,1,226.8,15.5,225,9106302,9HJG9,CELEBRITY MERCURY,16,VANCOUVER
2008-07-25T23:18:46,249053000,56.98485,-135.51735,1,226.8,15.5,225,9106302,9HJG9,CELEBRITY MERCURY,16,VANCOUVER
2008-07-25T23:18:41,249053000,56.98536667,-135.5163167,0,0.0,0.0,0,9106302,9HJG9,CELEBRITY MERCURY,16,VANCOUVER
2008-07-25T23:18:34,249053000,56.98536667,-135.5163167,1,227.2,15.4,225,9106302,9HJG9,CELEBRITY MERCURY,16,VANCOUVER
2008-07-25T23:18:22,249053000,56.98593333,-135.5152167,1,227.2,15.5,225,9106302,9HJG9,CELEBRITY MERCURY,16,VANCOUVER
2008-07-25T23:18:10,249053000,56.98653333,-135.5140833,1,226.8,15.3,225,9106302,9HJG9,CELEBRITY MERCURY,16,VANCOUVER
2008-07-25T23:17:58,249053000,56.9871,-135.51295,1,227.2,15.3,225,9106302,9HJG9,CELEBRITY MERCURY,16,VANCOUVER
2008-07-25T23:17:46,249053000,56.9877,-135.5117333,1,227.2,15.3,225,9106302,9HJG9,CELEBRITY MERCURY,16,VANCOUVER
2008-07-25T23:17:34,249053000,56.98826667,-135.51065,1,227.6,15.2,225,9106302,9HJG9,CELEBRITY MERCURY,16,VANCOUVER
2008-07-25T23:17:22,249053000,56.98888333,-135.5094167,1,227.6,15.2,225,9106302,9HJG9,CELEBRITY MERCURY,16,VANCOUVER
2008-07-25T23:16:58,249053000,56.98993333,-135.5073167,1,227.6,15.0,225,9106302,9HJG9,CELEBRITY MERCURY,16,VANCOUVER
2008-07-25T23:16:46,249053000,56.99055,-135.5060833,1,228.0,14.8,225,9106302,9HJG9,CELEBRITY MERCURY,16,VANCOUVER
2008-07-25T23:16:34,249053000,56.99116667,-135.5048833,1,228.0,14.8,225,9106302,9HJG9,CELEBRITY MERCURY,16,VANCOUVER
2008-07-25T23:16:22,249053000,56.99173333,-135.5037667,1,228.0,14.8,225,9106302,9HJG9,CELEBRITY MERCURY,16,VANCOUVER
2008-07-25T23:16:11,249053000,56.99228333,-135.5026667,1,228.5,14.7,225,9106302,9HJG9,CELEBRITY MERCURY,16,VANCOUVER
2008-07-25T23:16:03,249053000,56.99258333,-135.502,1,228.5,14.6,225,9106302,9HJG9,CELEBRITY MERCURY,16,VANCOUVER
2008-07-25T23:15:58,249053000,56.99281667,-135.50155,1,228.1,14.6,225,9106302,9HJG9,CELEBRITY MERCURY,16,VANCOUVER
2008-07-25T23:15:42,249053000,56.99366667,-135.4998,1,228.5,14.4,225,9106302,9HJG9,CELEBRITY MERCURY,16,VANCOUVER
2008-07-25T23:15:34,249053000,56.9939,-135.4993167,1,228.6,14.3,225,9106302,9HJG9,CELEBRITY MERCURY,16,VANCOUVER
2008-07-25T23:15:22,249053000,56.99438333,-135.4982667,1,229.0,14.1,225,9106302,9HJG9,CELEBRITY MERCURY,16,VANCOUVER
2008-07-25T23:15:03,249053000,56.9952,-135.49655,1,229.0,14.0,225,9106302,9HJG9,CELEBRITY MERCURY,16,VANCOUVER
2008-07-25T23:14:23,249053000,56.9969,-135.4929333,1,229.6,13.6,225,9106302,9HJG9,CELEBRITY MERCURY,16,VANCOUVER
2008-07-25T23:14:03,249053000,56.9977,-135.4911833,1,231.1,13.4,226,9106302,9HJG9,CELEBRITY MERCURY,16,VANCOUVER
2008-07-25T23:13:42,249053000,56.99845,-135.4894167,1,233.1,13.4,228,9106302,9HJG9,CELEBRITY MERCURY,16,VANCOUVER
2008-07-25T23:13:23,249053000,56.9992,-135.4876667,1,234.2,13.1,229,9106302,9HJG9,CELEBRITY MERCURY,16,VANCOUVER
2008-07-25T23:13:03,249053000,56.9999,-135.4858667,1,234.9,12.8,230,9106302,9HJG9,CELEBRITY MERCURY,16,VANCOUVER
2008-07-25T23:12:43,249053000,57.00061667,-135.4839833,0,0.0,0.0,0,9106302,9HJG9,CELEBRITY MERCURY,16,VANCOUVER
2008-07-25T23:12:42,249053000,57.00061667,-135.4839833,1,236.4,12.7,231,9106302,9HJG9,CELEBRITY MERCURY,16,VANCOUVER
2008-07-25T23:12:23,249053000,57.00126667,-135.4821667,1,238.8,12.7,233,9106302,9HJG9,CELEBRITY MERCURY,16,VANCOUVER
2008-07-25T23:12:02,249053000,57.0019,-135.48025,1,239.5,12.4,234,9106302,9HJG9,CELEBRITY MERCURY,16,VANCOUVER
2008-07-25T23:11:23,249053000,57.00305,-135.4767667,1,240.7,12.1,235,9106302,9HJG9,CELEBRITY MERCURY,16,VANCOUVER
2008-07-25T23:11:02,249053000,57.00361667,-135.4749667,1,240.7,12.0,235,9106302,9HJG9,CELEBRITY MERCURY,16,VANCOUVER
2008-07-25T23:10:42,249053000,57.00415,-135.4731833,1,240.2,12.0,235,9106302,9HJG9,CELEBRITY MERCURY,16,VANCOUVER
2008-07-25T23:10:23,249053000,57.00468333,-135.4714667,1,240.3,11.9,235,9106302,9HJG9,CELEBRITY MERCURY,16,VANCOUVER
2008-07-25T23:10:02,249053000,57.00523333,-135.4697333,1,240.8,11.8,235,9106302,9HJG9,CELEBRITY MERCURY,16,VANCOUVER
2008-07-25T23:09:42,249053000,57.00578333,-135.4679,1,242.4,11.7,237,9106302,9HJG9,CELEBRITY MERCURY,16,VANCOUVER
2008-07-25T23:09:23,249053000,57.00625,-135.4662833,1,243.4,11.7,238,9106302,9HJG9,CELEBRITY MERCURY,16,VANCOUVER
2008-07-25T23:09:02,249053000,57.00676667,-135.4644,1,245.9,11.7,240,9106302,9HJG9,CELEBRITY MERCURY,16,VANCOUVER
2008-07-25T23:08:43,249053000,57.00716667,-135.4626833,1,247.9,11.7,242,9106302,9HJG9,CELEBRITY MERCURY,16,VANCOUVER
2008-07-25T23:08:23,249053000,57.00758333,-135.4608667,1,248.9,11.7,243,9106302,9HJG9,CELEBRITY MERCURY,16,VANCOUVER
2008-07-25T23:08:02,249053000,57.00801667,-135.4587333,1,250.3,11.8,245,9106302,9HJG9,CELEBRITY MERCURY,16,VANCOUVER
2008-07-25T23:07:43,249053000,57.00833333,-135.4571333,1,250.4,11.7,245,9106302,9HJG9,CELEBRITY MERCURY,16,VANCOUVER
2008-07-25T23:07:22,249053000,57.00871667,-135.4550833,1,250.9,11.7,245,9106302,9HJG9,CELEBRITY MERCURY,16,VANCOUVER
2008-07-25T23:06:43,249053000,57.00941667,-135.4515833,1,250.4,11.7,245,9106302,9HJG9,CELEBRITY MERCURY,16,VANCOUVER
2008-07-25T23:06:02,249053000,57.0102,-135.4475,1,252.0,11.4,246,9106302,9HJG9,CELEBRITY MERCURY,16,VANCOUVER
2008-07-25T23:05:43,249053000,57.01046667,-135.44595,1,254.0,11.4,248,9106302,9HJG9,CELEBRITY MERCURY,16,VANCOUVER
2008-07-25T23:05:22,249053000,57.01075,-135.4439833,1,254.5,11.4,249,9106302,9HJG9,CELEBRITY MERCURY,16,VANCOUVER
2008-07-25T23:05:01,249053000,57.01105,-135.4419833,1,255.5,11.4,250,9106302,9HJG9,CELEBRITY MERCURY,16,VANCOUVER
2008-07-25T23:04:43,249053000,57.01125,-135.4404333,1,255.5,11.4,250,9106302,9HJG9,CELEBRITY MERCURY,16,VANCOUVER
2008-07-25T23:04:01,249053000,57.0118,-135.4364167,1,256.2,11.1,250,9106302,9HJG9,CELEBRITY MERCURY,16,VANCOUVER
2008-07-25T23:03:41,249053000,57.01205,-135.4346,1,256.2,11.0,250,9106302,9HJG9,CELEBRITY MERCURY,16,VANCOUVER
2008-07-25T23:03:22,249053000,57.01226667,-135.4329,1,257.8,11.0,251,9106302,9HJG9,CELEBRITY MERCURY,16,VANCOUVER
2008-07-25T23:02:41,249053000,57.01271667,-135.4291667,1,259.8,10.9,254,9106302,9HJG9,CELEBRITY MERCURY,16,VANCOUVER
2008-07-25T23:02:01,249053000,57.01303333,-135.4255667,1,262.0,10.6,255,9106302,9HJG9,CELEBRITY MERCURY,16,VANCOUVER
2008-07-25T23:01:41,249053000,57.01318333,-135.4237333,1,261.6,10.4,255,9106302,9HJG9,CELEBRITY MERCURY,16,VANCOUVER
2008-07-25T23:01:22,249053000,57.01331667,-135.422,1,262.6,10.4,256,9106302,9HJG9,CELEBRITY MERCURY,16,VANCOUVER
2008-07-25T23:01:01,249053000,57.01343333,-135.4202333,1,264.5,10.5,258,9106302,9HJG9,CELEBRITY MERCURY,16,VANCOUVER
2008-07-25T23:00:43,249053000,57.01355,-135.4184667,1,264.0,10.5,258,9106302,9HJG9,CELEBRITY MERCURY,16,VANCOUVER
2008-07-25T23:00:41,249053000,57.01373333,-135.4149333,0,0.0,0.0,0,9106302,9HJG9,CELEBRITY MERCURY,16,VANCOUVER
2008-07-25T23:00:01,249053000,57.01373333,-135.4149333,1,264.9,10.6,259,9106302,9HJG9,CELEBRITY MERCURY,16,VANCOUVER
2008-07-25T22:59:41,249053000,57.01383333,-135.41305,1,265.8,10.8,260,9106302,9HJG9,CELEBRITY MERCURY,16,VANCOUVER
2008-07-25T22:59:01,249053000,57.014,-135.4094833,1,265.3,10.6,260,9106302,9HJG9,CELEBRITY MERCURY,16,VANCOUVER
2008-07-25T22:58:41,249053000,57.01408333,-135.4078,1,265.3,10.6,260,9106302,9HJG9,CELEBRITY MERCURY,16,VANCOUVER
2008-07-25T22:58:22,249053000,57.01416667,-135.4061,1,265.3,10.6,260,9106302,9HJG9,CELEBRITY MERCURY,16,VANCOUVER
2008-07-25T22:58:01,249053000,57.01426667,-135.4041333,1,264.3,10.6,260,9106302,9HJG9,CELEBRITY MERCURY,16,VANCOUVER
2008-07-25T22:57:41,249053000,57.01435,-135.40235,1,264.8,10.6,260,9106302,9HJG9,CELEBRITY MERCURY,16,VANCOUVER
2008-07-25T22:57:22,249053000,57.01445,-135.4005833,1,264.8,10.6,260,9106302,9HJG9,CELEBRITY MERCURY,16,VANCOUVER
2008-07-25T22:57:02,249053000,57.01451667,-135.3988833,1,264.8,10.5,260,9106302,9HJG9,CELEBRITY MERCURY,16,VANCOUVER
2008-07-25T22:56:41,249053000,57.01461667,-135.3971167,1,264.9,10.4,260,9106302,9HJG9,CELEBRITY MERCURY,16,VANCOUVER
2008-07-25T22:56:02,249053000,57.01476667,-135.3936333,1,263.9,10.1,260,9106302,9HJG9,CELEBRITY MERCURY,16,VANCOUVER
2008-07-25T22:55:41,249053000,57.01488333,-135.3917667,1,263.3,10.1,260,9106302,9HJG9,CELEBRITY MERCURY,16,VANCOUVER
2008-07-25T22:55:22,249053000,57.01498333,-135.3901333,1,263.8,10.3,260,9106302,9HJG9,CELEBRITY MERCURY,16,VANCOUVER
2008-07-25T22:55:02,249053000,57.01511667,-135.3881333,1,263.2,10.7,260,9106302,9HJG9,CELEBRITY MERCURY,16,VANCOUVER
2008-07-25T22:54:41,249053000,57.01523333,-135.3863,1,264.0,11.4,260,9106302,9HJG9,CELEBRITY MERCURY,16,VANCOUVER
2008-07-25T22:54:36,249053000,57.01535,-135.3846667,0,0.0,0.0,0,9106302,9HJG9,CELEBRITY MERCURY,16,VANCOUVER
2008-07-25T22:54:22,249053000,57.01535,-135.3846667,1,263.3,12.0,260,9106302,9HJG9,CELEBRITY MERCURY,16,VANCOUVER
2008-07-25T22:54:02,249053000,57.01546667,-135.3826333,1,264.6,12.4,261,9106302,9HJG9,CELEBRITY MERCURY,16,VANCOUVER
2008-07-25T22:53:41,249053000,57.0156,-135.3803,1,265.2,12.3,262,9106302,9HJG9,CELEBRITY MERCURY,16,VANCOUVER
2008-07-25T22:53:22,249053000,57.01568333,-135.37835,1,264.8,12.1,262,9106302,9HJG9,CELEBRITY MERCURY,16,VANCOUVER
2008-07-25T22:52:03,249053000,57.01601667,-135.3703833,1,266.1,11.1,262,9106302,9HJG9,CELEBRITY MERCURY,16,VANCOUVER
2008-07-25T22:51:42,249053000,57.01608333,-135.3684333,1,266.7,10.8,263,9106302,9HJG9,CELEBRITY MERCURY,16,VANCOUVER
2008-07-25T22:51:22,249053000,57.01613333,-135.3667167,1,267.7,10.4,265,9106302,9HJG9,CELEBRITY MERCURY,16,VANCOUVER
2008-07-25T22:51:03,249053000,57.01616667,-135.3649667,1,268.3,10.1,265,9106302,9HJG9,CELEBRITY MERCURY,16,VANCOUVER
2008-07-25T22:50:42,249053000,57.01618333,-135.3630667,1,268.6,9.4,265,9106302,9HJG9,CELEBRITY MERCURY,16,VANCOUVER
2008-07-25T22:50:23,249053000,57.0162,-135.36155,1,268.1,9.0,265,9106302,9HJG9,CELEBRITY MERCURY,16,VANCOUVER
2008-07-25T22:50:03,249053000,57.01623333,-135.36005,1,267.7,8.4,265,9106302,9HJG9,CELEBRITY MERCURY,16,VANCOUVER
2008-07-25T22:49:44,249053000,57.01625,-135.3587333,1,268.5,8.0,265,9106302,9HJG9,CELEBRITY MERCURY,16,VANCOUVER
2008-07-25T22:49:23,249053000,57.01628333,-135.3574,1,268.1,7.3,265,9106302,9HJG9,CELEBRITY MERCURY,16,VANCOUVER
2008-07-25T22:49:03,249053000,57.0163,-135.3561833,1,268.4,6.7,265,9106302,9HJG9,CELEBRITY MERCURY,16,VANCOUVER
2008-07-25T22:48:43,249053000,57.0163,-135.3550667,1,266.9,6.0,265,9106302,9HJG9,CELEBRITY MERCURY,16,VANCOUVER
2008-07-25T22:48:23,249053000,57.01631667,-135.3541,1,268.1,5.5,265,9106302,9HJG9,CELEBRITY MERCURY,16,VANCOUVER
2008-07-25T22:48:03,249053000,57.01633333,-135.3531667,1,268.0,5.6,265,9106302,9HJG9,CELEBRITY MERCURY,16,VANCOUVER
2008-07-25T22:47:44,249053000,57.01636667,-135.35215,1,268.0,5.6,265,9106302,9HJG9,CELEBRITY MERCURY,16,VANCOUVER
2008-07-25T22:47:23,249053000,57.01638333,-135.3512667,1,267.0,5.6,265,9106302,9HJG9,CELEBRITY MERCURY,16,VANCOUVER
2008-07-25T22:47:03,249053000,57.01641667,-135.3502667,1,268.0,5.7,265,9106302,9HJG9,CELEBRITY MERCURY,16,VANCOUVER
2008-07-25T22:46:43,249053000,57.01641667,-135.3492833,1,266.9,5.8,265,9106302,9HJG9,CELEBRITY MERCURY,16,VANCOUVER
2008-07-25T22:46:24,249053000,57.01645,-135.3483167,1,265.9,5.9,263,9106302,9HJG9,CELEBRITY MERCURY,16,VANCOUVER
2008-07-25T22:46:03,249053000,57.0165,-135.3473,1,263.9,5.9,262,9106302,9HJG9,CELEBRITY MERCURY,16,VANCOUVER
2008-07-25T22:45:43,249053000,57.01658333,-135.34625,1,263.9,6.0,262,9106302,9HJG9,CELEBRITY MERCURY,16,VANCOUVER
2008-07-25T22:45:23,249053000,57.01663333,-135.3453,1,263.9,6.0,262,9106302,9HJG9,CELEBRITY MERCURY,16,VANCOUVER
2008-07-25T22:45:03,249053000,57.0167,-135.3442833,1,263.8,6.2,262,9106302,9HJG9,CELEBRITY MERCURY,16,VANCOUVER
2008-07-25T22:44:43,249053000,57.01675,-135.3432333,1,263.7,6.4,262,9106302,9HJG9,CELEBRITY MERCURY,16,VANCOUVER
2008-07-25T22:44:22,249053000,57.0168,-135.3420167,1,263.7,6.5,262,9106302,9HJG9,CELEBRITY MERCURY,16,VANCOUVER
2008-07-25T22:44:02,249053000,57.01685,-135.3409667,1,263.7,6.7,262,9106302,9HJG9,CELEBRITY MERCURY,16,VANCOUVER
2008-07-25T22:43:43,249053000,57.0169,-135.3398333,1,263.7,6.7,262,9106302,9HJG9,CELEBRITY MERCURY,16,VANCOUVER
2008-07-25T22:43:22,249053000,57.01696667,-135.33875,1,262.8,7.1,262,9106302,9HJG9,CELEBRITY MERCURY,16,VANCOUVER
2008-07-25T22:43:02,249053000,57.01705,-135.3374,1,262.7,7.3,262,9106302,9HJG9,CELEBRITY MERCURY,16,VANCOUVER
2008-07-25T22:42:43,249053000,57.01711667,-135.33625,1,262.0,7.6,262,9106302,9HJG9,CELEBRITY MERCURY,16,VANCOUVER
2008-07-25T22:42:22,249053000,57.01721667,-135.3348833,1,262.0,7.9,262,9106302,9HJG9,CELEBRITY MERCURY,16,VANCOUVER
2008-07-25T22:42:02,249053000,57.01731667,-135.3335167,1,262.0,8.2,262,9106302,9HJG9,CELEBRITY MERCURY,16,VANCOUVER
2008-07-25T22:41:22,249053000,57.01755,-135.3307667,1,259.2,8.1,260,9106302,9HJG9,CELEBRITY MERCURY,16,VANCOUVER
2008-07-25T22:41:02,249053000,57.0177,-135.3294167,1,257.1,8.0,260,9106302,9HJG9,CELEBRITY MERCURY,16,VANCOUVER
2008-07-25T22:40:49,249053000,57.0178,-135.3284833,1,257.8,8.0,260,9106302,9HJG9,CELEBRITY MERCURY,16,VANCOUVER
2008-07-25T22:40:35,249053000,57.01791667,-135.3276167,1,255.4,8.1,259,9106302,9HJG9,CELEBRITY MERCURY,16,VANCOUVER
2008-07-25T22:40:28,249053000,57.01798333,-135.32715,1,255.1,8.0,258,9106302,9HJG9,CELEBRITY MERCURY,16,VANCOUVER
2008-07-25T22:40:22,249053000,57.01803333,-135.3267,1,254.1,8.0,257,9106302,9HJG9,CELEBRITY MERCURY,16,VANCOUVER
2008-07-25T22:40:15,249053000,57.0181,-135.32625,1,252.1,8.1,255,9106302,9HJG9,CELEBRITY MERCURY,16,VANCOUVER
2008-07-25T22:40:09,249053000,57.01818333,-135.3257167,1,251.1,8.0,254,9106302,9HJG9,CELEBRITY MERCURY,16,VANCOUVER
2008-07-25T22:40:02,249053000,57.01826667,-135.3253333,1,249.1,8.0,252,9106302,9HJG9,CELEBRITY MERCURY,16,VANCOUVER
2008-07-25T22:39:56,249053000,57.01831667,-135.3250333,1,247.1,8.0,251,9106302,9HJG9,CELEBRITY MERCURY,16,VANCOUVER
2008-07-25T22:39:49,249053000,57.01841667,-135.3245667,1,245.1,8.0,249,9106302,9HJG9,CELEBRITY MERCURY,16,VANCOUVER
2008-07-25T22:39:41,249053000,57.01851667,-135.3241,1,243.8,8.1,247,9106302,9HJG9,CELEBRITY MERCURY,16,VANCOUVER
2008-07-25T22:39:36,249053000,57.01861667,-135.3237,1,242.8,8.1,245,9106302,9HJG9,CELEBRITY MERCURY,16,VANCOUVER
2008-07-25T22:39:29,249053000,57.01871667,-135.3233333,1,240.8,8.1,243,9106302,9HJG9,CELEBRITY MERCURY,16,VANCOUVER
2008-07-25T22:39:22,249053000,57.01885,-135.3229167,1,238.8,8.1,242,9106302,9HJG9,CELEBRITY MERCURY,16,VANCOUVER
2008-07-25T22:39:16,249053000,57.01895,-135.32255,1,237.1,8.1,240,9106302,9HJG9,CELEBRITY MERCURY,16,VANCOUVER
2008-07-25T22:39:09,249053000,57.01908333,-135.3222,1,235.1,8.1,238,9106302,9HJG9,CELEBRITY MERCURY,16,VANCOUVER
2008-07-25T22:39:02,249053000,57.01925,-135.3217667,1,233.9,8.2,236,9106302,9HJG9,CELEBRITY MERCURY,16,VANCOUVER
2008-07-25T22:38:56,249053000,57.01933333,-135.3214833,1,231.9,8.2,235,9106302,9HJG9,CELEBRITY MERCURY,16,VANCOUVER
2008-07-25T22:38:49,249053000,57.01953333,-135.3210333,1,230.9,8.2,233,9106302,9HJG9,CELEBRITY MERCURY,16,VANCOUVER
2008-07-25T22:38:41,249053000,57.01971667,-135.32065,1,228.9,8.2,231,9106302,9HJG9,CELEBRITY MERCURY,16,VANCOUVER
2008-07-25T22:38:36,249053000,57.01986667,-135.3203333,1,227.6,8.2,229,9106302,9HJG9,CELEBRITY MERCURY,16,VANCOUVER
2008-07-25T22:38:29,249053000,57.02005,-135.3199333,1,224.9,8.2,227,9106302,9HJG9,CELEBRITY MERCURY,16,VANCOUVER
2008-07-25T22:38:22,249053000,57.0202,-135.3196667,1,223.6,8.2,225,9106302,9HJG9,CELEBRITY MERCURY,16,VANCOUVER
2008-07-25T22:38:16,249053000,57.02041667,-135.3192833,1,223.0,8.2,223,9106302,9HJG9,CELEBRITY MERCURY,16,VANCOUVER
2008-07-25T22:38:02,249053000,57.02076667,-135.31865,1,219.0,8.3,219,9106302,9HJG9,CELEBRITY MERCURY,16,VANCOUVER
2008-07-25T22:36:41,249053000,57.02338333,-135.3155667,1,206.3,8.3,205,9106302,9HJG9,CELEBRITY MERCURY,16,VANCOUVER
2008-07-25T22:36:33,249053000,57.02403333,-135.3149833,0,0.0,0.0,0,9106302,9HJG9,CELEBRITY MERCURY,16,VANCOUVER
2008-07-25T22:36:22,249053000,57.02403333,-135.3149833,1,207.0,8.3,205,9106302,9HJG9,CELEBRITY MERCURY,16,VANCOUVER
2008-07-25T22:36:02,249053000,57.02475,-135.3143167,1,207.0,8.2,205,9106302,9HJG9,CELEBRITY MERCURY,16,VANCOUVER
2008-07-25T22:35:41,249053000,57.0255,-135.3136333,1,207.1,8.1,205,9106302,9HJG9,CELEBRITY MERCURY,16,VANCOUVER
2008-07-25T22:35:22,249053000,57.02608333,-135.3130833,1,206.4,7.9,205,9106302,9HJG9,CELEBRITY MERCURY,16,VANCOUVER
2008-07-25T22:34:42,249053000,57.02738333,-135.3118667,1,207.2,7.6,205,9106302,9HJG9,CELEBRITY MERCURY,16,VANCOUVER
2008-07-25T22:34:22,249053000,57.028,-135.3112667,1,206.5,7.3,205,9106302,9HJG9,CELEBRITY MERCURY,16,VANCOUVER
2008-07-25T22:33:42,249053000,57.02925,-135.31015,1,205.8,6.9,205,9106302,9HJG9,CELEBRITY MERCURY,16,VANCOUVER
2008-07-25T22:32:42,249053000,57.03091667,-135.3087667,1,203.1,6.2,205,9106302,9HJG9,CELEBRITY MERCURY,16,VANCOUVER
2008-07-25T22:32:35,249053000,57.0311,-135.3086333,1,201.1,6.0,204,9106302,9HJG9,CELEBRITY MERCURY,16,VANCOUVER
2008-07-25T22:32:29,249053000,57.03128333,-135.3085,1,200.1,6.0,203,9106302,9HJG9,CELEBRITY MERCURY,16,VANCOUVER
2008-07-25T22:32:22,249053000,57.03145,-135.3083833,1,201.0,5.9,203,9106302,9HJG9,CELEBRITY MERCURY,16,VANCOUVER
2008-07-25T22:32:09,249053000,57.0318,-135.3081333,1,198.0,5.8,201,9106302,9HJG9,CELEBRITY MERCURY,16,VANCOUVER
2008-07-25T22:31:56,249053000,57.0321,-135.30795,1,198.9,5.7,200,9106302,9HJG9,CELEBRITY MERCURY,16,VANCOUVER
2008-07-25T22:31:49,249053000,57.0324,-135.3077833,1,196.9,5.5,198,9106302,9HJG9,CELEBRITY MERCURY,16,VANCOUVER
2008-07-25T22:31:42,249053000,57.03246667,-135.3077333,1,196.0,5.5,196,9106302,9HJG9,CELEBRITY MERCURY,16,VANCOUVER
2008-07-25T22:31:36,249053000,57.03263333,-135.3076333,1,195.0,5.4,194,9106302,9HJG9,CELEBRITY MERCURY,16,VANCOUVER
2008-07-25T22:31:29,249053000,57.03275,-135.3075667,1,193.0,5.3,192,9106302,9HJG9,CELEBRITY MERCURY,16,VANCOUVER
2008-07-25T22:31:22,249053000,57.03293333,-135.3074667,1,191.1,5.1,190,9106302,9HJG9,CELEBRITY MERCURY,16,VANCOUVER
2008-07-25T22:31:02,249053000,57.03341667,-135.3073333,1,185.1,4.8,184,9106302,9HJG9,CELEBRITY MERCURY,16,VANCOUVER
2008-07-25T22:30:44,249053000,57.03386667,-135.3073,1,179.3,4.3,178,9106302,9HJG9,CELEBRITY MERCURY,16,VANCOUVER
2008-07-25T22:30:39,249053000,57.0368,-135.30665,0,0.0,0.0,0,9106302,9HJG9,CELEBRITY MERCURY,16,VANCOUVER
2008-07-25T22:25:42,249053000,57.0368,-135.30665,1,181.0,1.5,107,9106302,9HJG9,CELEBRITY MERCURY,16,VANCOUVER
2008-07-25T22:24:35,249053000,57.03751667,-135.3069,0,0.0,0.0,0,9106302,9HJG9,CELEBRITY MERCURY,16,VANCOUVER
2008-07-25T22:19:41,249053000,57.03751667,-135.3069,1,89.0,0.2,89,9106302,9HJG9,CELEBRITY MERCURY,16,VANCOUVER
2008-07-25T22:18:33,249053000,57.03723333,-135.3067167,0,0.0,0.0,0,9106302,9HJG9,CELEBRITY MERCURY,16,VANCOUVER
2008-07-25T22:13:38,249053000,57.03723333,-135.3067167,1,320.6,0.4,107,9106302,9HJG9,CELEBRITY MERCURY,16,VANCOUVER
2008-07-25T22:12:33,249053000,57.03723333,-135.3074,0,0.0,0.0,0,9106302,9HJG9,CELEBRITY MERCURY,16,VANCOUVER
2008-07-25T22:06:38,249053000,57.03723333,-135.3074,0,0.0,0.0,0,9106302,9HJG9,CELEBRITY MERCURY,16,VANCOUVER
2008-07-25T22:01:31,249053000,57.03723333,-135.3074,1,162.0,0.1,118,9106302,9HJG9,CELEBRITY MERCURY,16,VANCOUVER
2008-07-25T22:00:36,249053000,57.03713333,-135.3074167,0,0.0,0.0,0,9106302,9HJG9,CELEBRITY MERCURY,16,VANCOUVER
2008-07-25T21:55:27,249053000,57.03713333,-135.3074167,1,117.0,0.0,117,9106302,9HJG9,CELEBRITY MERCURY,16,VANCOUVER
2008-07-25T21:49:25,249053000,57.03713333,-135.3078,1,62.6,0.4,119,9106302,9HJG9,CELEBRITY MERCURY,16,VANCOUVER
2008-07-25T21:48:32,249053000,57.03708333,-135.308,0,0.0,0.0,0,9106302,9HJG9,CELEBRITY MERCURY,16,VANCOUVER
2008-07-25T21:46:52,249053000,57.03708333,-135.308,1,303.0,0.1,123,9106302,9HJG9,CELEBRITY MERCURY,16,SITKA
2008-07-25T21:44:53,249053000,57.03706667,-135.3084333,0,0.0,0.0,0,9106302,9HJG9,CELEBRITY MERCURY,16,SITKA
2008-07-25T21:38:49,249053000,57.03706667,-135.3084333,0,0.0,0.0,0,9106302,9HJG9,CELEBRITY MERCURY,16,SITKA
2008-07-25T21:37:21,249053000,57.03706667,-135.3084333,1,125.0,0.0,125,9106302,9HJG9,CELEBRITY MERCURY,16,SITKA
2008-07-25T21:32:56,249053000,57.03705,-135.3084333,0,0.0,0.0,0,9106302,9HJG9,CELEBRITY MERCURY,16,SITKA
2008-07-25T21:31:20,249053000,57.03705,-135.3084333,1,121.0,0.0,121,9106302,9HJG9,CELEBRITY MERCURY,16,SITKA
2008-07-25T21:25:17,249053000,57.03691667,-135.3083167,1,119.0,0.0,119,9106302,9HJG9,CELEBRITY MERCURY,16,SITKA
2008-07-25T21:20:53,249053000,57.0369,-135.3082333,0,0.0,0.0,0,9106302,9HJG9,CELEBRITY MERCURY,16,SITKA
2008-07-25T21:19:12,249053000,57.0369,-135.3082333,1,116.0,0.0,116,9106302,9HJG9,CELEBRITY MERCURY,16,SITKA
2008-07-25T21:14:49,249053000,57.03695,-135.3083833,0,0.0,0.0,0,9106302,9HJG9,CELEBRITY MERCURY,16,SITKA
2008-07-25T21:13:10,249053000,57.03695,-135.3083833,1,116.0,0.0,116,9106302,9HJG9,CELEBRITY MERCURY,16,SITKA
2008-07-25T20:55:02,249053000,57.03695,-135.30855,1,68.9,0.1,114,9106302,9HJG9,CELEBRITY MERCURY,16,SITKA
2008-07-25T20:26:42,249053000,57.03703333,-135.3084833,0,0.0,0.0,0,9106302,9HJG9,CELEBRITY MERCURY,16,SITKA
2008-07-25T20:12:44,249053000,57.03703333,-135.3084833,1,209.0,0.1,119,9106302,9HJG9,CELEBRITY MERCURY,16,SITKA
2008-07-25T20:06:43,249053000,57.03708333,-135.30845,1,115.0,0.0,115,9106302,9HJG9,CELEBRITY MERCURY,16,SITKA
2008-07-25T20:02:44,249053000,57.03698333,-135.30855,0,0.0,0.0,0,9106302,9HJG9,CELEBRITY MERCURY,16,SITKA
2008-07-25T19:54:37,249053000,57.03698333,-135.30855,1,115.0,0.0,115,9106302,9HJG9,CELEBRITY MERCURY,16,SITKA
2008-07-25T19:50:43,249053000,57.037,-135.3085667,0,0.0,0.0,0,9106302,9HJG9,CELEBRITY MERCURY,16,SITKA
2008-07-25T19:48:33,249053000,57.037,-135.3085667,1,113.0,0.0,113,9106302,9HJG9,CELEBRITY MERCURY,16,SITKA
2008-07-25T19:42:33,249053000,57.03698333,-135.30845,1,201.0,0.1,111,9106302,9HJG9,CELEBRITY MERCURY,16,SITKA
2008-07-25T19:38:39,249053000,57.03695,-135.3084167,0,0.0,0.0,0,9106302,9HJG9,CELEBRITY MERCURY,16,SITKA
2008-07-25T19:36:29,249053000,57.03695,-135.3084167,1,112.0,0.0,112,9106302,9HJG9,CELEBRITY MERCURY,16,SITKA
2008-07-25T19:32:43,249053000,57.03703333,-135.3086333,0,0.0,0.0,0,9106302,9HJG9,CELEBRITY MERCURY,16,SITKA
2008-07-25T19:30:26,249053000,57.03703333,-135.3086333,1,114.0,0.0,114,9106302,9HJG9,CELEBRITY MERCURY,16,SITKA
2008-07-25T19:24:23,249053000,57.03703333,-135.3085833,1,111.0,0.0,111,9106302,9HJG9,CELEBRITY MERCURY,16,SITKA
2008-07-25T19:20:41,249053000,57.03708333,-135.30865,0,0.0,0.0,0,9106302,9HJG9,CELEBRITY MERCURY,16,SITKA
2008-07-25T19:18:22,249053000,57.03708333,-135.30865,1,113.0,0.0,113,9106302,9HJG9,CELEBRITY MERCURY,16,SITKA
2008-07-25T19:14:35,249053000,57.03708333,-135.3086667,0,0.0,0.0,0,9106302,9HJG9,CELEBRITY MERCURY,16,SITKA
2008-07-25T19:08:35,249053000,57.03708333,-135.3086667,0,0.0,0.0,0,9106302,9HJG9,CELEBRITY MERCURY,16,SITKA
2008-07-25T18:56:34,249053000,57.03708333,-135.3086667,0,0.0,0.0,0,9106302,9HJG9,CELEBRITY MERCURY,16,SITKA
2008-07-25T18:54:09,249053000,57.03708333,-135.3086667,1,116.0,0.0,116,9106302,9HJG9,CELEBRITY MERCURY,16,SITKA
2008-07-25T18:50:36,249053000,57.03698333,-135.30865,0,0.0,0.0,0,9106302,9HJG9,CELEBRITY MERCURY,16,SITKA
2008-07-25T18:48:06,249053000,57.03698333,-135.30865,1,114.0,0.0,114,9106302,9HJG9,CELEBRITY MERCURY,16,SITKA
2008-07-25T18:44:38,249053000,57.03703333,-135.3086833,0,0.0,0.0,0,9106302,9HJG9,CELEBRITY MERCURY,16,SITKA
2008-07-25T18:42:07,249053000,57.03703333,-135.3086833,1,26.0,0.1,116,9106302,9HJG9,CELEBRITY MERCURY,16,SITKA
2008-07-25T18:38:37,249053000,57.0371,-135.3088167,0,0.0,0.0,0,9106302,9HJG9,CELEBRITY MERCURY,16,SITKA
2008-07-25T18:36:02,249053000,57.0371,-135.3088167,1,114.0,0.0,114,9106302,9HJG9,CELEBRITY MERCURY,16,SITKA
2008-07-25T18:29:59,249053000,57.03708333,-135.30855,1,112.0,0.0,112,9106302,9HJG9,CELEBRITY MERCURY,16,SITKA
2008-07-25T18:20:32,249053000,57.03726667,-135.3089667,0,0.0,0.0,0,9106302,9HJG9,CELEBRITY MERCURY,16,SITKA
2008-07-25T18:17:54,249053000,57.03726667,-135.3089667,1,118.0,0.1,118,9106302,9HJG9,CELEBRITY MERCURY,16,SITKA
2008-07-25T18:11:53,249053000,57.03733333,-135.3088333,1,250.9,0.1,116,9106302,9HJG9,CELEBRITY MERCURY,16,SITKA
2008-07-25T18:08:32,249053000,57.03733333,-135.3087667,0,0.0,0.0,0,9106302,9HJG9,CELEBRITY MERCURY,16,SITKA
2008-07-25T18:05:51,249053000,57.03733333,-135.3087667,1,25.0,0.1,115,9106302,9HJG9,CELEBRITY MERCURY,16,SITKA
2008-07-25T18:02:33,249053000,57.03726667,-135.309,0,0.0,0.0,0,9106302,9HJG9,CELEBRITY MERCURY,16,SITKA
2008-07-25T17:59:49,249053000,57.03726667,-135.309,1,30.0,0.1,120,9106302,9HJG9,CELEBRITY MERCURY,16,SITKA
2008-07-25T17:56:30,249053000,57.03721667,-135.3086333,0,0.0,0.0,0,9106302,9HJG9,CELEBRITY MERCURY,16,SITKA
2008-07-25T17:53:46,249053000,57.03721667,-135.3086333,1,23.0,0.1,113,9106302,9HJG9,CELEBRITY MERCURY,16,SITKA
2008-07-25T17:47:43,249053000,57.03703333,-135.30865,1,109.0,0.0,109,9106302,9HJG9,CELEBRITY MERCURY,16,SITKA
2008-07-25T17:41:38,249053000,57.03696667,-135.3085333,1,206.0,0.2,116,9106302,9HJG9,CELEBRITY MERCURY,16,SITKA
2008-07-25T17:35:36,249053000,57.037,-135.3085833,1,115.0,0.0,115,9106302,9HJG9,CELEBRITY MERCURY,16,SITKA
2008-07-25T17:14:27,249053000,57.03716667,-135.30885,0,0.0,0.0,0,9106302,9HJG9,CELEBRITY MERCURY,16,SITKA
2008-07-25T17:11:25,249053000,57.03716667,-135.30885,1,120.0,0.0,120,9106302,9HJG9,CELEBRITY MERCURY,16,SITKA
2008-07-25T17:08:28,249053000,57.03733333,-135.30865,0,0.0,0.0,0,9106302,9HJG9,CELEBRITY MERCURY,16,SITKA
2008-07-25T17:02:22,249053000,57.03733333,-135.30865,0,0.0,0.0,0,9106302,9HJG9,CELEBRITY MERCURY,16,SITKA
2008-07-25T16:59:59,249053000,57.03733333,-135.30865,1,112.0,0.0,112,9106302,9HJG9,CELEBRITY MERCURY,16,SITKA
2008-07-25T16:59:40,249053000,57.03731667,-135.3086333,1,337.0,0.1,112,9106302,9HJG9,CELEBRITY MERCURY,16,SITKA
2008-07-25T16:59:20,249053000,57.03731667,-135.3086333,1,292.0,0.1,112,9106302,9HJG9,CELEBRITY MERCURY,16,SITKA
2008-07-25T16:58:59,249053000,57.0373,-135.3086167,1,292.0,0.1,112,9106302,9HJG9,CELEBRITY MERCURY,16,SITKA
2008-07-25T16:58:40,249053000,57.0373,-135.3086,1,112.0,0.0,112,9106302,9HJG9,CELEBRITY MERCURY,16,SITKA
2008-07-25T16:58:20,249053000,57.0373,-135.3085833,1,292.0,0.1,112,9106302,9HJG9,CELEBRITY MERCURY,16,SITKA
2008-07-25T16:57:59,249053000,57.0373,-135.3085667,1,292.0,0.1,112,9106302,9HJG9,CELEBRITY MERCURY,16,SITKA
2008-07-25T16:57:20,249053000,57.03728333,-135.3085333,1,291.0,0.1,111,9106302,9HJG9,CELEBRITY MERCURY,16,SITKA
2008-07-25T16:56:59,249053000,57.03728333,-135.3085167,1,336.0,0.1,111,9106302,9HJG9,CELEBRITY MERCURY,16,SITKA
2008-07-25T16:56:22,249053000,57.03725,-135.3085167,0,0.0,0.0,0,9106302,9HJG9,CELEBRITY MERCURY,16,SITKA
2008-07-25T16:56:20,249053000,57.03725,-135.3085167,1,336.0,0.1,111,9106302,9HJG9,CELEBRITY MERCURY,16,SITKA
2008-07-25T16:55:59,249053000,57.03725,-135.3085,0,110.0,0.0,110,9106302,9HJG9,CELEBRITY MERCURY,16,SITKA
2008-07-25T16:55:40,249053000,57.03723333,-135.3084833,0,335.0,0.1,110,9106302,9HJG9,CELEBRITY MERCURY,16,SITKA
2008-07-25T16:55:20,249053000,57.03721667,-135.3084667,0,334.0,0.1,109,9106302,9HJG9,CELEBRITY MERCURY,16,SITKA
2008-07-25T16:54:59,249053000,57.0372,-135.3084667,0,19.0,0.1,109,9106302,9HJG9,CELEBRITY MERCURY,16,SITKA
2008-07-25T16:53:59,249053000,57.03716667,-135.3085,0,19.0,0.1,109,9106302,9HJG9,CELEBRITY MERCURY,16,SITKA
2008-07-25T16:53:40,249053000,57.03716667,-135.3085167,0,109.0,0.1,109,9106302,9HJG9,CELEBRITY MERCURY,16,SITKA
2008-07-25T16:52:59,249053000,57.03713333,-135.3085833,0,45.5,0.2,109,9106302,9HJG9,CELEBRITY MERCURY,16,SITKA
2008-07-25T16:52:40,249053000,57.03713333,-135.3086333,0,20.0,0.1,110,9106302,9HJG9,CELEBRITY MERCURY,16,SITKA
2008-07-25T16:52:20,249053000,57.03711667,-135.3086333,0,64.9,0.1,110,9106302,9HJG9,CELEBRITY MERCURY,16,SITKA
2008-07-25T16:51:40,249053000,57.0371,-135.3086667,0,112.0,0.0,112,9106302,9HJG9,CELEBRITY MERCURY,16,SITKA
2008-07-25T16:48:40,249053000,57.03706667,-135.3087667,0,71.9,0.1,117,9106302,9HJG9,CELEBRITY MERCURY,16,SITKA
2008-07-25T16:48:19,249053000,57.03706667,-135.3088,0,181.4,0.2,118,9106302,9HJG9,CELEBRITY MERCURY,16,SITKA
2008-07-25T16:47:59,249053000,57.03708333,-135.3088,0,189.5,0.3,118,9106302,9HJG9,CELEBRITY MERCURY,16,SITKA
2008-07-25T16:47:01,249053000,57.03715,-135.3088,0,116.0,0.0,116,9106302,9HJG9,CELEBRITY MERCURY,16,SITKA
2008-07-25T16:46:40,249053000,57.03715,-135.3088167,0,116.0,0.1,116,9106302,9HJG9,CELEBRITY MERCURY,16,SITKA
2008-07-25T16:46:01,249053000,57.03716667,-135.30885,0,162.0,0.1,117,9106302,9HJG9,CELEBRITY MERCURY,16,SITKA
2008-07-25T16:45:40,249053000,57.03716667,-135.30885,0,207.0,0.1,117,9106302,9HJG9,CELEBRITY MERCURY,16,SITKA
2008-07-25T16:45:01,249053000,57.0372,-135.3088,0,206.0,0.1,116,9106302,9HJG9,CELEBRITY MERCURY,16,SITKA
2008-07-25T16:44:40,249053000,57.03723333,-135.3088,0,160.0,0.1,115,9106302,9HJG9,CELEBRITY MERCURY,16,SITKA
2008-07-25T16:44:19,249053000,57.03725,-135.3088,0,205.0,0.1,115,9106302,9HJG9,CELEBRITY MERCURY,16,SITKA
2008-07-25T16:44:01,249053000,57.03725,-135.3087833,0,205.0,0.1,115,9106302,9HJG9,CELEBRITY MERCURY,16,SITKA
2008-07-25T16:43:40,249053000,57.03728333,-135.3087667,0,114.0,0.0,114,9106302,9HJG9,CELEBRITY MERCURY,16,SITKA
2008-07-25T16:42:40,249053000,57.03726667,-135.3088,0,24.0,0.1,114,9106302,9HJG9,CELEBRITY MERCURY,16,SITKA
2008-07-25T16:42:01,249053000,57.03726667,-135.3088333,0,114.0,0.0,114,9106302,9HJG9,CELEBRITY MERCURY,16,SITKA
2008-07-25T16:41:19,249053000,57.03728333,-135.3088333,0,203.0,0.2,113,9106302,9HJG9,CELEBRITY MERCURY,16,SITKA
2008-07-25T16:41:00,249053000,57.0373,-135.3088167,0,203.0,0.2,113,9106302,9HJG9,CELEBRITY MERCURY,16,SITKA
2008-07-25T16:40:41,249053000,57.03731667,-135.3087833,0,0.0,0.0,0,9106302,9HJG9,CELEBRITY MERCURY,16,SITKA
2008-07-25T16:40:40,249053000,57.03731667,-135.3087833,0,202.0,0.2,112,9106302,9HJG9,CELEBRITY MERCURY,16,SITKA
2008-07-25T16:40:00,249053000,57.03736667,-135.30875,0,200.0,0.1,110,9106302,9HJG9,CELEBRITY MERCURY,16,SITKA
2008-07-25T16:39:40,249053000,57.03738333,-135.3087333,0,109.0,0.0,109,9106302,9HJG9,CELEBRITY MERCURY,16,SITKA
2008-07-25T16:39:19,249053000,57.03738333,-135.3087333,0,109.0,0.0,109,9106302,9HJG9,CELEBRITY MERCURY,16,SITKA
2008-07-25T16:39:00,249053000,57.03738333,-135.3087167,0,109.0,0.0,109,9106302,9HJG9,CELEBRITY MERCURY,16,SITKA
2008-07-25T16:38:40,249053000,57.03738333,-135.3087167,0,109.0,0.0,109,9106302,9HJG9,CELEBRITY MERCURY,16,SITKA
2008-07-25T16:38:21,249053000,57.03736667,-135.3087333,0,109.0,0.0,109,9106302,9HJG9,CELEBRITY MERCURY,16,SITKA
2008-07-25T16:38:00,249053000,57.03736667,-135.30875,0,335.0,0.1,110,9106302,9HJG9,CELEBRITY MERCURY,16,SITKA
2008-07-25T16:37:40,249053000,57.03735,-135.3087333,0,353.4,0.2,110,9106302,9HJG9,CELEBRITY MERCURY,16,SITKA
2008-07-25T16:37:21,249053000,57.03733333,-135.3087333,0,336.0,0.3,111,9106302,9HJG9,CELEBRITY MERCURY,16,SITKA
2008-07-25T16:36:00,249053000,57.03726667,-135.3087,0,23.0,0.1,113,9106302,9HJG9,CELEBRITY MERCURY,16,SITKA
2008-07-25T16:35:40,249053000,57.03723333,-135.3087,0,339.0,0.3,114,9106302,9HJG9,CELEBRITY MERCURY,16,SITKA
2008-07-25T16:35:21,249053000,57.03721667,-135.3086833,0,357.4,0.2,114,9106302,9HJG9,CELEBRITY MERCURY,16,SITKA
2008-07-25T16:35:01,249053000,57.03718333,-135.3086667,0,339.0,0.1,114,9106302,9HJG9,CELEBRITY MERCURY,16,SITKA
2008-07-25T16:34:40,249053000,57.03718333,-135.3085833,0,0.0,0.0,0,9106302,9HJG9,CELEBRITY MERCURY,16,SITKA
2008-07-25T16:33:41,249053000,57.03718333,-135.3085833,0,248.9,0.1,114,9106302,9HJG9,CELEBRITY MERCURY,16,SITKA
2008-07-25T16:32:41,249053000,57.0372,-135.3085,0,113.0,0.0,113,9106302,9HJG9,CELEBRITY MERCURY,16,SITKA
2008-07-25T16:32:21,249053000,57.0372,-135.3084833,0,338.0,0.1,113,9106302,9HJG9,CELEBRITY MERCURY,16,SITKA
2008-07-25T16:32:01,249053000,57.03718333,-135.3084833,0,114.0,0.0,114,9106302,9HJG9,CELEBRITY MERCURY,16,SITKA
2008-07-25T16:31:41,249053000,57.03716667,-135.3084833,0,339.0,0.1,114,9106302,9HJG9,CELEBRITY MERCURY,16,SITKA
2008-07-25T16:31:21,249053000,57.03715,-135.3084667,0,340.0,0.1,115,9106302,9HJG9,CELEBRITY MERCURY,16,SITKA
2008-07-25T16:31:01,249053000,57.03713333,-135.3084667,0,340.0,0.1,115,9106302,9HJG9,CELEBRITY MERCURY,16,SITKA
2008-07-25T16:30:20,249053000,57.03711667,-135.3084667,0,26.0,0.1,116,9106302,9HJG9,CELEBRITY MERCURY,16,SITKA
2008-07-25T16:29:41,249053000,57.03706667,-135.3084667,0,28.0,0.1,118,9106302,9HJG9,CELEBRITY MERCURY,16,SITKA
2008-07-25T16:28:59,249053000,57.03703333,-135.3084833,0,30.0,0.1,120,9106302,9HJG9,CELEBRITY MERCURY,16,SITKA
2008-07-25T16:28:41,249053000,57.037,-135.3085167,0,346.0,0.1,121,9106302,9HJG9,CELEBRITY MERCURY,16,SITKA
2008-07-25T16:28:39,249053000,57.03696667,-135.3085167,0,0.0,0.0,0,9106302,9HJG9,CELEBRITY MERCURY,16,SITKA
2008-07-25T16:27:59,249053000,57.03696667,-135.3085167,0,34.0,0.1,124,9106302,9HJG9,CELEBRITY MERCURY,16,SITKA
2008-07-25T16:27:41,249053000,57.03696667,-135.3085333,0,125.0,0.0,125,9106302,9HJG9,CELEBRITY MERCURY,16,SITKA
2008-07-25T16:27:22,249053000,57.03696667,-135.30855,0,126.0,0.0,126,9106302,9HJG9,CELEBRITY MERCURY,16,SITKA
2008-07-25T16:27:22,249053000,57.03696667,-135.30855,0,126.0,0.0,126,9106302,9HJG9,CELEBRITY MERCURY,16,SITKA
2008-07-25T16:27:22,249053000,57.03695,-135.30855,0,126.0,0.0,126,9106302,9HJG9,CELEBRITY MERCURY,16,SITKA
2008-07-25T16:26:20,249053000,57.03696667,-135.30855,0,171.0,0.1,126,9106302,9HJG9,CELEBRITY MERCURY,16,SITKA
2008-07-25T16:26:00,249053000,57.03698333,-135.30855,0,189.4,0.2,126,9106302,9HJG9,CELEBRITY MERCURY,16,SITKA
2008-07-25T16:25:41,249053000,57.03701667,-135.3085333,0,197.5,0.3,126,9106302,9HJG9,CELEBRITY MERCURY,16,SITKA
2008-07-25T16:25:22,249053000,57.03706667,-135.3085167,0,188.4,0.2,125,9106302,9HJG9,CELEBRITY MERCURY,16,SITKA
2008-07-25T16:25:22,249053000,57.0371,-135.3085,0,151.5,0.2,125,9106302,9HJG9,CELEBRITY MERCURY,16,SITKA
2008-07-25T16:24:21,249053000,57.03711667,-135.3085,0,125.0,0.2,125,9106302,9HJG9,CELEBRITY MERCURY,16,SITKA
2008-07-25T16:23:39,249053000,57.03713333,-135.30855,0,125.0,0.2,125,9106302,9HJG9,CELEBRITY MERCURY,16,SITKA
2008-07-25T16:23:21,249053000,57.03715,-135.3086,0,125.0,0.2,125,9106302,9HJG9,CELEBRITY MERCURY,16,SITKA
2008-07-25T16:23:00,249053000,57.03716667,-135.3086333,0,107.5,0.3,126,9106302,9HJG9,CELEBRITY MERCURY,16,SITKA
2008-07-25T16:22:39,249053000,57.03716667,-135.3087333,0,0.0,0.0,0,9106302,9HJG9,CELEBRITY MERCURY,16,SITKA
2008-07-25T16:22:21,249053000,57.03716667,-135.3087333,0,108.5,0.3,127,9106302,9HJG9,CELEBRITY MERCURY,16,SITKA
2008-07-25T16:22:00,249053000,57.03718333,-135.3087833,0,109.5,0.3,128,9106302,9HJG9,CELEBRITY MERCURY,16,SITKA
2008-07-25T16:21:20,249053000,57.03721667,-135.3089,0,144.0,0.4,130,9106302,9HJG9,CELEBRITY MERCURY,16,SITKA
2008-07-25T16:20:39,249053000,57.03728333,-135.30895,0,149.4,0.3,131,9106302,9HJG9,CELEBRITY MERCURY,16,SITKA
2008-07-25T16:20:01,249053000,57.03735,-135.3090167,0,132.0,0.3,132,9106302,9HJG9,CELEBRITY MERCURY,16,SITKA
2008-07-25T16:15:01,249053000,57.03768333,-135.3087833,0,264.9,0.1,130,9106302,9HJG9,CELEBRITY MERCURY,16,SITKA
2008-07-25T16:14:40,249053000,57.0377,-135.3087333,0,219.0,0.1,129,9106302,9HJG9,CELEBRITY MERCURY,16,SITKA
2008-07-25T16:14:20,249053000,57.0377,-135.3087167,0,263.9,0.1,129,9106302,9HJG9,CELEBRITY MERCURY,16,SITKA
2008-07-25T16:13:40,249053000,57.03771667,-135.3086667,0,263.9,0.1,129,9106302,9HJG9,CELEBRITY MERCURY,16,SITKA
2008-07-25T16:13:01,249053000,57.03773333,-135.3086167,0,218.0,0.2,128,9106302,9HJG9,CELEBRITY MERCURY,16,SITKA
2008-07-25T16:12:40,249053000,57.03776667,-135.3085667,0,243.5,0.2,127,9106302,9HJG9,CELEBRITY MERCURY,16,SITKA
2008-07-25T16:12:20,249053000,57.03778333,-135.30855,0,242.5,0.2,126,9106302,9HJG9,CELEBRITY MERCURY,16,SITKA
2008-07-25T16:12:00,249053000,57.03778333,-135.3085,0,241.5,0.2,125,9106302,9HJG9,CELEBRITY MERCURY,16,SITKA
2008-07-25T16:11:40,249053000,57.0378,-135.3084667,0,232.4,0.3,124,9106302,9HJG9,CELEBRITY MERCURY,16,SITKA
2008-07-25T16:11:20,249053000,57.03781667,-135.3084333,0,257.9,0.1,123,9106302,9HJG9,CELEBRITY MERCURY,16,SITKA
2008-07-25T16:11:00,249053000,57.03781667,-135.3084,0,212.0,0.1,122,9106302,9HJG9,CELEBRITY MERCURY,16,SITKA
2008-07-25T16:10:40,249053000,57.03781667,-135.3083833,0,255.9,0.1,121,9106302,9HJG9,CELEBRITY MERCURY,16,SITKA
2008-07-25T16:10:37,249053000,57.03781667,-135.3083333,0,0.0,0.0,0,9106302,9HJG9,CELEBRITY MERCURY,16,SITKA
2008-07-25T16:10:20,249053000,57.03781667,-135.3083333,0,254.9,0.1,120,9106302,9HJG9,CELEBRITY MERCURY,16,SITKA
2008-07-25T16:10:00,249053000,57.03783333,-135.3083167,0,210.0,0.1,120,9106302,9HJG9,CELEBRITY MERCURY,16,SITKA
2008-07-25T16:09:40,249053000,57.03783333,-135.3083167,0,119.0,0.0,119,9106302,9HJG9,CELEBRITY MERCURY,16,SITKA
2008-07-25T16:09:20,249053000,57.03785,-135.3083,0,119.0,0.0,119,9106302,9HJG9,CELEBRITY MERCURY,16,SITKA
2008-07-25T16:09:00,249053000,57.03785,-135.3082833,0,208.0,0.1,118,9106302,9HJG9,CELEBRITY MERCURY,16,SITKA
2008-07-25T16:08:40,249053000,57.03785,-135.3082667,0,208.0,0.1,118,9106302,9HJG9,CELEBRITY MERCURY,16,SITKA
2008-07-25T16:08:20,249053000,57.03786667,-135.30825,0,207.0,0.1,117,9106302,9HJG9,CELEBRITY MERCURY,16,SITKA
2008-07-25T16:08:00,249053000,57.03788333,-135.30825,0,206.0,0.1,116,9106302,9HJG9,CELEBRITY MERCURY,16,SITKA
2008-07-25T16:07:40,249053000,57.03788333,-135.3082167,0,206.0,0.1,116,9106302,9HJG9,CELEBRITY MERCURY,16,SITKA
2008-07-25T16:07:20,249053000,57.0379,-135.3082,0,205.0,0.1,115,9106302,9HJG9,CELEBRITY MERCURY,16,SITKA
2008-07-25T16:06:59,249053000,57.03793333,-135.3082,0,177.4,0.2,114,9106302,9HJG9,CELEBRITY MERCURY,16,SITKA
2008-07-25T16:06:40,249053000,57.03795,-135.3082,0,158.0,0.1,113,9106302,9HJG9,CELEBRITY MERCURY,16,SITKA
2008-07-25T16:06:20,249053000,57.03796667,-135.3082,0,157.0,0.1,112,9106302,9HJG9,CELEBRITY MERCURY,16,SITKA
2008-07-25T16:05:59,249053000,57.03798333,-135.3082,0,156.0,0.1,111,9106302,9HJG9,CELEBRITY MERCURY,16,SITKA
2008-07-25T16:05:39,249053000,57.03798333,-135.3082167,0,111.0,0.0,111,9106302,9HJG9,CELEBRITY MERCURY,16,SITKA
2008-07-25T16:04:39,249053000,57.038,-135.30825,0,62.9,0.1,108,9106302,9HJG9,CELEBRITY MERCURY,16,SITKA
2008-07-25T16:04:34,249053000,57.03798333,-135.3082667,0,0.0,0.0,0,9106302,9HJG9,CELEBRITY MERCURY,16,SITKA
2008-07-25T16:04:20,249053000,57.03798333,-135.3082667,0,18.0,0.1,108,9106302,9HJG9,CELEBRITY MERCURY,16,SITKA
2008-07-25T16:03:39,249053000,57.03798333,-135.3083167,0,61.9,0.1,108,9106302,9HJG9,CELEBRITY MERCURY,16,SITKA
2008-07-25T16:02:59,249053000,57.03796667,-135.30835,0,107.0,0.0,107,9106302,9HJG9,CELEBRITY MERCURY,16,SITKA
2008-07-25T16:02:39,249053000,57.03796667,-135.30835,0,106.0,0.0,106,9106302,9HJG9,CELEBRITY MERCURY,16,SITKA
2008-07-25T16:02:20,249053000,57.03796667,-135.3083667,0,106.0,0.0,106,9106302,9HJG9,CELEBRITY MERCURY,16,SITKA
2008-07-25T16:01:59,249053000,57.03796667,-135.3083667,0,330.0,0.1,105,9106302,9HJG9,CELEBRITY MERCURY,16,SITKA
2008-07-25T16:01:39,249053000,57.03793333,-135.30835,0,14.0,0.1,104,9106302,9HJG9,CELEBRITY MERCURY,16,SITKA
2008-07-25T16:01:20,249053000,57.03793333,-135.3083667,0,14.0,0.1,104,9106302,9HJG9,CELEBRITY MERCURY,16,SITKA
2008-07-25T16:00:59,249053000,57.03791667,-135.3083667,0,14.0,0.1,104,9106302,9HJG9,CELEBRITY MERCURY,16,SITKA
2008-07-25T16:00:39,249053000,57.0379,-135.3083667,0,104.0,0.0,104,9106302,9HJG9,CELEBRITY MERCURY,16,SITKA
2008-07-25T16:00:20,249053000,57.03788333,-135.3083667,0,104.0,0.0,104,9106302,9HJG9,CELEBRITY MERCURY,16,SITKA
2008-07-25T15:59:59,249053000,57.03788333,-135.3083667,0,103.0,0.0,103,9106302,9HJG9,CELEBRITY MERCURY,16,SITKA
2008-07-25T15:59:39,249053000,57.03788333,-135.3083667,0,103.0,0.0,103,9106302,9HJG9,CELEBRITY MERCURY,16,SITKA
2008-07-25T15:59:20,249053000,57.03788333,-135.3083667,0,147.0,0.1,102,9106302,9HJG9,CELEBRITY MERCURY,16,SITKA
2008-07-25T15:58:59,249053000,57.0379,-135.3083833,0,101.0,0.0,101,9106302,9HJG9,CELEBRITY MERCURY,16,SITKA
2008-07-25T15:58:39,249053000,57.0379,-135.3083833,0,100.0,0.0,100,9106302,9HJG9,CELEBRITY MERCURY,16,SITKA
2008-07-25T15:58:35,249053000,57.0379,-135.3084,0,0.0,0.0,0,9106302,9HJG9,CELEBRITY MERCURY,16,SITKA
2008-07-25T15:58:20,249053000,57.0379,-135.3084,0,53.9,0.1,99,9106302,9HJG9,CELEBRITY MERCURY,16,SITKA
2008-07-25T15:58:01,249053000,57.03788333,-135.3084167,0,34.5,0.2,98,9106302,9HJG9,CELEBRITY MERCURY,16,SITKA
2008-07-25T15:57:41,249053000,57.03786667,-135.3084333,0,26.4,0.3,98,9106302,9HJG9,CELEBRITY MERCURY,16,SITKA
2008-07-25T15:57:20,249053000,57.03783333,-135.30845,0,8.0,0.2,98,9106302,9HJG9,CELEBRITY MERCURY,16,SITKA
2008-07-25T15:57:01,249053000,57.03781667,-135.3084667,0,9.0,0.1,99,9106302,9HJG9,CELEBRITY MERCURY,16,SITKA
2008-07-25T15:56:41,249053000,57.03778333,-135.3084833,0,8.0,0.1,98,9106302,9HJG9,CELEBRITY MERCURY,16,SITKA
2008-07-25T15:56:20,249053000,57.03778333,-135.3084833,0,52.9,0.1,98,9106302,9HJG9,CELEBRITY MERCURY,16,SITKA
2008-07-25T15:56:01,249053000,57.03778333,-135.3085,0,51.9,0.1,97,9106302,9HJG9,CELEBRITY MERCURY,16,SITKA
2008-07-25T15:55:41,249053000,57.03776667,-135.3085333,0,25.4,0.3,97,9106302,9HJG9,CELEBRITY MERCURY,16,SITKA
2008-07-25T15:55:20,249053000,57.03771667,-135.30855,0,26.4,0.3,98,9106302,9HJG9,CELEBRITY MERCURY,16,SITKA
2008-07-25T15:55:01,249053000,57.0377,-135.30855,0,9.0,0.1,99,9106302,9HJG9,CELEBRITY MERCURY,16,SITKA
2008-07-25T15:54:41,249053000,57.0377,-135.3085667,0,99.0,0.0,99,9106302,9HJG9,CELEBRITY MERCURY,16,SITKA
2008-07-25T15:54:20,249053000,57.0377,-135.30855,0,99.0,0.0,99,9106302,9HJG9,CELEBRITY MERCURY,16,SITKA
2008-07-25T15:54:01,249053000,57.0377,-135.30855,0,99.0,0.0,99,9106302,9HJG9,CELEBRITY MERCURY,16,SITKA
2008-07-25T15:53:41,249053000,57.0377,-135.30855,0,99.0,0.0,99,9106302,9HJG9,CELEBRITY MERCURY,16,SITKA
2008-07-25T15:53:20,249053000,57.03768333,-135.3085667,0,9.0,0.2,99,9106302,9HJG9,CELEBRITY MERCURY,16,SITKA
2008-07-25T15:53:01,249053000,57.03766667,-135.3085667,0,9.0,0.2,99,9106302,9HJG9,CELEBRITY MERCURY,16,SITKA
2008-07-25T15:52:41,249053000,57.03765,-135.3085667,0,10.0,0.2,100,9106302,9HJG9,CELEBRITY MERCURY,16,SITKA
2008-07-25T15:52:38,249053000,57.03763333,-135.3085667,0,0.0,0.0,0,9106302,9HJG9,CELEBRITY MERCURY,16,SITKA
2008-07-25T15:52:21,249053000,57.03763333,-135.3085667,0,10.0,0.2,100,9106302,9HJG9,CELEBRITY MERCURY,16,SITKA
2008-07-25T15:52:01,249053000,57.0376,-135.3085667,0,343.4,0.2,100,9106302,9HJG9,CELEBRITY MERCURY,16,SITKA
2008-07-25T15:51:39,249053000,57.03758333,-135.3085667,0,36.5,0.2,100,9106302,9HJG9,CELEBRITY MERCURY,16,SITKA
2008-07-25T15:51:21,249053000,57.03756667,-135.3085833,0,36.5,0.2,100,9106302,9HJG9,CELEBRITY MERCURY,16,SITKA
2008-07-25T15:51:01,249053000,57.03755,-135.3086,0,37.5,0.2,101,9106302,9HJG9,CELEBRITY MERCURY,16,SITKA
2008-07-25T15:50:21,249053000,57.03751667,-135.3086333,0,37.5,0.2,101,9106302,9HJG9,CELEBRITY MERCURY,16,SITKA
2008-07-25T15:49:39,249053000,57.03745,-135.3087,0,31.4,0.3,103,9106302,9HJG9,CELEBRITY MERCURY,16,SITKA
2008-07-25T15:49:21,249053000,57.03741667,-135.3087167,0,14.0,0.2,104,9106302,9HJG9,CELEBRITY MERCURY,16,SITKA
2008-07-25T15:49:01,249053000,57.0374,-135.3087333,0,15.0,0.1,105,9106302,9HJG9,CELEBRITY MERCURY,16,SITKA
2008-07-25T15:48:39,249053000,57.03738333,-135.30875,0,42.5,0.2,106,9106302,9HJG9,CELEBRITY MERCURY,16,SITKA
2008-07-25T15:48:01,249053000,57.03733333,-135.3088,0,45.5,0.2,109,9106302,9HJG9,CELEBRITY MERCURY,16,SITKA
2008-07-25T15:47:21,249053000,57.0373,-135.30885,0,21.0,0.2,111,9106302,9HJG9,CELEBRITY MERCURY,16,SITKA
2008-07-25T15:47:01,249053000,57.0373,-135.3088667,0,67.9,0.1,113,9106302,9HJG9,CELEBRITY MERCURY,16,SITKA
2008-07-25T15:46:39,249053000,57.03726667,-135.3088833,0,114.0,0.0,114,9106302,9HJG9,CELEBRITY MERCURY,16,SITKA
2008-07-25T15:46:39,249053000,57.03726667,-135.3088833,0,0.0,0.0,0,9106302,9HJG9,CELEBRITY MERCURY,16,SITKA
2008-07-25T15:46:21,249053000,57.03726667,-135.3088833,0,115.0,0.1,115,9106302,9HJG9,CELEBRITY MERCURY,16,SITKA
2008-07-25T15:46:01,249053000,57.03726667,-135.3089167,0,116.0,0.0,116,9106302,9HJG9,CELEBRITY MERCURY,16,SITKA
2008-07-25T15:45:39,249053000,57.03726667,-135.3089167,0,117.0,0.0,117,9106302,9HJG9,CELEBRITY MERCURY,16,SITKA
2008-07-25T15:45:21,249053000,57.03728333,-135.3089167,0,118.0,0.0,118,9106302,9HJG9,CELEBRITY MERCURY,16,SITKA
2008-07-25T15:44:39,249053000,57.03726667,-135.3089333,0,120.0,0.0,120,9106302,9HJG9,CELEBRITY MERCURY,16,SITKA
2008-07-25T15:44:21,249053000,57.03725,-135.3089333,0,121.0,0.0,121,9106302,9HJG9,CELEBRITY MERCURY,16,SITKA
2008-07-25T15:44:00,249053000,57.03725,-135.3089333,0,122.0,0.0,122,9106302,9HJG9,CELEBRITY MERCURY,16,SITKA
2008-07-25T15:43:39,249053000,57.03725,-135.3089333,0,122.0,0.0,122,9106302,9HJG9,CELEBRITY MERCURY,16,SITKA
2008-07-25T15:43:00,249053000,57.03725,-135.3088833,0,257.9,0.1,123,9106302,9HJG9,CELEBRITY MERCURY,16,SITKA
2008-07-25T15:42:21,249053000,57.03725,-135.3088333,0,257.9,0.1,123,9106302,9HJG9,CELEBRITY MERCURY,16,SITKA
2008-07-25T15:42:00,249053000,57.03726667,-135.3088167,0,303.0,0.1,123,9106302,9HJG9,CELEBRITY MERCURY,16,SITKA
2008-07-25T15:41:39,249053000,57.03725,-135.3088,0,123.0,0.0,123,9106302,9HJG9,CELEBRITY MERCURY,16,SITKA
2008-07-25T15:41:21,249053000,57.03726667,-135.3088,0,123.0,0.0,123,9106302,9HJG9,CELEBRITY MERCURY,16,SITKA
2008-07-25T15:41:00,249053000,57.03726667,-135.3088,0,33.0,0.1,123,9106302,9HJG9,CELEBRITY MERCURY,16,SITKA
2008-07-25T15:40:39,249053000,57.03725,-135.3088167,0,7.4,0.2,124,9106302,9HJG9,CELEBRITY MERCURY,16,SITKA
2008-07-25T15:40:35,249053000,57.03723333,-135.3088167,0,0.0,0.0,0,9106302,9HJG9,CELEBRITY MERCURY,16,SITKA
2008-07-25T15:40:20,249053000,57.03723333,-135.3088167,0,8.4,0.2,125,9106302,9HJG9,CELEBRITY MERCURY,16,SITKA
2008-07-25T15:40:00,249053000,57.0372,-135.30885,0,36.0,0.2,126,9106302,9HJG9,CELEBRITY MERCURY,16,SITKA
2008-07-25T15:39:40,249053000,57.03718333,-135.3088667,0,38.0,0.2,128,9106302,9HJG9,CELEBRITY MERCURY,16,SITKA
2008-07-25T15:37:40,249053000,57.0372,-135.3088167,0,220.0,0.3,130,9106302,9HJG9,CELEBRITY MERCURY,16,SITKA
2008-07-25T15:37:20,249053000,57.03721667,-135.3087833,0,219.0,0.2,129,9106302,9HJG9,CELEBRITY MERCURY,16,SITKA
2008-07-25T15:37:00,249053000,57.03723333,-135.30875,0,219.0,0.1,129,9106302,9HJG9,CELEBRITY MERCURY,16,SITKA
2008-07-25T15:36:40,249053000,57.03725,-135.30875,0,128.0,0.0,128,9106302,9HJG9,CELEBRITY MERCURY,16,SITKA
2008-07-25T15:36:20,249053000,57.03726667,-135.30875,0,128.0,0.0,128,9106302,9HJG9,CELEBRITY MERCURY,16,SITKA
2008-07-25T15:36:00,249053000,57.03726667,-135.3087667,0,81.9,0.1,127,9106302,9HJG9,CELEBRITY MERCURY,16,SITKA
2008-07-25T15:35:40,249053000,57.03725,-135.3087833,0,64.5,0.2,128,9106302,9HJG9,CELEBRITY MERCURY,16,SITKA
2008-07-25T15:35:00,249053000,57.03725,-135.3088667,0,83.9,0.1,129,9106302,9HJG9,CELEBRITY MERCURY,16,SITKA
2008-07-25T15:34:35,249053000,57.03725,-135.30895,0,0.0,0.0,0,9106302,9HJG9,CELEBRITY MERCURY,16,SITKA
2008-07-25T15:34:00,249053000,57.03725,-135.30895,0,131.0,0.1,131,9106302,9HJG9,CELEBRITY MERCURY,16,SITKA
2008-07-25T15:33:40,249053000,57.03726667,-135.30895,0,132.0,0.1,132,9106302,9HJG9,CELEBRITY MERCURY,16,SITKA
2008-07-25T15:33:20,249053000,57.03728333,-135.30895,0,133.0,0.1,133,9106302,9HJG9,CELEBRITY MERCURY,16,SITKA
2008-07-25T15:33:00,249053000,57.03728333,-135.3089667,0,134.0,0.0,134,9106302,9HJG9,CELEBRITY MERCURY,16,SITKA
2008-07-25T15:31:40,249053000,57.0373,-135.309,0,52.0,0.2,142,9106302,9HJG9,CELEBRITY MERCURY,16,SITKA
2008-07-25T15:31:19,249053000,57.03728333,-135.3090333,0,56.0,0.1,145,9106302,9HJG9,CELEBRITY MERCURY,16,SITKA
2008-07-25T15:30:00,249053000,57.03731667,-135.3089333,0,252.4,0.6,153,9106302,9HJG9,CELEBRITY MERCURY,16,SITKA
2008-07-25T15:29:19,249053000,57.03735,-135.3087167,0,253.3,0.5,152,9106302,9HJG9,CELEBRITY MERCURY,16,SITKA
2008-07-25T15:29:00,249053000,57.03736667,-135.3086167,0,253.3,0.5,152,9106302,9HJG9,CELEBRITY MERCURY,16,SITKA
2008-07-25T15:28:40,249053000,57.03738333,-135.3085333,0,256.0,0.4,152,9106302,9HJG9,CELEBRITY MERCURY,16,SITKA
2008-07-25T15:28:37,249053000,57.03738333,-135.30845,0,0.0,0.0,0,9106302,9HJG9,CELEBRITY MERCURY,16,SITKA
2008-07-25T15:28:19,249053000,57.03738333,-135.30845,0,286.9,0.1,152,9106302,9HJG9,CELEBRITY MERCURY,16,SITKA
2008-07-25T15:27:59,249053000,57.03736667,-135.3084167,0,332.0,0.2,152,9106302,9HJG9,CELEBRITY MERCURY,16,SITKA
2008-07-25T15:27:40,249053000,57.03735,-135.3084,0,306.4,0.2,153,9106302,9HJG9,CELEBRITY MERCURY,16,SITKA
2008-07-25T15:27:20,249053000,57.03733333,-135.3083667,0,334.0,0.2,154,9106302,9HJG9,CELEBRITY MERCURY,16,SITKA
2008-07-25T15:26:59,249053000,57.03731667,-135.30835,0,334.0,0.2,154,9106302,9HJG9,CELEBRITY MERCURY,16,SITKA
2008-07-25T15:26:40,249053000,57.03728333,-135.3083167,0,307.4,0.2,154,9106302,9HJG9,CELEBRITY MERCURY,16,SITKA
2008-07-25T15:26:19,249053000,57.03726667,-135.3082667,0,271.5,0.2,155,9106302,9HJG9,CELEBRITY MERCURY,16,SITKA
2008-07-25T15:25:59,249053000,57.03728333,-135.3082333,0,218.4,0.2,155,9106302,9HJG9,CELEBRITY MERCURY,16,SITKA
2008-07-25T15:25:40,249053000,57.03726667,-135.3082167,0,201.0,0.4,156,9106302,9HJG9,CELEBRITY MERCURY,16,SITKA
2008-07-25T15:25:19,249053000,57.03731667,-135.3082167,0,190.6,0.4,157,9106302,9HJG9,CELEBRITY MERCURY,16,SITKA
2008-07-25T15:24:59,249053000,57.03735,-135.3082,0,176.4,0.3,158,9106302,9HJG9,CELEBRITY MERCURY,16,SITKA
2008-07-25T15:24:40,249053000,57.03738333,-135.3082,0,185.5,0.4,159,9106302,9HJG9,CELEBRITY MERCURY,16,SITKA
2008-07-25T15:24:20,249053000,57.03743333,-135.3082,0,196.8,0.5,160,9106302,9HJG9,CELEBRITY MERCURY,16,SITKA
2008-07-25T15:23:59,249053000,57.03748333,-135.30815,0,206.0,0.6,161,9106302,9HJG9,CELEBRITY MERCURY,16,SITKA
2008-07-25T15:23:40,249053000,57.03753333,-135.3081333,0,218.3,0.7,162,9106302,9HJG9,CELEBRITY MERCURY,16,SITKA
2008-07-25T15:23:20,249053000,57.03758333,-135.30805,0,220.3,0.7,163,9106302,9HJG9,CELEBRITY MERCURY,16,SITKA
2008-07-25T15:23:01,249053000,57.03765,-135.3079833,0,225.2,0.8,165,9106302,9HJG9,CELEBRITY MERCURY,16,SITKA
2008-07-25T15:22:40,249053000,57.0377,-135.3078667,0,232.8,0.8,166,9106302,9HJG9,CELEBRITY MERCURY,16,SITKA
2008-07-25T15:22:36,249053000,57.03775,-135.30775,0,0.0,0.0,0,9106302,9HJG9,CELEBRITY MERCURY,16,SITKA
2008-07-25T15:22:20,249053000,57.03775,-135.30775,0,233.8,0.8,167,9106302,9HJG9,CELEBRITY MERCURY,16,SITKA
2008-07-25T15:22:01,249053000,57.0378,-135.30765,0,228.2,0.8,168,9106302,9HJG9,CELEBRITY MERCURY,16,SITKA
2008-07-25T15:21:39,249053000,57.03786667,-135.3075333,0,229.2,0.8,169,9106302,9HJG9,CELEBRITY MERCURY,16,SITKA
2008-07-25T15:21:20,249053000,57.0379,-135.30745,0,230.2,0.8,170,9106302,9HJG9,CELEBRITY MERCURY,16,SITKA
2008-07-25T15:21:01,249053000,57.03793333,-135.30735,0,238.8,0.8,171,9106302,9HJG9,CELEBRITY MERCURY,16,SITKA
2008-07-25T15:20:39,249053000,57.03798333,-135.3072167,0,239.8,0.8,173,9106302,9HJG9,CELEBRITY MERCURY,16,SITKA
2008-07-25T15:20:20,249053000,57.03801667,-135.3070833,0,240.8,0.8,174,9106302,9HJG9,CELEBRITY MERCURY,16,SITKA
2008-07-25T15:20:01,249053000,57.03805,-135.3069833,0,240.8,0.8,174,9106302,9HJG9,CELEBRITY MERCURY,16,SITKA
2008-07-25T15:19:39,249053000,57.03808333,-135.3068333,0,256.5,0.6,176,9106302,9HJG9,CELEBRITY MERCURY,16,SITKA
2008-07-25T15:19:01,249053000,57.03811667,-135.3066167,0,246.1,0.5,178,9106302,9HJG9,CELEBRITY MERCURY,16,SITKA
2008-07-25T15:18:39,249053000,57.03813333,-135.3065333,0,255.9,0.4,180,9106302,9HJG9,CELEBRITY MERCURY,16,SITKA
2008-07-25T15:18:21,249053000,57.03813333,-135.30645,0,245.4,0.4,182,9106302,9HJG9,CELEBRITY MERCURY,16,SITKA
2008-07-25T15:18:01,249053000,57.03815,-135.3063667,0,247.4,0.4,184,9106302,9HJG9,CELEBRITY MERCURY,16,SITKA
2008-07-25T15:17:39,249053000,57.03816667,-135.3062667,0,261.9,0.4,186,9106302,9HJG9,CELEBRITY MERCURY,16,SITKA
2008-07-25T15:16:35,249053000,57.03818333,-135.3059167,0,0.0,0.0,0,9106302,9HJG9,CELEBRITY MERCURY,16,SITKA
2008-07-25T15:15:39,249053000,57.03818333,-135.3059167,0,275.5,0.3,204,9106302,9HJG9,CELEBRITY MERCURY,16,SITKA
2008-07-25T15:15:21,249053000,57.03818333,-135.3058667,0,252.0,0.3,207,9106302,9HJG9,CELEBRITY MERCURY,16,SITKA
2008-07-25T15:14:59,249053000,57.03818333,-135.3058,0,267.3,0.4,211,9106302,9HJG9,CELEBRITY MERCURY,16,SITKA
2008-07-25T15:14:39,249053000,57.0382,-135.3057167,0,260.0,0.3,214,9106302,9HJG9,CELEBRITY MERCURY,16,SITKA
2008-07-25T15:14:21,249053000,57.0382,-135.3056667,0,274.3,0.4,218,9106302,9HJG9,CELEBRITY MERCURY,16,SITKA
2008-07-25T15:13:59,249053000,57.03818333,-135.3056,0,296.9,0.4,221,9106302,9HJG9,CELEBRITY MERCURY,16,SITKA
2008-07-25T15:13:39,249053000,57.03816667,-135.30555,0,300.9,0.4,225,9106302,9HJG9,CELEBRITY MERCURY,16,SITKA
2008-07-25T15:13:21,249053000,57.03813333,-135.3054833,0,318.0,0.3,228,9106302,9HJG9,CELEBRITY MERCURY,16,SITKA
2008-07-25T15:12:59,249053000,57.0381,-135.3054667,0,336.0,0.4,232,9106302,9HJG9,CELEBRITY MERCURY,16,SITKA
2008-07-25T15:12:39,249053000,57.03806667,-135.3054667,0,337.3,0.5,236,9106302,9HJG9,CELEBRITY MERCURY,16,SITKA
2008-07-25T15:12:21,249053000,57.038,-135.3054167,0,340.3,1.0,239,9106302,9HJG9,CELEBRITY MERCURY,16,SITKA
2008-07-25T15:11:59,249053000,57.03788333,-135.3053667,0,347.6,1.0,241,9106302,9HJG9,CELEBRITY MERCURY,16,SITKA
2008-07-25T15:11:39,249053000,57.03778333,-135.3053333,0,355.9,1.0,242,9106302,9HJG9,CELEBRITY MERCURY,16,SITKA
2008-07-25T15:10:39,249053000,57.0376,-135.3053667,0,88.4,0.3,250,9106302,9HJG9,CELEBRITY MERCURY,16,SITKA
2008-07-25T15:10:32,249053000,57.03761667,-135.30545,0,0.0,0.0,0,9106302,9HJG9,CELEBRITY MERCURY,16,SITKA
2008-07-25T15:10:01,249053000,57.03761667,-135.30545,0,80.0,0.1,260,9106302,9HJG9,CELEBRITY MERCURY,16,SITKA
2008-07-25T15:09:40,249053000,57.0376,-135.3054667,0,20.5,0.2,264,9106302,9HJG9,CELEBRITY MERCURY,16,SITKA
2008-07-25T15:09:21,249053000,57.03758333,-135.3054833,0,177.0,0.1,266,9106302,9HJG9,CELEBRITY MERCURY,16,SITKA
2008-07-25T15:09:01,249053000,57.03758333,-135.3054833,0,270.0,0.0,270,9106302,9HJG9,CELEBRITY MERCURY,16,SITKA
2008-07-25T15:08:40,249053000,57.03758333,-135.3055,0,4.0,0.3,274,9106302,9HJG9,CELEBRITY MERCURY,16,SITKA
2008-07-25T15:08:01,249053000,57.03751667,-135.3055333,0,187.0,0.1,277,9106302,9HJG9,CELEBRITY MERCURY,16,SITKA
2008-07-25T15:07:40,249053000,57.03753333,-135.30555,0,36.5,0.2,280,9106302,9HJG9,CELEBRITY MERCURY,16,SITKA
2008-07-25T15:07:19,249053000,57.0375,-135.3055833,0,21.4,0.6,282,9106302,9HJG9,CELEBRITY MERCURY,16,SITKA
2008-07-25T15:07:01,249053000,57.03743333,-135.3056333,0,26.0,0.8,282,9106302,9HJG9,CELEBRITY MERCURY,16,SITKA
2008-07-25T15:06:33,249053000,57.03735,-135.3057333,0,54.9,0.4,280,9106302,9HJG9,CELEBRITY MERCURY,16,SITKA
2008-07-25T15:06:19,249053000,57.03733333,-135.3057833,0,126.5,0.4,280,9106302,9HJG9,CELEBRITY MERCURY,16,SITKA
2008-07-25T15:06:13,249053000,57.03733333,-135.3058,0,152.3,0.6,281,9106302,9HJG9,CELEBRITY MERCURY,16,SITKA
2008-07-25T15:06:07,249053000,57.03733333,-135.3058167,0,168.8,0.8,282,9106302,9HJG9,CELEBRITY MERCURY,16,SITKA
2008-07-25T15:05:46,249053000,57.03745,-135.30585,0,178.0,1.2,288,9106302,9HJG9,CELEBRITY MERCURY,16,SITKA
2008-07-25T15:05:19,249053000,57.0376,-135.3058333,0,168.3,0.6,297,9106302,9HJG9,CELEBRITY MERCURY,16,SITKA
2008-07-25T15:05:00,249053000,57.03765,-135.30585,0,155.6,0.4,301,9106302,9HJG9,CELEBRITY MERCURY,16,SITKA
2008-07-25T15:04:34,249053000,57.0377,-135.3059833,0,0.0,0.0,0,9106302,9HJG9,CELEBRITY MERCURY,16,SITKA
2008-07-25T15:04:19,249053000,57.0377,-135.3059833,0,75.6,0.6,307,9106302,9HJG9,CELEBRITY MERCURY,16,SITKA
2008-07-25T15:03:40,249053000,57.03763333,-135.30625,0,75.6,0.6,307,9106302,9HJG9,CELEBRITY MERCURY,16,SITKA
2008-07-25T15:03:19,249053000,57.03761667,-135.3063833,0,141.0,0.4,307,9106302,9HJG9,CELEBRITY MERCURY,16,SITKA
2008-07-25T15:03:00,249053000,57.03765,-135.3064333,0,174.0,0.6,309,9106302,9HJG9,CELEBRITY MERCURY,16,SITKA
2008-07-25T15:01:40,249053000,57.03781667,-135.3065167,0,68.6,1.0,322,9106302,9HJG9,CELEBRITY MERCURY,16,SITKA
2008-07-25T15:01:19,249053000,57.03778333,-135.3067167,0,66.6,1.0,320,9106302,9HJG9,CELEBRITY MERCURY,16,SITKA
2008-07-25T15:00:40,249053000,57.03771667,-135.307,0,84.8,0.5,318,9106302,9HJG9,CELEBRITY MERCURY,16,SITKA
2008-07-25T15:00:00,249053000,57.03773333,-135.3070833,0,187.0,0.4,322,9106302,9HJG9,CELEBRITY MERCURY,16,SITKA
2008-07-25T14:59:40,249053000,57.03778333,-135.3070667,0,209.4,0.4,326,9106302,9HJG9,CELEBRITY MERCURY,16,SITKA
2008-07-25T14:59:20,249053000,57.0378,-135.3070333,0,150.0,0.2,330,9106302,9HJG9,CELEBRITY MERCURY,16,SITKA
2008-07-25T14:59:00,249053000,57.0378,-135.30705,0,63.0,0.3,333,9106302,9HJG9,CELEBRITY MERCURY,16,SITKA
2008-07-25T14:58:40,249053000,57.03778333,-135.3071333,0,38.4,0.2,335,9106302,9HJG9,CELEBRITY MERCURY,16,SITKA
2008-07-25T14:58:34,249053000,57.0378,-135.30715,0,21.0,0.1,336,9106302,9HJG9,CELEBRITY MERCURY,16,SITKA
2008-07-25T14:58:30,249053000,57.03778333,-135.30715,0,0.0,0.0,0,9106302,9HJG9,CELEBRITY MERCURY,16,SITKA
2008-07-25T14:58:27,249053000,57.03778333,-135.30715,0,317.5,0.3,336,9106302,9HJG9,CELEBRITY MERCURY,16,SITKA
2008-07-25T14:58:20,249053000,57.03778333,-135.3071333,0,300.1,0.5,337,9106302,9HJG9,CELEBRITY MERCURY,16,SITKA
2008-07-25T14:58:14,249053000,57.03776667,-135.3071167,0,300.3,0.6,339,9106302,9HJG9,CELEBRITY MERCURY,16,SITKA
2008-07-25T14:58:07,249053000,57.03776667,-135.3071,0,294.9,0.7,340,9106302,9HJG9,CELEBRITY MERCURY,16,SITKA
2008-07-25T14:58:00,249053000,57.03775,-135.30705,0,296.9,1.0,342,9106302,9HJG9,CELEBRITY MERCURY,16,SITKA
2008-07-25T14:57:54,249053000,57.03773333,-135.3070167,0,298.9,1.0,344,9106302,9HJG9,CELEBRITY MERCURY,16,SITKA
2008-07-25T14:57:47,249053000,57.03771667,-135.3069667,0,300.9,1.0,346,9106302,9HJG9,CELEBRITY MERCURY,16,SITKA
2008-07-25T14:57:41,249053000,57.0377,-135.3069,0,302.9,1.1,348,9106302,9HJG9,CELEBRITY MERCURY,16,SITKA
2008-07-25T14:57:34,249053000,57.03766667,-135.30685,0,304.9,1.3,350,9106302,9HJG9,CELEBRITY MERCURY,16,SITKA
2008-07-25T14:57:27,249053000,57.03765,-135.3067833,0,306.9,1.3,352,9106302,9HJG9,CELEBRITY MERCURY,16,SITKA
2008-07-25T14:57:20,249053000,57.03761667,-135.3067,0,320.0,1.2,355,9106302,9HJG9,CELEBRITY MERCURY,16,SITKA
2008-07-25T14:57:00,249053000,57.03751667,-135.3066,0,330.8,1.4,1,9106302,9HJG9,CELEBRITY MERCURY,16,SITKA
2008-07-25T14:56:53,249053000,57.03748333,-135.30655,0,330.3,1.7,3,9106302,9HJG9,CELEBRITY MERCURY,16,SITKA
2008-07-25T14:56:47,249053000,57.0374,-135.3064667,0,331.4,1.8,4,9106302,9HJG9,CELEBRITY MERCURY,16,SITKA
2008-07-25T14:56:41,249053000,57.03738333,-135.3064667,0,331.8,2.1,6,9106302,9HJG9,CELEBRITY MERCURY,16,SITKA
2008-07-25T14:56:33,249053000,57.03731667,-135.3064,0,332.2,2.0,9,9106302,9HJG9,CELEBRITY MERCURY,16,SITKA
2008-07-25T14:56:27,249053000,57.03726667,-135.3063333,0,338.4,2.2,11,9106302,9HJG9,CELEBRITY MERCURY,16,SITKA
2008-07-25T14:56:20,249053000,57.03718333,-135.3062833,0,344.0,2.2,14,9106302,9HJG9,CELEBRITY MERCURY,16,SITKA
2008-07-25T14:56:00,249053000,57.03698333,-135.3062,0,348.6,2.6,20,9106302,9HJG9,CELEBRITY MERCURY,16,SITKA
2008-07-25T14:55:41,249053000,57.03673333,-135.3061333,0,4.9,2.8,26,9106302,9HJG9,CELEBRITY MERCURY,16,SITKA
2008-07-25T14:54:41,249053000,57.03595,-135.3064,0,18.9,3.3,33,9106302,9HJG9,CELEBRITY MERCURY,16,SITKA
2008-07-25T14:54:20,249053000,57.03561667,-135.3066,0,20.6,3.3,33,9106302,9HJG9,CELEBRITY MERCURY,16,SITKA
2008-07-25T14:54:00,249053000,57.03531667,-135.3068167,0,21.3,3.5,33,9106302,9HJG9,CELEBRITY MERCURY,16,SITKA
2008-07-25T14:53:41,249053000,57.03505,-135.307,0,21.9,3.7,33,9106302,9HJG9,CELEBRITY MERCURY,16,SITKA
2008-07-25T14:53:20,249053000,57.03471667,-135.30725,0,20.7,3.8,33,9106302,9HJG9,CELEBRITY MERCURY,16,SITKA
2008-07-25T14:53:00,249053000,57.03436667,-135.3074833,0,21.4,4.0,33,9106302,9HJG9,CELEBRITY MERCURY,16,SITKA
2008-07-25T14:52:40,249053000,57.03401667,-135.30775,0,22.8,4.0,33,9106302,9HJG9,CELEBRITY MERCURY,16,SITKA
2008-07-25T14:52:32,249053000,57.03366667,-135.3080333,0,0.0,0.0,0,9106302,9HJG9,CELEBRITY MERCURY,16,SITKA
2008-07-25T14:52:20,249053000,57.03366667,-135.3080333,0,23.3,4.2,33,9106302,9HJG9,CELEBRITY MERCURY,16,SITKA
2008-07-25T14:52:00,249053000,57.03331667,-135.3083167,0,23.7,4.4,33,9106302,9HJG9,CELEBRITY MERCURY,16,SITKA
2008-07-25T14:51:40,249053000,57.03295,-135.3086,0,25.2,4.4,33,9106302,9HJG9,CELEBRITY MERCURY,16,SITKA
2008-07-25T14:51:20,249053000,57.03258333,-135.3089167,0,24.1,4.6,33,9106302,9HJG9,CELEBRITY MERCURY,16,SITKA
2008-07-25T14:51:00,249053000,57.03216667,-135.3092667,0,25.5,4.6,33,9106302,9HJG9,CELEBRITY MERCURY,16,SITKA
2008-07-25T14:50:40,249053000,57.0318,-135.3095833,0,25.7,4.7,33,9106302,9HJG9,CELEBRITY MERCURY,16,SITKA
2008-07-25T14:49:40,249053000,57.03056667,-135.3106833,0,28.3,4.9,33,9106302,9HJG9,CELEBRITY MERCURY,16,SITKA
2008-07-25T14:49:20,249053000,57.03018333,-135.3110333,0,27.2,5.0,33,9106302,9HJG9,CELEBRITY MERCURY,16,SITKA
2008-07-25T14:49:00,249053000,57.02973333,-135.3114667,0,27.4,5.1,33,9106302,9HJG9,CELEBRITY MERCURY,16,SITKA
2008-07-25T14:48:40,249053000,57.02926667,-135.3119333,0,27.4,5.1,33,9106302,9HJG9,CELEBRITY MERCURY,16,SITKA
2008-07-25T14:48:20,249053000,57.02893333,-135.31225,0,27.5,5.2,33,9106302,9HJG9,CELEBRITY MERCURY,16,SITKA
2008-07-25T14:48:00,249053000,57.02843333,-135.3127333,0,27.7,5.4,33,9106302,9HJG9,CELEBRITY MERCURY,16,SITKA
2008-07-25T14:47:21,249053000,57.02758333,-135.3135333,0,27.9,5.7,33,9106302,9HJG9,CELEBRITY MERCURY,16,SITKA
2008-07-25T14:47:00,249053000,57.02706667,-135.3140333,0,27.0,5.8,33,9106302,9HJG9,CELEBRITY MERCURY,16,SITKA
2008-07-25T14:46:40,249053000,57.02658333,-135.3145,0,26.1,5.8,33,9106302,9HJG9,CELEBRITY MERCURY,16,SITKA
2008-07-25T14:46:34,249053000,57.02615,-135.3149167,0,0.0,0.0,0,9106302,9HJG9,CELEBRITY MERCURY,16,SITKA
2008-07-25T14:46:21,249053000,57.02615,-135.3149167,0,27.3,6.0,34,9106302,9HJG9,CELEBRITY MERCURY,16,SITKA
2008-07-25T14:46:00,249053000,57.0256,-135.3154,0,27.2,6.0,33,9106302,9HJG9,CELEBRITY MERCURY,16,SITKA
2008-07-25T14:45:40,249053000,57.0251,-135.3158667,0,26.5,6.2,33,9106302,9HJG9,CELEBRITY MERCURY,16,SITKA
2008-07-25T14:45:21,249053000,57.0246,-135.3163333,0,26.7,6.4,33,9106302,9HJG9,CELEBRITY MERCURY,16,SITKA
2008-07-25T14:44:40,249053000,57.02351667,-135.3173667,0,28.7,6.7,33,9106302,9HJG9,CELEBRITY MERCURY,16,SITKA
2008-07-25T14:44:21,249053000,57.023,-135.3179,0,28.1,7.0,33,9106302,9HJG9,CELEBRITY MERCURY,16,SITKA
2008-07-25T14:44:00,249053000,57.02233333,-135.3185833,0,29.7,7.1,33,9106302,9HJG9,CELEBRITY MERCURY,16,SITKA
2008-07-25T14:43:21,249053000,57.02125,-135.3197333,0,31.5,7.0,34,9106302,9HJG9,CELEBRITY MERCURY,16,SITKA
2008-07-25T14:43:00,249053000,57.02065,-135.3203833,0,35.3,7.0,37,9106302,9HJG9,CELEBRITY MERCURY,16,SITKA
2008-07-25T14:42:54,249053000,57.02051667,-135.3205833,0,36.3,6.9,38,9106302,9HJG9,CELEBRITY MERCURY,16,SITKA
2008-07-25T14:42:48,249053000,57.02033333,-135.3208333,0,38.1,7.0,39,9106302,9HJG9,CELEBRITY MERCURY,16,SITKA
2008-07-25T14:42:40,249053000,57.02016667,-135.3210167,0,38.3,7.0,40,9106302,9HJG9,CELEBRITY MERCURY,16,SITKA
2008-07-25T14:42:34,249053000,57.01998333,-135.3212833,0,39.3,7.1,41,9106302,9HJG9,CELEBRITY MERCURY,16,SITKA
2008-07-25T14:42:27,249053000,57.01983333,-135.3215167,0,41.3,7.1,43,9106302,9HJG9,CELEBRITY MERCURY,16,SITKA
2008-07-25T14:42:21,249053000,57.01965,-135.3217833,0,42.5,7.1,45,9106302,9HJG9,CELEBRITY MERCURY,16,SITKA
2008-07-25T14:42:14,249053000,57.01948333,-135.3220667,0,44.6,7.2,47,9106302,9HJG9,CELEBRITY MERCURY,16,SITKA
2008-07-25T14:42:07,249053000,57.01933333,-135.3223167,0,47.4,7.3,49,9106302,9HJG9,CELEBRITY MERCURY,16,SITKA
2008-07-25T14:42:00,249053000,57.01913333,-135.3227,0,49.6,7.3,51,9106302,9HJG9,CELEBRITY MERCURY,16,SITKA
2008-07-25T14:41:54,249053000,57.01898333,-135.3230167,0,51.6,7.4,53,9106302,9HJG9,CELEBRITY MERCURY,16,SITKA
2008-07-25T14:41:47,249053000,57.01878333,-135.32345,0,55.2,7.5,56,9106302,9HJG9,CELEBRITY MERCURY,16,SITKA
2008-07-25T14:41:40,249053000,57.01868333,-135.3237167,0,56.7,7.5,59,9106302,9HJG9,CELEBRITY MERCURY,16,SITKA
2008-07-25T14:41:34,249053000,57.01858333,-135.32395,0,58.7,7.5,61,9106302,9HJG9,CELEBRITY MERCURY,16,SITKA
2008-07-25T14:41:28,249053000,57.01846667,-135.32435,0,61.7,7.6,64,9106302,9HJG9,CELEBRITY MERCURY,16,SITKA
2008-07-25T14:41:21,249053000,57.01835,-135.3246667,0,64.0,7.7,67,9106302,9HJG9,CELEBRITY MERCURY,16,SITKA
2008-07-25T14:41:00,249053000,57.01803333,-135.3260167,0,72.1,7.9,74,9106302,9HJG9,CELEBRITY MERCURY,16,SITKA
2008-07-25T14:40:40,249053000,57.01781667,-135.3272167,0,77.8,8.0,80,9106302,9HJG9,CELEBRITY MERCURY,16,SITKA
2008-07-25T14:40:32,249053000,57.01766667,-135.32855,0,0.0,0.0,0,9106302,9HJG9,CELEBRITY MERCURY,16,SITKA
2008-07-25T14:40:21,249053000,57.01766667,-135.32855,0,81.1,8.1,84,9106302,9HJG9,CELEBRITY MERCURY,16,SITKA
2008-07-25T14:39:40,249053000,57.01746667,-135.3313833,0,82.1,8.1,85,9106302,9HJG9,CELEBRITY MERCURY,16,SITKA
2008-07-25T14:39:21,249053000,57.01736667,-135.33265,0,83.5,8.1,85,9106302,9HJG9,CELEBRITY MERCURY,16,SITKA
2008-07-25T14:38:59,249053000,57.01726667,-135.3341833,0,82.8,8.1,85,9106302,9HJG9,CELEBRITY MERCURY,16,SITKA
2008-07-25T14:38:40,249053000,57.01718333,-135.3354667,0,82.8,8.1,85,9106302,9HJG9,CELEBRITY MERCURY,16,SITKA
2008-07-25T14:38:21,249053000,57.01706667,-135.3370333,0,82.8,8.1,85,9106302,9HJG9,CELEBRITY MERCURY,16,SITKA
2008-07-25T14:37:40,249053000,57.01688333,-135.3397667,0,83.5,8.1,85,9106302,9HJG9,CELEBRITY MERCURY,16,SITKA
2008-07-25T14:37:21,249053000,57.01681667,-135.3409167,0,83.5,8.0,85,9106302,9HJG9,CELEBRITY MERCURY,16,SITKA
2008-07-25T14:36:21,249053000,57.01656667,-135.3452333,0,84.8,8.0,87,9106302,9HJG9,CELEBRITY MERCURY,16,SITKA
2008-07-25T14:35:59,249053000,57.0165,-135.3464833,0,85.8,8.0,88,9106302,9HJG9,CELEBRITY MERCURY,16,SITKA
2008-07-25T14:35:40,249053000,57.01643333,-135.3478,0,85.8,8.0,88,9106302,9HJG9,CELEBRITY MERCURY,16,SITKA
2008-07-25T14:34:59,249053000,57.0163,-135.3505167,0,84.1,8.0,87,9106302,9HJG9,CELEBRITY MERCURY,16,SITKA
2008-07-25T14:34:40,249053000,57.01625,-135.3518,0,84.8,8.0,87,9106302,9HJG9,CELEBRITY MERCURY,16,SITKA
2008-07-25T14:34:20,249053000,57.01616667,-135.3532333,0,84.1,8.0,87,9106302,9HJG9,CELEBRITY MERCURY,16,SITKA
2008-07-25T14:33:59,249053000,57.0161,-135.3546,0,84.8,8.1,87,9106302,9HJG9,CELEBRITY MERCURY,16,SITKA
2008-07-25T14:33:40,249053000,57.01601667,-135.3558833,0,84.8,8.1,87,9106302,9HJG9,CELEBRITY MERCURY,16,SITKA
2008-07-25T14:33:20,249053000,57.01595,-135.3573167,0,84.8,8.1,87,9106302,9HJG9,CELEBRITY MERCURY,16,SITKA
2008-07-25T14:32:59,249053000,57.01588333,-135.35875,0,84.8,8.1,87,9106302,9HJG9,CELEBRITY MERCURY,16,SITKA
2008-07-25T14:32:40,249053000,57.01581667,-135.3601,0,84.8,8.1,87,9106302,9HJG9,CELEBRITY MERCURY,16,SITKA
2008-07-25T14:32:20,249053000,57.01575,-135.3614667,0,84.2,8.2,87,9106302,9HJG9,CELEBRITY MERCURY,16,SITKA
2008-07-25T14:31:59,249053000,57.01566667,-135.36285,0,84.2,8.2,87,9106302,9HJG9,CELEBRITY MERCURY,16,SITKA
2008-07-25T14:31:40,249053000,57.0156,-135.36415,0,84.2,8.2,87,9106302,9HJG9,CELEBRITY MERCURY,16,SITKA
2008-07-25T14:31:20,249053000,57.01551667,-135.3655167,0,83.5,8.2,87,9106302,9HJG9,CELEBRITY MERCURY,16,SITKA
2008-07-25T14:30:41,249053000,57.01536667,-135.3683,0,83.5,8.2,87,9106302,9HJG9,CELEBRITY MERCURY,16,SITKA
2008-07-25T14:30:20,249053000,57.01528333,-135.36975,0,83.5,8.3,87,9106302,9HJG9,CELEBRITY MERCURY,16,SITKA
2008-07-25T14:29:59,249053000,57.01518333,-135.3712167,0,83.5,8.3,87,9106302,9HJG9,CELEBRITY MERCURY,16,SITKA
2008-07-25T14:29:41,249053000,57.01508333,-135.3728167,0,83.5,8.3,87,9106302,9HJG9,CELEBRITY MERCURY,16,SITKA
2008-07-25T14:29:20,249053000,57.01501667,-135.3739167,0,83.5,8.3,87,9106302,9HJG9,CELEBRITY MERCURY,16,SITKA
2008-07-25T14:28:59,249053000,57.01491667,-135.3755,0,83.5,8.3,87,9106302,9HJG9,CELEBRITY MERCURY,16,SITKA
2008-07-25T14:28:41,249053000,57.01485,-135.37675,0,82.8,8.3,87,9106302,9HJG9,CELEBRITY MERCURY,16,SITKA
2008-07-25T14:28:26,249053000,57.01476667,-135.37815,0,0.0,0.0,0,9106302,9HJG9,CELEBRITY MERCURY,16,SITKA
2008-07-25T14:28:20,249053000,57.01476667,-135.37815,0,82.9,8.4,87,9106302,9HJG9,CELEBRITY MERCURY,16,SITKA
2008-07-25T14:27:59,249053000,57.01465,-135.3797167,0,82.8,8.3,87,9106302,9HJG9,CELEBRITY MERCURY,16,SITKA
2008-07-25T14:27:41,249053000,57.01456667,-135.38095,0,82.8,8.3,87,9106302,9HJG9,CELEBRITY MERCURY,16,SITKA
2008-07-25T14:27:20,249053000,57.01446667,-135.3824333,0,82.8,8.3,87,9106302,9HJG9,CELEBRITY MERCURY,16,SITKA
2008-07-25T14:26:59,249053000,57.01436667,-135.3839167,0,82.2,8.4,87,9106302,9HJG9,CELEBRITY MERCURY,16,SITKA
2008-07-25T14:26:41,249053000,57.01428333,-135.3853167,0,82.2,8.4,87,9106302,9HJG9,CELEBRITY MERCURY,16,SITKA
2008-07-25T14:26:20,249053000,57.01416667,-135.3866667,0,80.2,8.5,85,9106302,9HJG9,CELEBRITY MERCURY,16,SITKA
2008-07-25T14:25:59,249053000,57.01403333,-135.38825,0,80.3,8.6,85,9106302,9HJG9,CELEBRITY MERCURY,16,SITKA
2008-07-25T14:25:41,249053000,57.01391667,-135.3895167,0,81.0,8.6,85,9106302,9HJG9,CELEBRITY MERCURY,16,SITKA
2008-07-25T14:25:20,249053000,57.01376667,-135.3911,0,79.7,8.7,85,9106302,9HJG9,CELEBRITY MERCURY,16,SITKA
2008-07-25T14:24:59,249053000,57.01365,-135.3925,0,80.3,8.7,85,9106302,9HJG9,CELEBRITY MERCURY,16,SITKA
2008-07-25T14:24:41,249053000,57.01353333,-135.3938,0,80.5,8.9,85,9106302,9HJG9,CELEBRITY MERCURY,16,SITKA
2008-07-25T14:24:20,249053000,57.01338333,-135.3954833,0,81.1,9.0,85,9106302,9HJG9,CELEBRITY MERCURY,16,SITKA
2008-07-25T14:23:59,249053000,57.01321667,-135.3973667,0,81.2,9.2,85,9106302,9HJG9,CELEBRITY MERCURY,16,SITKA
2008-07-25T14:23:41,249053000,57.01311667,-135.3984833,0,81.3,9.3,85,9106302,9HJG9,CELEBRITY MERCURY,16,SITKA
2008-07-25T14:23:20,249053000,57.01298333,-135.40005,0,81.3,9.4,85,9106302,9HJG9,CELEBRITY MERCURY,16,SITKA
2008-07-25T14:22:59,249053000,57.01286667,-135.40165,0,81.4,9.8,85,9106302,9HJG9,CELEBRITY MERCURY,16,SITKA
2008-07-25T14:22:41,249053000,57.01273333,-135.4032333,0,81.6,10.1,85,9106302,9HJG9,CELEBRITY MERCURY,16,SITKA
2008-07-25T14:22:28,249053000,57.01258333,-135.4051,0,0.0,0.0,0,9106302,9HJG9,CELEBRITY MERCURY,16,SITKA
2008-07-25T14:22:20,249053000,57.01258333,-135.4051,0,82.2,10.4,85,9106302,9HJG9,CELEBRITY MERCURY,16,SITKA
2008-07-25T14:21:59,249053000,57.01243333,-135.407,0,82.3,10.9,85,9106302,9HJG9,CELEBRITY MERCURY,16,SITKA
2008-07-25T14:21:41,249053000,57.01228333,-135.4089167,0,82.4,11.3,85,9106302,9HJG9,CELEBRITY MERCURY,16,SITKA
2008-07-25T14:21:20,249053000,57.01215,-135.4106167,0,82.4,11.3,85,9106302,9HJG9,CELEBRITY MERCURY,16,SITKA
2008-07-25T14:20:59,249053000,57.012,-135.41265,0,81.9,11.2,85,9106302,9HJG9,CELEBRITY MERCURY,16,SITKA
2008-07-25T14:20:20,249053000,57.01171667,-135.4162833,0,81.9,11.2,85,9106302,9HJG9,CELEBRITY MERCURY,16,SITKA
2008-07-25T14:19:59,249053000,57.01156667,-135.41825,0,82.4,11.2,85,9106302,9HJG9,CELEBRITY MERCURY,16,SITKA
2008-07-25T14:19:41,249053000,57.01145,-135.4199,0,82.9,11.2,85,9106302,9HJG9,CELEBRITY MERCURY,16,SITKA
2008-07-25T14:19:20,249053000,57.0113,-135.422,0,83.4,11.2,86,9106302,9HJG9,CELEBRITY MERCURY,16,SITKA
2008-07-25T14:18:59,249053000,57.01116667,-135.4238667,0,84.9,11.1,87,9106302,9HJG9,CELEBRITY MERCURY,16,SITKA
2008-07-25T14:18:40,249053000,57.01106667,-135.4257333,0,83.9,11.1,88,9106302,9HJG9,CELEBRITY MERCURY,16,SITKA
2008-07-25T14:18:20,249053000,57.01098333,-135.4275167,0,83.9,11.1,87,9106302,9HJG9,CELEBRITY MERCURY,16,SITKA
2008-07-25T14:17:59,249053000,57.01085,-135.4296,0,83.3,11.1,87,9106302,9HJG9,CELEBRITY MERCURY,16,SITKA
2008-07-25T14:17:20,249053000,57.0106,-135.4332167,0,83.3,11.0,88,9106302,9HJG9,CELEBRITY MERCURY,16,SITKA
2008-07-25T14:16:59,249053000,57.0105,-135.4352667,0,83.3,11.0,87,9106302,9HJG9,CELEBRITY MERCURY,16,SITKA
2008-07-25T14:16:40,249053000,57.0104,-135.43695,0,83.8,10.9,87,9106302,9HJG9,CELEBRITY MERCURY,16,SITKA
2008-07-25T14:16:20,249053000,57.0103,-135.43875,0,82.8,10.9,87,9106302,9HJG9,CELEBRITY MERCURY,16,SITKA
2008-07-25T14:15:59,249053000,57.01013333,-135.4407333,0,82.3,11.0,86,9106302,9HJG9,CELEBRITY MERCURY,16,SITKA
2008-07-25T14:15:20,249053000,57.00983333,-135.44435,0,82.3,10.8,85,9106302,9HJG9,CELEBRITY MERCURY,16,SITKA
2008-07-25T14:14:59,249053000,57.0097,-135.4462,0,80.7,10.7,85,9106302,9HJG9,CELEBRITY MERCURY,16,SITKA
2008-07-25T14:14:40,249053000,57.00953333,-135.4479667,0,81.2,10.6,85,9106302,9HJG9,CELEBRITY MERCURY,16,SITKA
2008-07-25T14:14:20,249053000,57.0094,-135.4496667,0,80.1,10.6,85,9106302,9HJG9,CELEBRITY MERCURY,16,SITKA
2008-07-25T14:13:59,249053000,57.00923333,-135.4516333,0,79.5,10.5,85,9106302,9HJG9,CELEBRITY MERCURY,16,SITKA
2008-07-25T14:13:44,249053000,57.0091,-135.4529667,0,80.0,10.4,85,9106302,9HJG9,CELEBRITY MERCURY,16,SITKA
2008-07-25T14:13:40,249053000,57.00908333,-135.4533667,0,80.0,10.4,85,9106302,9HJG9,CELEBRITY MERCURY,16,SITKA
2008-07-25T14:13:32,249053000,57.00903333,-135.4538833,0,80.5,10.3,85,9106302,9HJG9,CELEBRITY MERCURY,16,SITKA
2008-07-25T14:13:20,249053000,57.00891667,-135.455,0,79.4,10.1,84,9106302,9HJG9,CELEBRITY MERCURY,16,SITKA
2008-07-25T14:13:08,249053000,57.0088,-135.4561167,0,77.9,10.1,83,9106302,9HJG9,CELEBRITY MERCURY,16,SITKA
2008-07-25T14:12:59,249053000,57.00871667,-135.4568,0,77.3,10.1,83,9106302,9HJG9,CELEBRITY MERCURY,16,SITKA
2008-07-25T14:12:56,249053000,57.00871667,-135.457,0,77.3,10.1,83,9106302,9HJG9,CELEBRITY MERCURY,16,SITKA
2008-07-25T14:12:44,249053000,57.00858333,-135.45805,0,76.5,9.9,83,9106302,9HJG9,CELEBRITY MERCURY,16,SITKA
2008-07-25T14:12:32,249053000,57.00848333,-135.4590167,0,75.5,9.8,82,9106302,9HJG9,CELEBRITY MERCURY,16,SITKA
2008-07-25T14:12:20,249053000,57.00833333,-135.46005,0,73.9,9.8,82,9106302,9HJG9,CELEBRITY MERCURY,16,SITKA
2008-07-25T14:12:08,249053000,57.0082,-135.461,0,72.4,9.9,80,9106302,9HJG9,CELEBRITY MERCURY,16,SITKA
2008-07-25T14:11:56,249053000,57.00801667,-135.4620167,0,70.4,9.9,78,9106302,9HJG9,CELEBRITY MERCURY,16,SITKA
2008-07-25T14:11:44,249053000,57.00786667,-135.46285,0,69.0,9.9,76,9106302,9HJG9,CELEBRITY MERCURY,16,SITKA
2008-07-25T14:11:32,249053000,57.00768333,-135.4637667,0,66.5,10.1,74,9106302,9HJG9,CELEBRITY MERCURY,16,SITKA
2008-07-25T14:11:08,249053000,57.00718333,-135.4657667,0,61.6,10.9,69,9106302,9HJG9,CELEBRITY MERCURY,16,SITKA
2008-07-25T14:10:56,249053000,57.00696667,-135.4666333,0,59.9,11.4,66,9106302,9HJG9,CELEBRITY MERCURY,16,SITKA
2008-07-25T14:10:44,249053000,57.0066,-135.4677,0,57.7,11.9,64,9106302,9HJG9,CELEBRITY MERCURY,16,SITKA
2008-07-25T14:10:30,249053000,57.00588333,-135.4697333,0,0.0,0.0,0,9106302,9HJG9,CELEBRITY MERCURY,16,SITKA
2008-07-25T14:10:20,249053000,57.00588333,-135.4697333,0,56.5,12.7,62,9106302,9HJG9,CELEBRITY MERCURY,16,SITKA
2008-07-25T14:10:08,249053000,57.00533333,-135.47125,0,54.8,13.3,60,9106302,9HJG9,CELEBRITY MERCURY,16,SITKA
2008-07-25T14:09:56,249053000,57.0051,-135.4718667,0,55.4,13.7,60,9106302,9HJG9,CELEBRITY MERCURY,16,SITKA
2008-07-25T14:09:44,249053000,57.00463333,-135.4730833,0,54.9,14.1,59,9106302,9HJG9,CELEBRITY MERCURY,16,SITKA
2008-07-25T14:09:32,249053000,57.00416667,-135.4742333,0,54.5,14.8,58,9106302,9HJG9,CELEBRITY MERCURY,16,SITKA
2008-07-25T14:09:20,249053000,57.00366667,-135.4755333,0,54.2,15.2,58,9106302,9HJG9,CELEBRITY MERCURY,16,SITKA
2008-07-25T14:09:08,249053000,57.0032,-135.4767667,0,54.6,15.5,58,9106302,9HJG9,CELEBRITY MERCURY,16,SITKA
2008-07-25T14:08:44,249053000,57.00216667,-135.4794167,0,55.0,15.9,59,9106302,9HJG9,CELEBRITY MERCURY,16,SITKA
2008-07-25T14:08:32,249053000,57.00165,-135.4807167,0,54.7,16.0,58,9106302,9HJG9,CELEBRITY MERCURY,16,SITKA
2008-07-25T14:08:20,249053000,57.00115,-135.48205,0,54.0,16.1,58,9106302,9HJG9,CELEBRITY MERCURY,16,SITKA
2008-07-25T14:08:08,249053000,57.0006,-135.4834667,0,54.1,16.2,59,9106302,9HJG9,CELEBRITY MERCURY,16,SITKA
2008-07-25T14:07:56,249053000,57.00006667,-135.4847333,0,54.8,16.4,58,9106302,9HJG9,CELEBRITY MERCURY,16,SITKA
2008-07-25T14:07:44,249053000,56.9996,-135.4859667,0,53.8,16.4,58,9106302,9HJG9,CELEBRITY MERCURY,16,SITKA
2008-07-25T14:07:32,249053000,56.99903333,-135.4874,0,55.5,16.5,59,9106302,9HJG9,CELEBRITY MERCURY,16,SITKA
2008-07-25T14:07:20,249053000,56.9985,-135.4887333,0,54.5,16.6,58,9106302,9HJG9,CELEBRITY MERCURY,16,SITKA
2008-07-25T14:07:08,249053000,56.99795,-135.4901833,0,54.2,16.7,58,9106302,9HJG9,CELEBRITY MERCURY,16,SITKA
2008-07-25T14:06:44,249053000,56.9969,-135.4929167,0,55.5,16.8,59,9106302,9HJG9,CELEBRITY MERCURY,16,SITKA
2008-07-25T14:06:33,249053000,56.99638333,-135.4943167,0,55.3,17.2,59,9106302,9HJG9,CELEBRITY MERCURY,16,SITKA
2008-07-25T14:06:20,249053000,56.99576667,-135.4959667,0,55.3,17.3,58,9106302,9HJG9,CELEBRITY MERCURY,16,SITKA
2008-07-25T14:05:55,249053000,56.99468333,-135.4988,0,56.0,17.5,59,9106302,9HJG9,CELEBRITY MERCURY,16,SITKA
2008-07-25T14:05:44,249053000,56.99415,-135.5002167,0,54.7,17.5,58,9106302,9HJG9,CELEBRITY MERCURY,16,SITKA
2008-07-25T14:05:33,249053000,56.99368333,-135.5013833,0,55.8,17.9,59,9106302,9HJG9,CELEBRITY MERCURY,16,SITKA
2008-07-25T14:05:20,249053000,56.99308333,-135.503,0,55.7,17.9,58,9106302,9HJG9,CELEBRITY MERCURY,16,SITKA
2008-07-25T14:05:08,249053000,56.99248333,-135.5046,0,54.8,18.0,58,9106302,9HJG9,CELEBRITY MERCURY,16,SITKA
2008-07-25T14:04:55,249053000,56.99191667,-135.5060667,0,55.7,18.0,58,9106302,9HJG9,CELEBRITY MERCURY,16,SITKA
2008-07-25T14:04:44,249053000,56.99138333,-135.50755,0,55.7,17.9,58,9106302,9HJG9,CELEBRITY MERCURY,16,SITKA
2008-07-25T14:04:33,249053000,56.99081667,-135.509,0,55.7,18.0,58,9106302,9HJG9,CELEBRITY MERCURY,16,SITKA
2008-07-25T14:04:27,249053000,56.99015,-135.5108833,0,0.0,0.0,0,9106302,9HJG9,CELEBRITY MERCURY,16,SITKA
2008-07-25T14:04:20,249053000,56.99015,-135.5108833,0,55.7,17.9,58,9106302,9HJG9,CELEBRITY MERCURY,16,SITKA
2008-07-25T14:04:08,249053000,56.98963333,-135.5122167,0,56.0,18.0,58,9106302,9HJG9,CELEBRITY MERCURY,16,SITKA
2008-07-25T14:03:55,249053000,56.98915,-135.5135833,0,56.3,17.9,58,9106302,9HJG9,CELEBRITY MERCURY,16,SITKA
2008-07-25T14:03:44,249053000,56.98858333,-135.5150333,0,56.7,17.9,58,9106302,9HJG9,CELEBRITY MERCURY,16,SITKA
2008-07-25T14:03:33,249053000,56.98801667,-135.51665,0,57.0,18.0,58,9106302,9HJG9,CELEBRITY MERCURY,16,SITKA
2008-07-25T14:03:20,249053000,56.98746667,-135.5182,0,58.0,18.0,59,9106302,9HJG9,CELEBRITY MERCURY,16,SITKA
2008-07-25T14:03:08,249053000,56.98696667,-135.5196833,0,59.0,18.0,60,9106302,9HJG9,CELEBRITY MERCURY,16,SITKA
2008-07-25T14:02:55,249053000,56.98636667,-135.5215167,0,61.6,17.9,62,9106302,9HJG9,CELEBRITY MERCURY,16,SITKA
2008-07-25T14:02:44,249053000,56.9859,-135.52305,0,63.3,18.0,63,9106302,9HJG9,CELEBRITY MERCURY,16,SITKA
2008-07-25T14:02:33,249053000,56.98553333,-135.5243833,0,64.3,18.0,65,9106302,9HJG9,CELEBRITY MERCURY,16,SITKA
2008-07-25T14:02:20,249053000,56.98503333,-135.5262833,0,65.0,18.1,66,9106302,9HJG9,CELEBRITY MERCURY,16,SITKA
2008-07-25T14:02:08,249053000,56.98461667,-135.5279,0,66.4,18.0,68,9106302,9HJG9,CELEBRITY MERCURY,16,SITKA
2008-07-25T14:01:55,249053000,56.98423333,-135.52955,0,66.7,18.0,69,9106302,9HJG9,CELEBRITY MERCURY,16,SITKA
2008-07-25T14:01:20,249053000,56.983,-135.53495,0,67.0,18.0,69,9106302,9HJG9,CELEBRITY MERCURY,16,SITKA
2008-07-25T14:01:08,249053000,56.98263333,-135.5365167,0,67.7,18.0,69,9106302,9HJG9,CELEBRITY MERCURY,16,SITKA
2008-07-25T14:00:56,249053000,56.98226667,-135.53815,0,67.4,18.0,69,9106302,9HJG9,CELEBRITY MERCURY,16,SITKA
2008-07-25T14:00:44,249053000,56.9819,-135.5397833,0,68.4,18.0,70,9106302,9HJG9,CELEBRITY MERCURY,16,SITKA
2008-07-25T14:00:33,249053000,56.98155,-135.5412833,0,68.0,17.9,69,9106302,9HJG9,CELEBRITY MERCURY,16,SITKA
2008-07-25T14:00:20,249053000,56.98115,-135.5431167,0,68.0,18.0,69,9106302,9HJG9,CELEBRITY MERCURY,16,SITKA
2008-07-25T14:00:08,249053000,56.9808,-135.54475,0,68.6,17.9,69,9106302,9HJG9,CELEBRITY MERCURY,16,SITKA
2008-07-25T13:59:44,249053000,56.98008333,-135.5480667,0,68.6,17.9,69,9106302,9HJG9,CELEBRITY MERCURY,16,SITKA
2008-07-25T13:59:32,249053000,56.97968333,-135.55005,0,68.3,18.0,69,9106302,9HJG9,CELEBRITY MERCURY,16,SITKA
2008-07-25T13:59:20,249053000,56.97935,-135.5517167,0,69.6,17.9,69,9106302,9HJG9,CELEBRITY MERCURY,16,SITKA
2008-07-25T13:59:08,249053000,56.97895,-135.5535333,0,68.3,17.9,69,9106302,9HJG9,CELEBRITY MERCURY,16,SITKA
2008-07-25T13:58:56,249053000,56.97858333,-135.5552167,0,68.3,17.9,69,9106302,9HJG9,CELEBRITY MERCURY,16,SITKA
2008-07-25T13:58:44,249053000,56.97823333,-135.5568833,0,68.0,17.8,69,9106302,9HJG9,CELEBRITY MERCURY,16,SITKA
2008-07-25T13:58:32,249053000,56.97786667,-135.5585333,0,69.0,17.8,70,9106302,9HJG9,CELEBRITY MERCURY,16,SITKA
2008-07-25T13:58:21,249053000,56.97751667,-135.5601667,0,0.0,0.0,0,9106302,9HJG9,CELEBRITY MERCURY,16,SITKA
2008-07-25T13:58:20,249053000,56.97751667,-135.5601667,0,67.3,17.8,69,9106302,9HJG9,CELEBRITY MERCURY,16,SITKA
2008-07-25T13:58:08,249053000,56.97715,-135.5618333,0,67.7,17.7,69,9106302,9HJG9,CELEBRITY MERCURY,16,SITKA
2008-07-25T13:57:56,249053000,56.97678333,-135.5634167,0,68.0,17.8,69,9106302,9HJG9,CELEBRITY MERCURY,16,SITKA
2008-07-25T13:57:44,249053000,56.9764,-135.5652333,0,68.3,17.8,70,9106302,9HJG9,CELEBRITY MERCURY,16,SITKA
2008-07-25T13:57:32,249053000,56.97603333,-135.5668667,0,67.7,17.7,70,9106302,9HJG9,CELEBRITY MERCURY,16,SITKA
2008-07-25T13:57:20,249053000,56.97566667,-135.5685167,0,68.3,17.7,70,9106302,9HJG9,CELEBRITY MERCURY,16,SITKA
2008-07-25T13:57:08,249053000,56.9753,-135.5701333,0,67.7,17.8,69,9106302,9HJG9,CELEBRITY MERCURY,16,SITKA
2008-07-25T13:56:56,249053000,56.97491667,-135.5719333,0,68.0,17.8,70,9106302,9HJG9,CELEBRITY MERCURY,16,SITKA
2008-07-25T13:56:44,249053000,56.97456667,-135.5733833,0,68.3,17.8,70,9106302,9HJG9,CELEBRITY MERCURY,16,SITKA
2008-07-25T13:56:32,249053000,56.97416667,-135.5751833,0,68.3,17.7,69,9106302,9HJG9,CELEBRITY MERCURY,16,SITKA
2008-07-25T13:56:20,249053000,56.97368333,-135.57735,0,67.7,17.7,70,9106302,9HJG9,CELEBRITY MERCURY,16,SITKA
2008-07-25T13:56:08,249053000,56.97345,-135.5784167,0,68.0,17.7,70,9106302,9HJG9,CELEBRITY MERCURY,16,SITKA
2008-07-25T13:55:56,249053000,56.97308333,-135.58005,0,68.3,17.5,70,9106302,9HJG9,CELEBRITY MERCURY,16,SITKA
2008-07-25T13:55:44,249053000,56.97266667,-135.5819833,0,67.0,17.5,69,9106302,9HJG9,CELEBRITY MERCURY,16,SITKA
2008-07-25T13:55:32,249053000,56.9723,-135.5836,0,67.3,17.5,70,9106302,9HJG9,CELEBRITY MERCURY,16,SITKA
2008-07-25T13:55:20,249053000,56.9719,-135.5853667,0,68.3,17.7,70,9106302,9HJG9,CELEBRITY MERCURY,16,SITKA
2008-07-25T13:55:08,249053000,56.97155,-135.5868667,0,67.3,17.5,69,9106302,9HJG9,CELEBRITY MERCURY,16,SITKA
2008-07-25T13:54:55,249053000,56.97113333,-135.58875,0,68.3,17.5,70,9106302,9HJG9,CELEBRITY MERCURY,16,SITKA
2008-07-25T13:54:32,249053000,56.97043333,-135.59185,0,67.6,17.5,69,9106302,9HJG9,CELEBRITY MERCURY,16,SITKA
2008-07-25T13:54:20,249053000,56.96998333,-135.5939,0,68.3,17.5,70,9106302,9HJG9,CELEBRITY MERCURY,16,SITKA
2008-07-25T13:54:08,249053000,56.96961667,-135.5955167,0,67.3,17.5,70,9106302,9HJG9,CELEBRITY MERCURY,16,SITKA
2008-07-25T13:53:55,249053000,56.96931667,-135.5968667,0,68.3,17.5,70,9106302,9HJG9,CELEBRITY MERCURY,16,SITKA
2008-07-25T13:53:44,249053000,56.96891667,-135.5986167,0,68.0,17.5,69,9106302,9HJG9,CELEBRITY MERCURY,16,SITKA
2008-07-25T13:53:32,249053000,56.96856667,-135.6002167,0,67.6,17.4,69,9106302,9HJG9,CELEBRITY MERCURY,16,SITKA
2008-07-25T13:53:21,249053000,56.96825,-135.6017,0,67.0,17.3,69,9106302,9HJG9,CELEBRITY MERCURY,16,SITKA
2008-07-25T13:53:08,249053000,56.96783333,-135.6034333,0,68.0,17.4,70,9106302,9HJG9,CELEBRITY MERCURY,16,SITKA
2008-07-25T13:52:55,249053000,56.96748333,-135.60505,0,67.0,17.3,69,9106302,9HJG9,CELEBRITY MERCURY,16,SITKA
2008-07-25T13:52:44,249053000,56.96705,-135.6069167,0,67.0,17.3,69,9106302,9HJG9,CELEBRITY MERCURY,16,SITKA
2008-07-25T13:52:32,249053000,56.96676667,-135.6082167,0,66.6,17.2,69,9106302,9HJG9,CELEBRITY MERCURY,16,SITKA
2008-07-25T13:52:27,249053000,56.96638333,-135.6098167,0,0.0,0.0,0,9106302,9HJG9,CELEBRITY MERCURY,16,SITKA
2008-07-25T13:52:21,249053000,56.96638333,-135.6098167,0,67.3,17.2,70,9106302,9HJG9,CELEBRITY MERCURY,16,SITKA
2008-07-25T13:52:08,249053000,56.96603333,-135.6114,0,67.6,17.2,70,9106302,9HJG9,CELEBRITY MERCURY,16,SITKA
2008-07-25T13:51:55,249053000,56.96556667,-135.6134167,0,66.6,17.2,69,9106302,9HJG9,CELEBRITY MERCURY,16,SITKA
2008-07-25T13:51:44,249053000,56.96523333,-135.6148333,0,67.6,17.3,69,9106302,9HJG9,CELEBRITY MERCURY,16,SITKA
2008-07-25T13:51:32,249053000,56.9649,-135.6163,0,66.6,17.2,70,9106302,9HJG9,CELEBRITY MERCURY,16,SITKA
2008-07-25T13:51:08,249053000,56.96405,-135.6197,0,65.0,17.3,67,9106302,9HJG9,CELEBRITY MERCURY,16,SITKA
2008-07-25T13:50:55,249053000,56.96361667,-135.6214167,0,64.6,17.3,67,9106302,9HJG9,CELEBRITY MERCURY,16,SITKA
2008-07-25T13:50:44,249053000,56.96325,-135.6228,0,65.6,17.3,68,9106302,9HJG9,CELEBRITY MERCURY,16,SITKA
2008-07-25T13:50:32,249053000,56.9629,-135.62425,0,65.6,17.4,68,9106302,9HJG9,CELEBRITY MERCURY,16,SITKA
2008-07-25T13:50:21,249053000,56.96246667,-135.6259833,0,65.0,17.4,67,9106302,9HJG9,CELEBRITY MERCURY,16,SITKA
2008-07-25T13:50:08,249053000,56.96208333,-135.6275667,0,64.6,17.4,67,9106302,9HJG9,CELEBRITY MERCURY,16,SITKA
2008-07-25T13:49:55,249053000,56.96163333,-135.6294,0,65.0,17.4,68,9106302,9HJG9,CELEBRITY MERCURY,16,SITKA
2008-07-25T13:49:44,249053000,56.96128333,-135.6306833,0,65.7,17.5,68,9106302,9HJG9,CELEBRITY MERCURY,16,SITKA
2008-07-25T13:49:32,249053000,56.96088333,-135.6324,0,66.3,17.5,68,9106302,9HJG9,CELEBRITY MERCURY,16,SITKA
2008-07-25T13:49:20,249053000,56.96045,-135.63415,0,65.7,17.5,68,9106302,9HJG9,CELEBRITY MERCURY,16,SITKA
2008-07-25T13:49:08,249053000,56.96006667,-135.6356,0,66.0,17.5,68,9106302,9HJG9,CELEBRITY MERCURY,16,SITKA
2008-07-25T13:48:55,249053000,56.9596,-135.6376167,0,66.3,17.5,68,9106302,9HJG9,CELEBRITY MERCURY,16,SITKA
2008-07-25T13:48:44,249053000,56.95928333,-135.6389167,0,65.7,17.5,68,9106302,9HJG9,CELEBRITY MERCURY,16,SITKA
2008-07-25T13:48:32,249053000,56.95881667,-135.6408,0,65.3,17.5,68,9106302,9HJG9,CELEBRITY MERCURY,16,SITKA
2008-07-25T13:48:20,249053000,56.95845,-135.6422667,0,64.0,17.5,67,9106302,9HJG9,CELEBRITY MERCURY,16,SITKA
2008-07-25T13:48:08,249053000,56.958,-135.6439667,0,65.0,17.5,67,9106302,9HJG9,CELEBRITY MERCURY,16,SITKA
2008-07-25T13:47:55,249053000,56.95756667,-135.6456833,0,67.0,17.5,68,9106302,9HJG9,CELEBRITY MERCURY,16,SITKA
2008-07-25T13:47:32,249053000,56.95683333,-135.64875,0,66.6,17.5,68,9106302,9HJG9,CELEBRITY MERCURY,16,SITKA
2008-07-25T13:47:20,249053000,56.95643333,-135.65035,0,66.6,17.5,68,9106302,9HJG9,CELEBRITY MERCURY,16,SITKA
2008-07-25T13:47:08,249053000,56.95591667,-135.6525167,0,65.6,17.5,67,9106302,9HJG9,CELEBRITY MERCURY,16,SITKA
2008-07-25T13:46:55,249053000,56.95563333,-135.6537,0,65.3,17.5,67,9106302,9HJG9,CELEBRITY MERCURY,16,SITKA
2008-07-25T13:46:44,249053000,56.95525,-135.6552833,0,65.3,17.4,67,9106302,9HJG9,CELEBRITY MERCURY,16,SITKA
2008-07-25T13:46:32,249053000,56.9549,-135.6567,0,65.6,17.4,67,9106302,9HJG9,CELEBRITY MERCURY,16,SITKA
2008-07-25T13:46:23,249053000,56.95448333,-135.6584333,0,0.0,0.0,0,9106302,9HJG9,CELEBRITY MERCURY,16,SITKA
2008-07-25T13:46:20,249053000,56.95448333,-135.6584333,0,64.3,17.4,67,9106302,9HJG9,CELEBRITY MERCURY,16,SITKA
2008-07-25T13:46:08,249053000,56.95406667,-135.6601333,0,65.6,17.4,68,9106302,9HJG9,CELEBRITY MERCURY,16,SITKA
2008-07-25T13:45:55,249053000,56.95361667,-135.66185,0,64.6,17.4,67,9106302,9HJG9,CELEBRITY MERCURY,16,SITKA
2008-07-25T13:45:44,249053000,56.95326667,-135.66325,0,63.3,17.5,66,9106302,9HJG9,CELEBRITY MERCURY,16,SITKA
2008-07-25T13:45:32,249053000,56.95283333,-135.6648,0,64.3,17.4,66,9106302,9HJG9,CELEBRITY MERCURY,16,SITKA
2008-07-25T13:45:20,249053000,56.95236667,-135.6665,0,64.6,17.5,65,9106302,9HJG9,CELEBRITY MERCURY,16,SITKA
2008-07-25T13:45:08,249053000,56.95196667,-135.6680667,0,65.6,17.4,66,9106302,9HJG9,CELEBRITY MERCURY,16,SITKA
2008-07-25T13:44:55,249053000,56.95155,-135.6696333,0,66.0,17.4,67,9106302,9HJG9,CELEBRITY MERCURY,16,SITKA
2008-07-25T13:44:44,249053000,56.95116667,-135.6711833,0,67.6,17.3,68,9106302,9HJG9,CELEBRITY MERCURY,16,SITKA
2008-07-25T13:44:32,249053000,56.95075,-135.6729167,0,68.0,17.2,69,9106302,9HJG9,CELEBRITY MERCURY,16,SITKA
2008-07-25T13:44:20,249053000,56.9504,-135.6745,0,69.3,17.3,70,9106302,9HJG9,CELEBRITY MERCURY,16,SITKA
2008-07-25T13:44:08,249053000,56.95003333,-135.6762333,0,71.0,17.3,71,9106302,9HJG9,CELEBRITY MERCURY,16,SITKA
2008-07-25T13:43:55,249053000,56.94968333,-135.6780333,0,73.0,17.3,73,9106302,9HJG9,CELEBRITY MERCURY,16,SITKA
2008-07-25T13:43:44,249053000,56.94938333,-135.6797833,0,75.6,17.3,75,9106302,9HJG9,CELEBRITY MERCURY,16,SITKA
2008-07-25T13:43:32,249053000,56.94921667,-135.6810167,0,77.0,17.2,77,9106302,9HJG9,CELEBRITY MERCURY,16,SITKA
2008-07-25T13:43:20,249053000,56.94895,-135.6829833,0,78.3,17.2,79,9106302,9HJG9,CELEBRITY MERCURY,16,SITKA
2008-07-25T13:43:08,249053000,56.94878333,-135.6846667,0,80.6,17.3,81,9106302,9HJG9,CELEBRITY MERCURY,16,SITKA
2008-07-25T13:42:56,249053000,56.94861667,-135.6863333,0,83.0,17.2,83,9106302,9HJG9,CELEBRITY MERCURY,16,SITKA
2008-07-25T13:42:32,249053000,56.9484,-135.6898833,0,87.0,17.3,87,9106302,9HJG9,CELEBRITY MERCURY,16,SITKA
2008-07-25T13:42:20,249053000,56.94836667,-135.6919,0,89.6,17.2,90,9106302,9HJG9,CELEBRITY MERCURY,16,SITKA
2008-07-25T13:42:08,249053000,56.94836667,-135.6933167,0,90.3,17.2,92,9106302,9HJG9,CELEBRITY MERCURY,16,SITKA
2008-07-25T13:41:56,249053000,56.94835,-135.6950333,0,90.6,17.3,93,9106302,9HJG9,CELEBRITY MERCURY,16,SITKA
2008-07-25T13:41:43,249053000,56.94835,-135.6969,0,91.0,17.3,93,9106302,9HJG9,CELEBRITY MERCURY,16,SITKA
2008-07-25T13:41:32,249053000,56.94836667,-135.6985833,0,91.0,17.3,93,9106302,9HJG9,CELEBRITY MERCURY,16,SITKA
2008-07-25T13:41:20,249053000,56.94838333,-135.7003333,0,90.0,17.3,92,9106302,9HJG9,CELEBRITY MERCURY,16,SITKA
2008-07-25T13:41:08,249053000,56.94838333,-135.7022,0,90.6,17.3,92,9106302,9HJG9,CELEBRITY MERCURY,16,SITKA
2008-07-25T13:40:56,249053000,56.9484,-135.7040833,0,90.6,17.3,92,9106302,9HJG9,CELEBRITY MERCURY,16,SITKA
2008-07-25T13:40:43,249053000,56.9484,-135.70565,0,90.6,17.3,93,9106302,9HJG9,CELEBRITY MERCURY,16,SITKA
2008-07-25T13:40:32,249053000,56.94843333,-135.7073833,0,91.0,17.2,92,9106302,9HJG9,CELEBRITY MERCURY,16,SITKA
2008-07-25T13:40:22,249053000,56.94845,-135.7093833,0,0.0,0.0,0,9106302,9HJG9,CELEBRITY MERCURY,16,SITKA
2008-07-25T13:40:20,249053000,56.94845,-135.7093833,0,90.0,17.2,92,9106302,9HJG9,CELEBRITY MERCURY,16,SITKA
2008-07-25T13:40:09,249053000,56.94845,-135.7109667,0,90.6,17.3,92,9106302,9HJG9,CELEBRITY MERCURY,16,SITKA
2008-07-25T13:39:56,249053000,56.94845,-135.7129833,0,90.6,17.2,93,9106302,9HJG9,CELEBRITY MERCURY,16,SITKA
2008-07-25T13:39:43,249053000,56.94846667,-135.7144333,0,90.0,17.3,93,9106302,9HJG9,CELEBRITY MERCURY,16,SITKA
2008-07-25T13:39:32,249053000,56.94846667,-135.7161,0,91.3,17.4,93,9106302,9HJG9,CELEBRITY MERCURY,16,SITKA
2008-07-25T13:39:20,249053000,56.94848333,-135.7180167,0,89.6,17.3,93,9106302,9HJG9,CELEBRITY MERCURY,16,SITKA
2008-07-25T13:39:08,249053000,56.9485,-135.7196833,0,90.3,17.4,92,9106302,9HJG9,CELEBRITY MERCURY,16,SITKA
2008-07-25T13:38:56,249053000,56.9485,-135.7220333,0,91.0,17.3,92,9106302,9HJG9,CELEBRITY MERCURY,16,SITKA
2008-07-25T13:38:32,249053000,56.94851667,-135.7255167,0,91.0,17.4,94,9106302,9HJG9,CELEBRITY MERCURY,16,SITKA
2008-07-25T13:38:20,249053000,56.94853333,-135.7267833,0,90.0,17.5,93,9106302,9HJG9,CELEBRITY MERCURY,16,SITKA
2008-07-25T13:38:08,249053000,56.94855,-135.7286667,0,90.0,17.4,93,9106302,9HJG9,CELEBRITY MERCURY,16,SITKA
2008-07-25T13:37:56,249053000,56.94853333,-135.7304167,0,90.0,17.5,93,9106302,9HJG9,CELEBRITY MERCURY,16,SITKA
2008-07-25T13:37:43,249053000,56.94853333,-135.7321333,0,90.3,17.5,93,9106302,9HJG9,CELEBRITY MERCURY,16,SITKA
2008-07-25T13:37:32,249053000,56.94853333,-135.7338667,0,90.3,17.5,93,9106302,9HJG9,CELEBRITY MERCURY,16,SITKA
2008-07-25T13:37:20,249053000,56.94853333,-135.7356,0,89.7,17.5,93,9106302,9HJG9,CELEBRITY MERCURY,16,SITKA
2008-07-25T13:37:08,249053000,56.94855,-135.7374833,0,90.0,17.7,93,9106302,9HJG9,CELEBRITY MERCURY,16,SITKA
2008-07-25T13:36:56,249053000,56.94855,-135.73985,0,90.4,17.8,93,9106302,9HJG9,CELEBRITY MERCURY,16,SITKA
2008-07-25T13:36:43,249053000,56.94855,-135.7411833,0,90.7,17.8,93,9106302,9HJG9,CELEBRITY MERCURY,16,SITKA
2008-07-25T13:36:20,249053000,56.94856667,-135.7447,0,90.0,17.7,92,9106302,9HJG9,CELEBRITY MERCURY,16,SITKA
2008-07-25T13:36:08,249053000,56.94858333,-135.7464667,0,90.3,17.8,92,9106302,9HJG9,CELEBRITY MERCURY,16,SITKA
2008-07-25T13:35:43,249053000,56.9486,-135.7501667,0,90.7,17.9,93,9106302,9HJG9,CELEBRITY MERCURY,16,SITKA
2008-07-25T13:35:32,249053000,56.94863333,-135.7519333,0,90.7,17.9,93,9106302,9HJG9,CELEBRITY MERCURY,16,SITKA
2008-07-25T13:35:20,249053000,56.94863333,-135.75375,0,90.0,18.0,92,9106302,9HJG9,CELEBRITY MERCURY,16,SITKA
2008-07-25T13:35:08,249053000,56.94866667,-135.75565,0,90.0,18.0,92,9106302,9HJG9,CELEBRITY MERCURY,16,SITKA
2008-07-25T13:34:56,249053000,56.94866667,-135.7579167,0,89.7,18.2,92,9106302,9HJG9,CELEBRITY MERCURY,16,SITKA
2008-07-25T13:34:43,249053000,56.94866667,-135.7594167,0,90.7,18.2,93,9106302,9HJG9,CELEBRITY MERCURY,16,SITKA
2008-07-25T13:34:32,249053000,56.94868333,-135.76105,0,90.1,18.2,92,9106302,9HJG9,CELEBRITY MERCURY,16,SITKA
2008-07-25T13:34:26,249053000,56.94868333,-135.76285,0,0.0,0.0,0,9106302,9HJG9,CELEBRITY MERCURY,16,SITKA
2008-07-25T13:34:20,249053000,56.94868333,-135.76285,0,91.1,18.2,93,9106302,9HJG9,CELEBRITY MERCURY,16,SITKA
2008-07-25T13:34:07,249053000,56.9487,-135.765,0,91.4,18.2,93,9106302,9HJG9,CELEBRITY MERCURY,16,SITKA
2008-07-25T13:33:43,249053000,56.94875,-135.7684667,0,90.4,18.2,93,9106302,9HJG9,CELEBRITY MERCURY,16,SITKA
2008-07-25T13:33:32,249053000,56.94876667,-135.7705833,0,91.7,18.4,92,9106302,9HJG9,CELEBRITY MERCURY,16,SITKA
2008-07-25T13:33:20,249053000,56.94878333,-135.7723,0,92.0,18.4,93,9106302,9HJG9,CELEBRITY MERCURY,16,SITKA
2008-07-25T13:33:07,249053000,56.9488,-135.7742833,0,91.7,18.4,93,9106302,9HJG9,CELEBRITY MERCURY,16,SITKA
2008-07-25T13:32:56,249053000,56.94881667,-135.7762333,0,91.4,18.4,93,9106302,9HJG9,CELEBRITY MERCURY,16,SITKA
2008-07-25T13:32:43,249053000,56.94885,-135.7783833,0,90.7,18.4,92,9106302,9HJG9,CELEBRITY MERCURY,16,SITKA
2008-07-25T13:32:32,249053000,56.94885,-135.7797167,0,90.7,18.4,92,9106302,9HJG9,CELEBRITY MERCURY,16,SITKA
2008-07-25T13:32:07,249053000,56.94886667,-135.7835333,0,90.4,18.4,92,9106302,9HJG9,CELEBRITY MERCURY,16,SITKA
2008-07-25T13:31:56,249053000,56.94886667,-135.7852,0,90.8,18.4,93,9106302,9HJG9,CELEBRITY MERCURY,16,SITKA
2008-07-25T13:31:43,249053000,56.94888333,-135.7870167,0,91.1,18.4,93,9106302,9HJG9,CELEBRITY MERCURY,16,SITKA
2008-07-25T13:31:32,249053000,56.9489,-135.7892,0,91.1,18.4,93,9106302,9HJG9,CELEBRITY MERCURY,16,SITKA
2008-07-25T13:31:20,249053000,56.9489,-135.7908333,0,91.7,18.2,93,9106302,9HJG9,CELEBRITY MERCURY,16,SITKA
2008-07-25T13:31:07,249053000,56.94891667,-135.793,0,91.1,18.2,93,9106302,9HJG9,CELEBRITY MERCURY,16,SITKA
2008-07-25T13:30:56,249053000,56.94895,-135.7948,0,91.1,18.2,93,9106302,9HJG9,CELEBRITY MERCURY,16,SITKA
2008-07-25T13:30:32,249053000,56.94898333,-135.7984333,0,90.4,18.2,92,9106302,9HJG9,CELEBRITY MERCURY,16,SITKA
2008-07-25T13:30:20,249053000,56.949,-135.8004,0,90.4,18.2,92,9106302,9HJG9,CELEBRITY MERCURY,16,SITKA
2008-07-25T13:30:07,249053000,56.94898333,-135.8020667,0,91.1,18.2,93,9106302,9HJG9,CELEBRITY MERCURY,16,SITKA
2008-07-25T13:29:56,249053000,56.949,-135.8038667,0,90.7,18.2,93,9106302,9HJG9,CELEBRITY MERCURY,16,SITKA
2008-07-25T13:29:43,249053000,56.94903333,-135.8058667,0,90.7,18.2,92,9106302,9HJG9,CELEBRITY MERCURY,16,SITKA
2008-07-25T13:29:32,249053000,56.94903333,-135.8075167,0,90.1,18.2,92,9106302,9HJG9,CELEBRITY MERCURY,16,SITKA
2008-07-25T13:29:20,249053000,56.94905,-135.8097833,0,90.4,18.2,92,9106302,9HJG9,CELEBRITY MERCURY,16,SITKA
2008-07-25T13:29:07,249053000,56.94905,-135.81145,0,90.4,18.1,92,9106302,9HJG9,CELEBRITY MERCURY,16,SITKA
2008-07-25T13:28:56,249053000,56.94906667,-135.8130833,0,90.0,18.0,92,9106302,9HJG9,CELEBRITY MERCURY,16,SITKA
2008-07-25T13:28:43,249053000,56.94905,-135.8152167,0,91.4,18.0,92,9106302,9HJG9,CELEBRITY MERCURY,16,SITKA
2008-07-25T13:28:32,249053000,56.94906667,-135.8168333,0,91.0,18.0,93,9106302,9HJG9,CELEBRITY MERCURY,16,SITKA
2008-07-25T13:28:20,249053000,56.94908333,-135.8188,0,90.7,18.1,92,9106302,9HJG9,CELEBRITY MERCURY,16,SITKA
2008-07-25T13:28:07,249053000,56.9491,-135.8205833,0,90.0,17.9,93,9106302,9HJG9,CELEBRITY MERCURY,16,SITKA
2008-07-25T13:27:56,249053000,56.94911667,-135.8223833,0,91.0,18.0,93,9106302,9HJG9,CELEBRITY MERCURY,16,SITKA
2008-07-25T13:27:32,249053000,56.94915,-135.8259667,0,89.7,17.9,92,9106302,9HJG9,CELEBRITY MERCURY,16,SITKA
2008-07-25T13:27:08,249053000,56.94913333,-135.8297,0,90.3,17.9,91,9106302,9HJG9,CELEBRITY MERCURY,16,SITKA
2008-07-25T13:26:43,249053000,56.94915,-135.8334333,0,91.3,17.9,93,9106302,9HJG9,CELEBRITY MERCURY,16,SITKA
2008-07-25T13:26:32,249053000,56.94918333,-135.8350833,0,91.1,18.0,94,9106302,9HJG9,CELEBRITY MERCURY,16,SITKA
2008-07-25T13:26:20,249053000,56.94921667,-135.8373333,0,90.7,18.0,93,9106302,9HJG9,CELEBRITY MERCURY,16,SITKA
2008-07-25T13:26:08,249053000,56.94923333,-135.8389833,0,90.0,18.0,92,9106302,9HJG9,CELEBRITY MERCURY,16,SITKA
2008-07-25T13:25:56,249053000,56.94921667,-135.8407833,0,90.0,18.1,91,9106302,9HJG9,CELEBRITY MERCURY,16,SITKA
2008-07-25T13:25:43,249053000,56.94923333,-135.8429333,0,90.7,18.1,92,9106302,9HJG9,CELEBRITY MERCURY,16,SITKA
2008-07-25T13:25:32,249053000,56.94921667,-135.84455,0,90.4,18.0,92,9106302,9HJG9,CELEBRITY MERCURY,16,SITKA
2008-07-25T13:25:08,249053000,56.94926667,-135.84815,0,91.0,18.0,93,9106302,9HJG9,CELEBRITY MERCURY,16,SITKA
2008-07-25T13:24:56,249053000,56.94926667,-135.8497667,0,90.4,17.9,93,9106302,9HJG9,CELEBRITY MERCURY,16,SITKA
2008-07-25T13:24:43,249053000,56.94928333,-135.8517333,0,90.0,17.9,92,9106302,9HJG9,CELEBRITY MERCURY,16,SITKA
2008-07-25T13:24:32,249053000,56.9493,-135.8535167,0,89.7,17.9,92,9106302,9HJG9,CELEBRITY MERCURY,16,SITKA
2008-07-25T13:24:20,249053000,56.9493,-135.85545,0,91.6,17.9,92,9106302,9HJG9,CELEBRITY MERCURY,16,SITKA
2008-07-25T13:24:08,249053000,56.94931667,-135.85755,0,91.6,17.9,92,9106302,9HJG9,CELEBRITY MERCURY,16,SITKA
2008-07-25T13:23:56,249053000,56.94933333,-135.8590333,0,91.7,17.9,93,9106302,9HJG9,CELEBRITY MERCURY,16,SITKA
2008-07-25T13:23:32,249053000,56.94941667,-135.8626167,0,92.4,17.9,95,9106302,9HJG9,CELEBRITY MERCURY,16,SITKA
2008-07-25T13:23:20,249053000,56.94946667,-135.86455,0,91.7,17.8,94,9106302,9HJG9,CELEBRITY MERCURY,16,SITKA
2008-07-25T13:23:08,249053000,56.94948333,-135.86615,0,90.4,17.8,93,9106302,9HJG9,CELEBRITY MERCURY,16,SITKA
2008-07-25T13:22:55,249053000,56.94951667,-135.8681,0,90.7,17.9,92,9106302,9HJG9,CELEBRITY MERCURY,16,SITKA
2008-07-25T13:22:44,249053000,56.94955,-135.8701833,0,91.0,17.9,93,9106302,9HJG9,CELEBRITY MERCURY,16,SITKA
2008-07-25T13:22:32,249053000,56.94956667,-135.8718167,0,91.3,17.8,93,9106302,9HJG9,CELEBRITY MERCURY,16,SITKA
2008-07-25T13:22:20,249053000,56.94963333,-135.8755167,0,0.0,0.0,0,9106302,9HJG9,CELEBRITY MERCURY,16,SITKA
2008-07-25T13:22:08,249053000,56.94963333,-135.8755167,0,91.0,17.9,93,9106302,9HJG9,CELEBRITY MERCURY,16,SITKA
2008-07-25T13:21:55,249053000,56.94963333,-135.8772833,0,90.4,18.0,92,9106302,9HJG9,CELEBRITY MERCURY,16,SITKA
2008-07-25T13:21:43,249053000,56.94965,-135.8793667,0,92.3,17.9,93,9106302,9HJG9,CELEBRITY MERCURY,16,SITKA
2008-07-25T13:21:20,249053000,56.94973333,-135.8832167,0,92.0,17.9,94,9106302,9HJG9,CELEBRITY MERCURY,16,SITKA
2008-07-25T13:21:08,249053000,56.94975,-135.88435,0,92.7,17.9,93,9106302,9HJG9,CELEBRITY MERCURY,16,SITKA
2008-07-25T13:20:55,249053000,56.94978333,-135.8863,0,91.7,17.8,93,9106302,9HJG9,CELEBRITY MERCURY,16,SITKA
2008-07-25T13:20:43,249053000,56.94981667,-135.8880833,0,92.0,17.8,93,9106302,9HJG9,CELEBRITY MERCURY,16,SITKA
2008-07-25T13:20:33,249053000,56.94985,-135.8896667,0,92.7,17.9,94,9106302,9HJG9,CELEBRITY MERCURY,16,SITKA
2008-07-25T13:20:20,249053000,56.9499,-135.8917667,0,92.3,17.8,94,9106302,9HJG9,CELEBRITY MERCURY,16,SITKA
2008-07-25T13:20:08,249053000,56.94993333,-135.89335,0,93.0,17.8,94,9106302,9HJG9,CELEBRITY MERCURY,16,SITKA
2008-07-25T13:19:55,249053000,56.94998333,-135.8959167,0,93.0,17.7,94,9106302,9HJG9,CELEBRITY MERCURY,16,SITKA
2008-07-25T13:19:43,249053000,56.95001667,-135.8973667,0,93.0,17.8,94,9106302,9HJG9,CELEBRITY MERCURY,16,SITKA
2008-07-25T13:19:08,249053000,56.95018333,-135.9025,0,94.0,17.7,95,9106302,9HJG9,CELEBRITY MERCURY,16,SITKA
2008-07-25T13:18:44,249053000,56.95033333,-135.9062,0,94.6,17.5,95,9106302,9HJG9,CELEBRITY MERCURY,16,SITKA
2008-07-25T13:18:33,249053000,56.95038333,-135.9077667,0,94.3,17.5,95,9106302,9HJG9,CELEBRITY MERCURY,16,SITKA
2008-07-25T13:18:20,249053000,56.95046667,-135.9096833,0,94.6,17.5,96,9106302,9HJG9,CELEBRITY MERCURY,16,SITKA
2008-07-25T13:18:08,249053000,56.95056667,-135.9114167,0,94.3,17.5,96,9106302,9HJG9,CELEBRITY MERCURY,16,SITKA
2008-07-25T13:17:44,249053000,56.95073333,-135.9157167,0,94.7,17.7,96,9106302,9HJG9,CELEBRITY MERCURY,16,SITKA
2008-07-25T13:17:33,249053000,56.95078333,-135.9165,0,93.6,17.5,95,9106302,9HJG9,CELEBRITY MERCURY,16,SITKA
2008-07-25T13:17:20,249053000,56.95085,-135.9185667,0,94.0,17.5,96,9106302,9HJG9,CELEBRITY MERCURY,16,SITKA
2008-07-25T13:16:44,249053000,56.95106667,-135.9241167,0,93.6,17.5,95,9106302,9HJG9,CELEBRITY MERCURY,16,SITKA
2008-07-25T13:16:33,249053000,56.95111667,-135.9256833,0,93.6,17.5,95,9106302,9HJG9,CELEBRITY MERCURY,16,SITKA
2008-07-25T13:16:20,249053000,56.9512,-135.92805,0,93.6,17.4,95,9106302,9HJG9,CELEBRITY MERCURY,16,SITKA
2008-07-25T13:16:08,249053000,56.95125,-135.92915,0,94.3,17.4,96,9106302,9HJG9,CELEBRITY MERCURY,16,SITKA
2008-07-25T13:15:56,249053000,56.95131667,-135.931,0,94.6,17.4,96,9106302,9HJG9,CELEBRITY MERCURY,16,SITKA
2008-07-25T13:15:44,249053000,56.95141667,-135.9330667,0,94.3,17.4,96,9106302,9HJG9,CELEBRITY MERCURY,16,SITKA
2008-07-25T13:15:33,249053000,56.95146667,-135.9344833,0,94.0,17.4,96,9106302,9HJG9,CELEBRITY MERCURY,16,SITKA
2008-07-25T13:15:20,249053000,56.95153333,-135.9363667,0,93.3,17.3,95,9106302,9HJG9,CELEBRITY MERCURY,16,SITKA
2008-07-25T13:15:08,249053000,56.9516,-135.9380833,0,93.6,17.4,95,9106302,9HJG9,CELEBRITY MERCURY,16,SITKA
2008-07-25T13:14:56,249053000,56.95166667,-135.9401,0,94.0,17.3,95,9106302,9HJG9,CELEBRITY MERCURY,16,SITKA
2008-07-25T13:14:44,249053000,56.95173333,-135.9417167,0,93.3,17.3,95,9106302,9HJG9,CELEBRITY MERCURY,16,SITKA
2008-07-25T13:14:20,249053000,56.95185,-135.9450833,0,92.6,17.3,96,9106302,9HJG9,CELEBRITY MERCURY,16,SITKA
2008-07-25T13:14:08,249053000,56.9519,-135.9468167,0,93.0,17.4,96,9106302,9HJG9,CELEBRITY MERCURY,16,SITKA
2008-07-25T13:13:56,249053000,56.95193333,-135.9485667,0,93.3,17.5,96,9106302,9HJG9,CELEBRITY MERCURY,16,SITKA
2008-07-25T13:13:44,249053000,56.952,-135.95045,0,94.6,17.4,95,9106302,9HJG9,CELEBRITY MERCURY,16,SITKA
2008-07-25T13:13:32,249053000,56.95206667,-135.9521833,0,95.3,17.4,96,9106302,9HJG9,CELEBRITY MERCURY,16,SITKA
2008-07-25T13:13:20,249053000,56.95216667,-135.9540833,0,95.6,17.5,97,9106302,9HJG9,CELEBRITY MERCURY,16,SITKA
2008-07-25T13:13:08,249053000,56.95223333,-135.9558,0,96.6,17.4,98,9106302,9HJG9,CELEBRITY MERCURY,16,SITKA
2008-07-25T13:12:56,249053000,56.95236667,-135.9581,0,96.3,17.4,98,9106302,9HJG9,CELEBRITY MERCURY,16,SITKA
2008-07-25T13:12:07,249053000,56.95288333,-135.9646833,0,100.6,17.5,101,9106302,9HJG9,CELEBRITY MERCURY,16,SITKA
2008-07-25T13:11:43,249053000,56.9532,-135.9680667,0,102.3,17.4,103,9106302,9HJG9,CELEBRITY MERCURY,16,SITKA
2008-07-25T13:11:32,249053000,56.95345,-135.97005,0,102.6,17.4,104,9106302,9HJG9,CELEBRITY MERCURY,16,SITKA
2008-07-25T13:11:20,249053000,56.95361667,-135.9716333,0,102.3,17.4,104,9106302,9HJG9,CELEBRITY MERCURY,16,SITKA
2008-07-25T13:11:07,249053000,56.95383333,-135.9733167,0,103.0,17.5,105,9106302,9HJG9,CELEBRITY MERCURY,16,SITKA
2008-07-25T13:10:22,249053000,56.95561667,-135.9873667,0,0.0,0.0,0,9106302,9HJG9,CELEBRITY MERCURY,16,SITKA
2008-07-25T13:09:32,249053000,56.95561667,-135.9873667,0,102.7,17.7,105,9106302,9HJG9,CELEBRITY MERCURY,16,SITKA
2008-07-25T13:08:32,249053000,56.95665,-135.9959833,0,102.3,17.7,103,9106302,9HJG9,CELEBRITY MERCURY,16,SITKA
2008-07-25T13:08:07,249053000,56.95711667,-136.0000333,0,102.7,17.7,104,9106302,9HJG9,CELEBRITY MERCURY,16,SITKA
2008-07-25T13:07:56,249053000,56.95726667,-136.0013167,0,102.0,17.7,104,9106302,9HJG9,CELEBRITY MERCURY,16,SITKA
2008-07-25T13:07:44,249053000,56.95748333,-136.0030333,0,103.0,17.8,105,9106302,9HJG9,CELEBRITY MERCURY,16,SITKA
2008-07-25T13:07:32,249053000,56.9577,-136.0047667,0,103.0,17.8,105,9106302,9HJG9,CELEBRITY MERCURY,16,SITKA
2008-07-25T13:07:07,249053000,56.95816667,-136.0085333,0,102.7,17.7,104,9106302,9HJG9,CELEBRITY MERCURY,16,SITKA
2008-07-25T13:06:56,249053000,56.95835,-136.0101,0,102.7,17.7,104,9106302,9HJG9,CELEBRITY MERCURY,16,SITKA
2008-07-25T13:06:20,249053000,56.959,-136.0152167,0,104.3,17.5,105,9106302,9HJG9,CELEBRITY MERCURY,16,SITKA
2008-07-25T13:06:07,249053000,56.95925,-136.0170667,0,105.6,17.5,107,9106302,9HJG9,CELEBRITY MERCURY,16,SITKA
2008-07-25T13:05:57,249053000,56.95951667,-136.0187667,0,106.3,17.5,108,9106302,9HJG9,CELEBRITY MERCURY,16,SITKA
2008-07-25T13:05:20,249053000,56.96045,-136.0242167,0,108.6,17.5,110,9106302,9HJG9,CELEBRITY MERCURY,16,SITKA
2008-07-25T13:04:08,249053000,56.96228333,-136.0341667,0,109.0,17.5,110,9106302,9HJG9,CELEBRITY MERCURY,16,SITKA
2008-07-25T13:01:44,249053000,56.96601667,-136.0542833,0,108.6,17.3,111,9106302,9HJG9,CELEBRITY MERCURY,16,SITKA
2008-07-25T12:59:08,249053000,56.96996667,-136.0758667,0,107.9,17.1,111,9106302,9HJG9,CELEBRITY MERCURY,16,SITKA
2008-07-25T12:54:56,249053000,56.9762,-136.1109333,0,109.0,17.5,111,9106302,9HJG9,CELEBRITY MERCURY,16,SITKA
2008-07-25T12:31:32,249053000,57.03578333,-136.2746,0,159.0,17.7,159,9106302,9HJG9,CELEBRITY MERCURY,16,SITKA
2008-07-25T12:29:32,249053000,57.04488333,-136.2812333,0,158.3,17.5,158,9106302,9HJG9,CELEBRITY MERCURY,16,SITKA
2008-07-25T12:29:20,249053000,57.04576667,-136.2818833,0,158.3,17.5,158,9106302,9HJG9,CELEBRITY MERCURY,16,SITKA
2008-07-25T12:27:56,249053000,57.05213333,-136.2865833,0,157.6,17.5,158,9106302,9HJG9,CELEBRITY MERCURY,16,SITKA
2008-07-25T12:25:56,249053000,57.06143333,-136.2935833,0,158.3,17.5,158,9106302,9HJG9,CELEBRITY MERCURY,16,SITKA
2008-07-25T12:25:20,249053000,57.06425,-136.2956167,0,158.0,17.3,158,9106302,9HJG9,CELEBRITY MERCURY,16,SITKA
2008-07-25T12:23:20,249053000,57.07298333,-136.3020667,0,158.3,17.4,159,9106302,9HJG9,CELEBRITY MERCURY,16,SITKA
2008-07-25T12:22:56,249053000,57.07465,-136.3033,0,157.3,17.4,158,9106302,9HJG9,CELEBRITY MERCURY,16,SITKA
2008-07-25T12:22:20,249053000,57.07745,-136.3054667,0,157.3,17.4,158,9106302,9HJG9,CELEBRITY MERCURY,16,SITKA
2008-07-25T12:21:33,249053000,57.08095,-136.3081,0,158.6,17.5,158,9106302,9HJG9,CELEBRITY MERCURY,16,SITKA
2008-07-25T12:21:08,249053000,57.08278333,-136.30945,0,158.0,17.4,158,9106302,9HJG9,CELEBRITY MERCURY,16,SITKA
2008-07-25T12:20:55,249053000,57.08375,-136.3101667,0,158.0,17.5,158,9106302,9HJG9,CELEBRITY MERCURY,16,SITKA
2008-07-25T12:20:33,249053000,57.08551667,-136.31145,0,158.6,17.5,159,9106302,9HJG9,CELEBRITY MERCURY,16,SITKA
2008-07-25T12:20:20,249053000,57.08678333,-136.3124,0,159.0,17.5,158,9106302,9HJG9,CELEBRITY MERCURY,16,SITKA
2008-07-25T12:20:08,249053000,57.08728333,-136.31275,0,158.6,17.5,159,9106302,9HJG9,CELEBRITY MERCURY,16,SITKA
2008-07-25T12:19:44,249053000,57.08913333,-136.3141333,0,158.0,17.5,158,9106302,9HJG9,CELEBRITY MERCURY,16,SITKA
2008-07-25T12:19:20,249053000,57.09108333,-136.3155833,0,158.3,17.5,158,9106302,9HJG9,CELEBRITY MERCURY,16,SITKA
2008-07-25T12:19:08,249053000,57.09188333,-136.3161833,0,158.0,17.5,158,9106302,9HJG9,CELEBRITY MERCURY,16,SITKA
2008-07-25T12:18:55,249053000,57.09303333,-136.3170167,0,158.3,17.5,158,9106302,9HJG9,CELEBRITY MERCURY,16,SITKA
2008-07-25T12:18:33,249053000,57.09446667,-136.31805,0,158.3,17.4,158,9106302,9HJG9,CELEBRITY MERCURY,16,SITKA
2008-07-25T12:18:08,249053000,57.09646667,-136.3194667,0,158.3,17.5,158,9106302,9HJG9,CELEBRITY MERCURY,16,SITKA
2008-07-25T12:17:56,249053000,57.09728333,-136.32005,0,158.0,17.4,159,9106302,9HJG9,CELEBRITY MERCURY,16,SITKA
2008-07-25T12:17:44,249053000,57.09831667,-136.3207833,0,157.6,17.4,158,9106302,9HJG9,CELEBRITY MERCURY,16,SITKA
2008-07-25T12:17:08,249053000,57.10108333,-136.3228167,0,158.3,17.4,159,9106302,9HJG9,CELEBRITY MERCURY,16,SITKA
2008-07-25T12:16:56,249053000,57.10181667,-136.3233667,0,157.3,17.5,158,9106302,9HJG9,CELEBRITY MERCURY,16,SITKA
2008-07-25T12:16:44,249053000,57.1027,-136.3240167,0,158.3,17.5,158,9106302,9HJG9,CELEBRITY MERCURY,16,SITKA
2008-07-25T12:16:18,249053000,57.10541667,-136.3260333,0,0.0,0.0,0,9106302,9HJG9,CELEBRITY MERCURY,16,SITKA
2008-07-25T12:16:08,249053000,57.10541667,-136.3260333,0,158.6,17.5,158,9106302,9HJG9,CELEBRITY MERCURY,16,SITKA
2008-07-25T12:15:33,249053000,57.10803333,-136.3280167,0,158.3,17.4,158,9106302,9HJG9,CELEBRITY MERCURY,16,SITKA
2008-07-25T12:15:20,249053000,57.10938333,-136.329,0,158.3,17.4,158,9106302,9HJG9,CELEBRITY MERCURY,16,SITKA
2008-07-25T12:14:44,249053000,57.11163333,-136.3306667,0,158.6,17.4,159,9106302,9HJG9,CELEBRITY MERCURY,16,SITKA
2008-07-25T12:13:56,249053000,57.11536667,-136.33345,0,158.3,17.4,158,9106302,9HJG9,CELEBRITY MERCURY,16,SITKA
2008-07-25T12:13:44,249053000,57.11616667,-136.33405,0,158.0,17.3,158,9106302,9HJG9,CELEBRITY MERCURY,16,SITKA
2008-07-25T12:13:33,249053000,57.11693333,-136.3346167,0,158.3,17.3,158,9106302,9HJG9,CELEBRITY MERCURY,16,SITKA
2008-07-25T12:12:56,249053000,57.11971667,-136.3367,0,157.0,17.2,157,9106302,9HJG9,CELEBRITY MERCURY,16,SITKA
2008-07-25T12:12:33,249053000,57.12153333,-136.3380667,0,157.6,17.1,158,9106302,9HJG9,CELEBRITY MERCURY,16,SITKA
2008-07-25T12:12:20,249053000,57.12266667,-136.3389167,0,157.6,17.1,158,9106302,9HJG9,CELEBRITY MERCURY,16,SITKA
2008-07-25T12:12:08,249053000,57.12346667,-136.3395333,0,158.0,17.0,158,9106302,9HJG9,CELEBRITY MERCURY,16,SITKA
2008-07-25T12:11:43,249053000,57.12518333,-136.34085,0,159.0,17.0,158,9106302,9HJG9,CELEBRITY MERCURY,16,SITKA
2008-07-25T12:11:33,249053000,57.1258,-136.3412833,0,159.3,17.0,159,9106302,9HJG9,CELEBRITY MERCURY,16,SITKA
2008-07-25T12:11:20,249053000,57.12673333,-136.34195,0,159.3,16.8,159,9106302,9HJG9,CELEBRITY MERCURY,16,SITKA
2008-07-25T12:11:08,249053000,57.1276,-136.34255,0,158.6,16.8,159,9106302,9HJG9,CELEBRITY MERCURY,16,SITKA
2008-07-25T12:10:43,249053000,57.1296,-136.3439833,0,157.9,16.8,159,9106302,9HJG9,CELEBRITY MERCURY,16,SITKA
2008-07-25T12:10:18,249053000,57.13448333,-136.3477667,0,0.0,0.0,0,9106302,9HJG9,CELEBRITY MERCURY,16,SITKA
2008-07-25T12:09:33,249053000,57.13448333,-136.3477667,0,157.6,17.3,158,9106302,9HJG9,CELEBRITY MERCURY,16,SITKA
2008-07-25T12:09:20,249053000,57.13566667,-136.3486667,0,157.6,17.4,157,9106302,9HJG9,CELEBRITY MERCURY,16,SITKA
2008-07-25T12:09:08,249053000,57.13638333,-136.3492,0,158.9,17.4,157,9106302,9HJG9,CELEBRITY MERCURY,16,SITKA
2008-07-25T12:08:43,249053000,57.13825,-136.3505333,0,159.6,17.5,159,9106302,9HJG9,CELEBRITY MERCURY,16,SITKA
2008-07-25T12:08:20,249053000,57.14005,-136.35175,0,159.6,17.5,159,9106302,9HJG9,CELEBRITY MERCURY,16,SITKA
2008-07-25T12:08:08,249053000,57.14096667,-136.35235,0,159.3,17.5,159,9106302,9HJG9,CELEBRITY MERCURY,16,SITKA
2008-07-25T12:07:32,249053000,57.14361667,-136.3542167,0,158.3,17.5,158,9106302,9HJG9,CELEBRITY MERCURY,16,SITKA
2008-07-25T12:07:20,249053000,57.14456667,-136.3549167,0,158.3,17.4,158,9106302,9HJG9,CELEBRITY MERCURY,16,SITKA
2008-07-25T12:07:08,249053000,57.14551667,-136.35565,0,158.0,17.5,158,9106302,9HJG9,CELEBRITY MERCURY,16,SITKA
2008-07-25T12:06:56,249053000,57.1464,-136.3562833,0,158.6,17.5,158,9106302,9HJG9,CELEBRITY MERCURY,16,SITKA
2008-07-25T12:06:43,249053000,57.14738333,-136.357,0,158.6,17.5,158,9106302,9HJG9,CELEBRITY MERCURY,16,SITKA
2008-07-25T12:06:32,249053000,57.14826667,-136.35765,0,158.3,17.4,158,9106302,9HJG9,CELEBRITY MERCURY,16,SITKA
2008-07-25T12:06:20,249053000,57.14911667,-136.3582667,0,157.9,17.4,157,9106302,9HJG9,CELEBRITY MERCURY,16,SITKA
2008-07-25T12:05:56,249053000,57.1508,-136.3595167,0,158.6,17.4,158,9106302,9HJG9,CELEBRITY MERCURY,16,SITKA
2008-07-25T12:05:43,249053000,57.15185,-136.3602667,0,159.9,17.4,159,9106302,9HJG9,CELEBRITY MERCURY,16,SITKA
2008-07-25T12:05:32,249053000,57.15265,-136.3608167,0,159.0,17.2,159,9106302,9HJG9,CELEBRITY MERCURY,16,SITKA
2008-07-25T12:05:20,249053000,57.15351667,-136.3614333,0,159.3,17.3,159,9106302,9HJG9,CELEBRITY MERCURY,16,SITKA
2008-07-25T12:05:07,249053000,57.15456667,-136.3621833,0,158.6,17.4,159,9106302,9HJG9,CELEBRITY MERCURY,16,SITKA
2008-07-25T12:04:56,249053000,57.15546667,-136.3627833,0,158.3,17.4,159,9106302,9HJG9,CELEBRITY MERCURY,16,SITKA
2008-07-25T12:04:43,249053000,57.15631667,-136.36345,0,157.6,17.5,158,9106302,9HJG9,CELEBRITY MERCURY,16,SITKA
2008-07-25T12:04:20,249053000,57.15808333,-136.3647833,0,158.0,17.4,158,9106302,9HJG9,CELEBRITY MERCURY,16,SITKA
2008-07-25T12:03:32,249053000,57.16166667,-136.3674667,0,158.3,17.5,158,9106302,9HJG9,CELEBRITY MERCURY,16,SITKA
2008-07-25T12:03:20,249053000,57.1627,-136.36825,0,158.3,17.5,158,9106302,9HJG9,CELEBRITY MERCURY,16,SITKA
2008-07-25T12:03:07,249053000,57.16351667,-136.36885,0,158.6,17.5,158,9106302,9HJG9,CELEBRITY MERCURY,16,SITKA
2008-07-25T12:02:56,249053000,57.16471667,-136.3697167,0,158.3,17.4,159,9106302,9HJG9,CELEBRITY MERCURY,16,SITKA
2008-07-25T12:02:44,249053000,57.16536667,-136.3701833,0,158.0,17.5,159,9106302,9HJG9,CELEBRITY MERCURY,16,SITKA
2008-07-25T12:02:32,249053000,57.16618333,-136.3707667,0,159.3,17.5,159,9106302,9HJG9,CELEBRITY MERCURY,16,SITKA
2008-07-25T11:58:20,249053000,57.18525,-136.3845,0,158.3,17.4,158,9106302,9HJG9,CELEBRITY MERCURY,16,SITKA
2008-07-25T11:57:20,249053000,57.18976667,-136.3878667,0,158.9,17.5,158,9106302,9HJG9,CELEBRITY MERCURY,16,SITKA
2008-07-25T11:56:44,249053000,57.19241667,-136.3897167,0,159.6,17.4,159,9106302,9HJG9,CELEBRITY MERCURY,16,SITKA
2008-07-25T11:56:20,249053000,57.19418333,-136.39095,0,159.3,17.3,159,9106302,9HJG9,CELEBRITY MERCURY,16,SITKA
2008-07-25T11:56:08,249053000,57.19506667,-136.3915667,0,159.3,17.3,159,9106302,9HJG9,CELEBRITY MERCURY,16,SITKA
2008-07-25T11:55:44,249053000,57.1969,-136.3929,0,158.9,17.3,158,9106302,9HJG9,CELEBRITY MERCURY,16,SITKA
2008-07-25T11:55:08,249053000,57.19968333,-136.3948333,0,159.3,17.3,159,9106302,9HJG9,CELEBRITY MERCURY,16,SITKA
2008-07-25T11:54:56,249053000,57.2005,-136.3954,0,158.9,17.4,158,9106302,9HJG9,CELEBRITY MERCURY,16,SITKA
2008-07-25T11:54:44,249053000,57.20166667,-136.3962333,0,158.3,17.4,158,9106302,9HJG9,CELEBRITY MERCURY,16,SITKA
2008-07-25T11:54:20,249053000,57.20311667,-136.3973167,0,158.3,17.5,158,9106302,9HJG9,CELEBRITY MERCURY,16,SITKA
2008-07-25T11:54:08,249053000,57.204,-136.3979667,0,158.3,17.4,158,9106302,9HJG9,CELEBRITY MERCURY,16,SITKA
2008-07-25T11:53:56,249053000,57.20496667,-136.3986667,0,158.0,17.5,158,9106302,9HJG9,CELEBRITY MERCURY,16,SITKA
2008-07-25T11:53:44,249053000,57.206,-136.3994167,0,158.6,17.5,158,9106302,9HJG9,CELEBRITY MERCURY,16,SITKA
2008-07-25T11:53:33,249053000,57.20686667,-136.4000667,0,157.6,17.5,158,9106302,9HJG9,CELEBRITY MERCURY,16,SITKA
2008-07-25T11:52:56,249053000,57.20991667,-136.4022833,0,158.3,17.5,158,9106302,9HJG9,CELEBRITY MERCURY,16,SITKA
2008-07-25T11:52:14,249053000,57.21315,-136.4046167,0,0.0,0.0,0,9106302,9HJG9,CELEBRITY MERCURY,16,SITKA
2008-07-25T11:52:08,249053000,57.21315,-136.4046167,0,158.0,17.4,158,9106302,9HJG9,CELEBRITY MERCURY,16,SITKA
2008-07-25T11:51:56,249053000,57.21403333,-136.4052833,0,158.6,17.5,158,9106302,9HJG9,CELEBRITY MERCURY,16,SITKA
2008-07-25T11:51:44,249053000,57.21493333,-136.4059333,0,158.3,17.5,158,9106302,9HJG9,CELEBRITY MERCURY,16,SITKA
2008-07-25T11:51:33,249053000,57.21581667,-136.4065833,0,158.3,17.5,158,9106302,9HJG9,CELEBRITY MERCURY,16,SITKA
2008-07-25T11:50:56,249053000,57.21871667,-136.40865,0,158.3,17.4,158,9106302,9HJG9,CELEBRITY MERCURY,16,SITKA
2008-07-25T11:50:44,249053000,57.21951667,-136.40925,0,158.3,17.5,158,9106302,9HJG9,CELEBRITY MERCURY,16,SITKA
2008-07-25T11:50:20,249053000,57.22128333,-136.4105333,0,158.3,17.4,158,9106302,9HJG9,CELEBRITY MERCURY,16,SITKA
2008-07-25T11:49:44,249053000,57.22421667,-136.4127167,0,158.3,17.4,158,9106302,9HJG9,CELEBRITY MERCURY,16,SITKA
2008-07-25T11:49:33,249053000,57.22486667,-136.4132,0,158.3,17.5,158,9106302,9HJG9,CELEBRITY MERCURY,16,SITKA
2008-07-25T11:49:08,249053000,57.22676667,-136.4146333,0,158.3,17.4,158,9106302,9HJG9,CELEBRITY MERCURY,16,SITKA
2008-07-25T11:48:56,249053000,57.2275,-136.4151667,0,158.6,17.4,158,9106302,9HJG9,CELEBRITY MERCURY,16,SITKA
2008-07-25T11:48:19,249053000,57.2303,-136.4171833,0,159.3,17.4,158,9106302,9HJG9,CELEBRITY MERCURY,16,SITKA
2008-07-25T11:47:44,249053000,57.23308333,-136.4191833,0,159.3,17.3,159,9106302,9HJG9,CELEBRITY MERCURY,16,SITKA
2008-07-25T11:47:19,249053000,57.23483333,-136.4204667,0,157.6,17.4,158,9106302,9HJG9,CELEBRITY MERCURY,16,SITKA
2008-07-25T11:46:19,249053000,57.23928333,-136.42375,0,158.6,17.4,158,9106302,9HJG9,CELEBRITY MERCURY,16,SITKA
2008-07-25T11:46:08,249053000,57.24046667,-136.4246,0,158.9,17.5,158,9106302,9HJG9,CELEBRITY MERCURY,16,SITKA
2008-07-25T11:45:44,249053000,57.242,-136.4257333,0,158.9,17.5,158,9106302,9HJG9,CELEBRITY MERCURY,16,SITKA
2008-07-25T11:45:19,249053000,57.24378333,-136.4269667,0,158.9,17.4,158,9106302,9HJG9,CELEBRITY MERCURY,16,SITKA
2008-07-25T11:45:09,249053000,57.24458333,-136.42755,0,159.6,17.3,159,9106302,9HJG9,CELEBRITY MERCURY,16,SITKA
2008-07-25T11:43:44,249053000,57.2509,-136.4322167,0,157.6,17.3,157,9106302,9HJG9,CELEBRITY MERCURY,16,SITKA
2008-07-25T11:43:19,249053000,57.25305,-136.4338167,0,158.6,17.5,158,9106302,9HJG9,CELEBRITY MERCURY,16,SITKA
2008-07-25T11:42:44,249053000,57.25538333,-136.4355167,0,158.9,17.5,158,9106302,9HJG9,CELEBRITY MERCURY,16,SITKA
2008-07-25T11:41:19,249053000,57.2617,-136.4400667,0,157.0,17.2,157,9106302,9HJG9,CELEBRITY MERCURY,16,SITKA
2008-07-25T11:39:44,249053000,57.2691,-136.44535,0,158.6,17.3,159,9106302,9HJG9,CELEBRITY MERCURY,16,SITKA
2008-07-25T11:39:20,249053000,57.27063333,-136.4464667,0,158.3,17.3,158,9106302,9HJG9,CELEBRITY MERCURY,16,SITKA
2008-07-25T11:38:44,249053000,57.27365,-136.4487,0,158.6,17.5,158,9106302,9HJG9,CELEBRITY MERCURY,16,SITKA
2008-07-25T11:37:56,249053000,57.27701667,-136.4511667,0,158.6,17.5,158,9106302,9HJG9,CELEBRITY MERCURY,16,SITKA
2008-07-25T11:37:07,249053000,57.28068333,-136.4539167,0,158.9,17.5,158,9106302,9HJG9,CELEBRITY MERCURY,16,SITKA
2008-07-25T11:36:56,249053000,57.28165,-136.4546167,0,159.3,17.4,158,9106302,9HJG9,CELEBRITY MERCURY,16,SITKA
2008-07-25T11:36:44,249053000,57.28245,-136.4551833,0,158.6,17.4,158,9106302,9HJG9,CELEBRITY MERCURY,16,SITKA
2008-07-25T11:35:44,249053000,57.28716667,-136.4586333,0,157.0,17.4,157,9106302,9HJG9,CELEBRITY MERCURY,16,SITKA
2008-07-25T11:35:20,249053000,57.28868333,-136.45985,0,156.3,17.5,156,9106302,9HJG9,CELEBRITY MERCURY,16,SITKA
2008-07-25T11:35:08,249053000,57.2897,-136.4606667,0,156.0,17.4,156,9106302,9HJG9,CELEBRITY MERCURY,16,SITKA
2008-07-25T11:34:44,249053000,57.29136667,-136.46205,0,155.6,17.5,155,9106302,9HJG9,CELEBRITY MERCURY,16,SITKA
2008-07-25T11:34:32,249053000,57.29221667,-136.4627833,0,156.6,17.5,156,9106302,9HJG9,CELEBRITY MERCURY,16,SITKA
2008-07-25T11:34:20,249053000,57.293,-136.4634333,0,156.6,17.5,156,9106302,9HJG9,CELEBRITY MERCURY,16,SITKA
2008-07-25T11:34:12,249053000,57.2948,-136.46485,0,0.0,0.0,0,9106302,9HJG9,CELEBRITY MERCURY,16,SITKA
2008-07-25T11:33:56,249053000,57.2948,-136.46485,0,156.6,17.5,156,9106302,9HJG9,CELEBRITY MERCURY,16,SITKA
2008-07-25T11:33:32,249053000,57.29675,-136.4663667,0,157.6,17.5,157,9106302,9HJG9,CELEBRITY MERCURY,16,SITKA
2008-07-25T11:33:20,249053000,57.29793333,-136.4673,0,157.0,17.5,157,9106302,9HJG9,CELEBRITY MERCURY,16,SITKA
2008-07-25T11:33:08,249053000,57.2985,-136.46775,0,156.3,17.5,156,9106302,9HJG9,CELEBRITY MERCURY,16,SITKA
2008-07-25T11:32:56,249053000,57.29938333,-136.4684333,0,156.0,17.5,156,9106302,9HJG9,CELEBRITY MERCURY,16,SITKA
2008-07-25T11:32:32,249053000,57.30113333,-136.4698833,0,155.9,17.5,155,9106302,9HJG9,CELEBRITY MERCURY,16,SITKA
2008-07-25T11:32:20,249053000,57.30205,-136.47065,0,156.9,17.7,156,9106302,9HJG9,CELEBRITY MERCURY,16,SITKA
2008-07-25T11:31:44,249053000,57.30478333,-136.4728167,0,156.9,17.5,156,9106302,9HJG9,CELEBRITY MERCURY,16,SITKA
2008-07-25T11:31:33,249053000,57.30555,-136.4734167,0,156.9,17.5,156,9106302,9HJG9,CELEBRITY MERCURY,16,SITKA
2008-07-25T11:31:08,249053000,57.30771667,-136.4751333,0,157.9,17.5,156,9106302,9HJG9,CELEBRITY MERCURY,16,SITKA
2008-07-25T11:30:44,249053000,57.30915,-136.4762333,0,157.6,17.4,157,9106302,9HJG9,CELEBRITY MERCURY,16,SITKA
2008-07-25T11:29:57,249053000,57.3127,-136.4790333,0,156.3,17.4,156,9106302,9HJG9,CELEBRITY MERCURY,16,SITKA
2008-07-25T11:29:44,249053000,57.31381667,-136.4799333,0,156.6,17.4,156,9106302,9HJG9,CELEBRITY MERCURY,16,SITKA
2008-07-25T11:28:57,249053000,57.3171,-136.4825833,0,157.9,17.3,157,9106302,9HJG9,CELEBRITY MERCURY,16,SITKA
2008-07-25T11:28:44,249053000,57.31821667,-136.48345,0,157.9,17.3,157,9106302,9HJG9,CELEBRITY MERCURY,16,SITKA
2008-07-25T11:28:08,249053000,57.32063333,-136.4853333,0,156.9,17.4,156,9106302,9HJG9,CELEBRITY MERCURY,16,SITKA
2008-07-25T11:25:33,249053000,57.3323,-136.4943667,0,158.9,17.2,157,9106302,9HJG9,CELEBRITY MERCURY,16,SITKA
2008-07-25T11:24:20,249053000,57.33768333,-136.4982667,0,158.3,17.4,157,9106302,9HJG9,CELEBRITY MERCURY,16,SITKA
2008-07-25T11:24:08,249053000,57.33855,-136.4988833,0,158.3,17.4,157,9106302,9HJG9,CELEBRITY MERCURY,16,SITKA
2008-07-25T10:26:19,249053000,57.6034,-136.68415,0,166.9,17.4,166,9106302,9HJG9,CELEBRITY MERCURY,16,SITKA
2008-07-25T09:32:49,249053000,57.86851667,-136.6834333,0,181.6,18.0,181,9106302,9HJG9,CELEBRITY MERCURY,16,SITKA
2008-07-25T09:28:25,249053000,57.89066667,-136.6824667,0,178.6,18.1,178,9106302,9HJG9,CELEBRITY MERCURY,16,SITKA
2008-07-25T09:26:45,249053000,57.89915,-136.6834167,0,176.2,18.1,175,9106302,9HJG9,CELEBRITY MERCURY,16,SITKA
2008-07-25T09:24:19,249053000,57.91118333,-136.6849333,0,176.2,18.0,175,9106302,9HJG9,CELEBRITY MERCURY,16,SITKA
2008-07-25T09:23:13,249053000,57.9168,-136.68565,0,176.2,17.9,175,9106302,9HJG9,CELEBRITY MERCURY,16,SITKA
2008-07-25T09:22:32,249053000,57.92,-136.6860167,0,176.9,17.9,175,9106302,9HJG9,CELEBRITY MERCURY,16,SITKA
2008-07-25T09:22:25,249053000,57.92076667,-136.6861,0,176.6,17.8,175,9106302,9HJG9,CELEBRITY MERCURY,16,SITKA
2008-07-25T09:22:20,249053000,57.92098333,-136.6861333,0,176.6,17.9,175,9106302,9HJG9,CELEBRITY MERCURY,16,SITKA
2008-07-25T09:22:13,249053000,57.92155,-136.6862,0,176.6,17.9,175,9106302,9HJG9,CELEBRITY MERCURY,16,SITKA
2008-07-25T09:22:07,249053000,57.92201667,-136.6862333,0,176.6,17.9,175,9106302,9HJG9,CELEBRITY MERCURY,16,SITKA
2008-07-25T09:22:03,249053000,57.92266667,-136.6863167,0,176.9,17.9,175,9106302,9HJG9,CELEBRITY MERCURY,16,SITKA
2008-07-25T09:22:00,249053000,57.93433333,-136.68745,0,0.0,0.0,0,9106302,9HJG9,CELEBRITY MERCURY,16,SITKA
2008-07-25T09:19:38,249053000,57.93433333,-136.68745,0,177.2,17.7,175,9106302,9HJG9,CELEBRITY MERCURY,16,SITKA
2008-07-25T09:19:20,249053000,57.93576667,-136.6875833,0,177.2,17.5,175,9106302,9HJG9,CELEBRITY MERCURY,16,SITKA
2008-07-25T09:19:08,249053000,57.93705,-136.6877,0,176.9,17.7,175,9106302,9HJG9,CELEBRITY MERCURY,16,SITKA
2008-07-25T09:18:38,249053000,57.9392,-136.6878833,0,177.2,17.5,175,9106302,9HJG9,CELEBRITY MERCURY,16,SITKA
2008-07-25T09:18:20,249053000,57.94056667,-136.6879833,0,176.3,17.4,175,9106302,9HJG9,CELEBRITY MERCURY,16,SITKA
2008-07-25T09:18:08,249053000,57.94156667,-136.6881,0,176.9,17.5,175,9106302,9HJG9,CELEBRITY MERCURY,16,SITKA
2008-07-25T09:17:44,249053000,57.94361667,-136.6882833,0,176.9,17.4,175,9106302,9HJG9,CELEBRITY MERCURY,16,SITKA
2008-07-25T09:17:25,249053000,57.94535,-136.68845,0,176.9,17.5,175,9106302,9HJG9,CELEBRITY MERCURY,16,SITKA
2008-07-25T09:17:14,249053000,57.94596667,-136.6885,0,176.6,17.5,175,9106302,9HJG9,CELEBRITY MERCURY,16,SITKA
2008-07-25T09:16:44,249053000,57.9484,-136.6887333,0,176.6,17.3,175,9106302,9HJG9,CELEBRITY MERCURY,16,SITKA
2008-07-25T09:16:32,249053000,57.94941667,-136.68885,0,176.9,17.5,175,9106302,9HJG9,CELEBRITY MERCURY,16,SITKA
2008-07-25T09:16:27,249053000,57.94981667,-136.6888833,0,176.6,17.4,175,9106302,9HJG9,CELEBRITY MERCURY,16,SITKA
2008-07-25T09:16:03,249053000,57.95166667,-136.6890833,0,176.9,17.3,175,9106302,9HJG9,CELEBRITY MERCURY,16,SITKA
2008-07-25T09:15:57,249053000,57.95341667,-136.68925,0,0.0,0.0,0,9106302,9HJG9,CELEBRITY MERCURY,16,SITKA
2008-07-25T09:15:44,249053000,57.95341667,-136.68925,0,176.9,17.5,175,9106302,9HJG9,CELEBRITY MERCURY,16,SITKA
2008-07-25T09:15:32,249053000,57.95421667,-136.6893333,0,176.6,17.4,176,9106302,9HJG9,CELEBRITY MERCURY,16,SITKA
2008-07-25T09:15:20,249053000,57.9553,-136.6894333,0,176.6,17.4,175,9106302,9HJG9,CELEBRITY MERCURY,16,SITKA
2008-07-25T09:15:08,249053000,57.956,-136.6895167,0,176.9,17.4,175,9106302,9HJG9,CELEBRITY MERCURY,16,SITKA
2008-07-25T09:14:56,249053000,57.95711667,-136.6896333,0,176.9,17.4,175,9106302,9HJG9,CELEBRITY MERCURY,16,SITKA
2008-07-25T09:14:49,249053000,57.95765,-136.6896833,0,176.6,17.4,175,9106302,9HJG9,CELEBRITY MERCURY,16,SITKA
2008-07-25T09:14:31,249053000,57.95908333,-136.6898167,0,176.9,17.4,175,9106302,9HJG9,CELEBRITY MERCURY,16,SITKA
2008-07-25T09:13:56,249053000,57.96191667,-136.6900833,0,177.9,17.5,175,9106302,9HJG9,CELEBRITY MERCURY,16,SITKA
2008-07-25T09:13:49,249053000,57.96236667,-136.6901167,0,177.9,17.5,176,9106302,9HJG9,CELEBRITY MERCURY,16,SITKA
2008-07-25T09:13:44,249053000,57.96293333,-136.6901667,0,177.6,17.5,176,9106302,9HJG9,CELEBRITY MERCURY,16,SITKA
2008-07-25T09:13:38,249053000,57.96371667,-136.69025,0,176.9,17.4,175,9106302,9HJG9,CELEBRITY MERCURY,16,SITKA
2008-07-25T09:13:33,249053000,57.96376667,-136.69025,0,176.9,17.5,175,9106302,9HJG9,CELEBRITY MERCURY,16,SITKA
2008-07-25T09:13:26,249053000,57.96425,-136.6903,0,177.2,17.5,175,9106302,9HJG9,CELEBRITY MERCURY,16,SITKA
2008-07-25T09:13:21,249053000,57.96471667,-136.6903333,0,176.9,17.5,175,9106302,9HJG9,CELEBRITY MERCURY,16,SITKA
2008-07-25T09:13:15,249053000,57.96518333,-136.6903833,0,177.2,17.5,175,9106302,9HJG9,CELEBRITY MERCURY,16,SITKA
2008-07-25T09:13:08,249053000,57.96575,-136.6904333,0,177.2,17.5,175,9106302,9HJG9,CELEBRITY MERCURY,16,SITKA
2008-07-25T09:12:49,249053000,57.96726667,-136.6906,0,176.9,17.7,175,9106302,9HJG9,CELEBRITY MERCURY,16,SITKA
2008-07-25T09:12:43,249053000,57.96773333,-136.6906333,0,177.2,17.7,175,9106302,9HJG9,CELEBRITY MERCURY,16,SITKA
2008-07-25T09:12:38,249053000,57.96811667,-136.6906833,0,177.2,17.7,175,9106302,9HJG9,CELEBRITY MERCURY,16,SITKA
2008-07-25T09:12:33,249053000,57.96876667,-136.6907333,0,176.9,17.5,175,9106302,9HJG9,CELEBRITY MERCURY,16,SITKA
2008-07-25T09:12:26,249053000,57.96918333,-136.6907667,0,177.2,17.7,175,9106302,9HJG9,CELEBRITY MERCURY,16,SITKA
2008-07-25T09:12:20,249053000,57.96981667,-136.6908333,0,177.2,17.8,175,9106302,9HJG9,CELEBRITY MERCURY,16,SITKA
2008-07-25T09:12:14,249053000,57.97013333,-136.6908667,0,176.9,17.5,175,9106302,9HJG9,CELEBRITY MERCURY,16,SITKA
2008-07-25T09:12:08,249053000,57.97055,-136.6909,0,176.9,17.5,175,9106302,9HJG9,CELEBRITY MERCURY,16,SITKA
2008-07-25T09:12:03,249053000,57.9711,-136.6909667,0,176.9,17.5,175,9106302,9HJG9,CELEBRITY MERCURY,16,SITKA
2008-07-25T09:11:56,249053000,57.97176667,-136.6910167,0,177.2,17.5,175,9106302,9HJG9,CELEBRITY MERCURY,16,SITKA
2008-07-25T09:11:49,249053000,57.97218333,-136.69105,0,177.2,17.5,175,9106302,9HJG9,CELEBRITY MERCURY,16,SITKA
2008-07-25T09:11:38,249053000,57.97323333,-136.6911667,0,177.2,17.5,175,9106302,9HJG9,CELEBRITY MERCURY,16,SITKA
2008-07-25T09:11:34,249053000,57.97385,-136.6912167,0,177.2,17.5,175,9106302,9HJG9,CELEBRITY MERCURY,16,SITKA
2008-07-25T09:11:26,249053000,57.974,-136.6912333,0,177.2,17.5,175,9106302,9HJG9,CELEBRITY MERCURY,16,SITKA
2008-07-25T09:11:20,249053000,57.97456667,-136.6913,0,177.2,17.5,175,9106302,9HJG9,CELEBRITY MERCURY,16,SITKA
2008-07-25T09:11:13,249053000,57.97513333,-136.69135,0,177.2,17.5,175,9106302,9HJG9,CELEBRITY MERCURY,16,SITKA
2008-07-25T09:11:08,249053000,57.9756,-136.6913833,0,176.9,17.5,175,9106302,9HJG9,CELEBRITY MERCURY,16,SITKA
2008-07-25T09:11:02,249053000,57.97598333,-136.6914333,0,176.6,17.5,175,9106302,9HJG9,CELEBRITY MERCURY,16,SITKA
2008-07-25T09:10:55,249053000,57.97646667,-136.6914833,0,176.9,17.5,175,9106302,9HJG9,CELEBRITY MERCURY,16,SITKA
2008-07-25T09:10:50,249053000,57.97695,-136.6915333,0,176.9,17.5,175,9106302,9HJG9,CELEBRITY MERCURY,16,SITKA
2008-07-25T09:10:43,249053000,57.97791667,-136.6916167,0,176.9,17.5,175,9106302,9HJG9,CELEBRITY MERCURY,16,SITKA
2008-07-25T09:10:38,249053000,57.97805,-136.6916333,0,176.9,17.5,175,9106302,9HJG9,CELEBRITY MERCURY,16,SITKA
2008-07-25T09:10:33,249053000,57.97845,-136.6916833,0,176.9,17.5,175,9106302,9HJG9,CELEBRITY MERCURY,16,SITKA
2008-07-25T09:10:26,249053000,57.979,-136.6917333,0,177.2,17.5,175,9106302,9HJG9,CELEBRITY MERCURY,16,SITKA
2008-07-25T09:10:23,249053000,57.97963333,-136.6918,0,177.2,17.5,175,9106302,9HJG9,CELEBRITY MERCURY,16,SITKA
2008-07-25T09:10:13,249053000,57.97993333,-136.6918333,0,176.6,17.5,175,9106302,9HJG9,CELEBRITY MERCURY,16,SITKA
2008-07-25T09:10:08,249053000,57.98033333,-136.6918667,0,176.9,17.5,175,9106302,9HJG9,CELEBRITY MERCURY,16,SITKA
2008-07-25T09:10:02,249053000,57.98088333,-136.6919333,0,176.9,17.7,175,9106302,9HJG9,CELEBRITY MERCURY,16,SITKA
2008-07-25T09:09:56,249053000,57.98151667,-136.692,0,177.2,17.5,175,9106302,9HJG9,CELEBRITY MERCURY,16,SITKA
2008-07-25T09:09:54,249053000,57.98191667,-136.6920333,0,0.0,0.0,0,9106302,9HJG9,CELEBRITY MERCURY,16,SITKA
2008-07-25T09:09:50,249053000,57.98191667,-136.6920333,0,177.2,17.5,175,9106302,9HJG9,CELEBRITY MERCURY,16,SITKA
2008-07-25T09:09:43,249053000,57.98246667,-136.6920667,0,177.2,17.5,175,9106302,9HJG9,CELEBRITY MERCURY,16,SITKA
2008-07-25T09:09:38,249053000,57.98285,-136.6921,0,177.2,17.5,175,9106302,9HJG9,CELEBRITY MERCURY,16,SITKA
2008-07-25T09:09:34,249053000,57.98316667,-136.6921333,0,177.2,17.5,175,9106302,9HJG9,CELEBRITY MERCURY,16,SITKA
2008-07-25T09:09:26,249053000,57.98398333,-136.6922,0,178.2,17.5,176,9106302,9HJG9,CELEBRITY MERCURY,16,SITKA
2008-07-25T09:09:19,249053000,57.98431667,-136.6922167,0,177.9,17.5,176,9106302,9HJG9,CELEBRITY MERCURY,16,SITKA
2008-07-25T09:09:13,249053000,57.9848,-136.6922667,0,177.9,17.5,176,9106302,9HJG9,CELEBRITY MERCURY,16,SITKA
2008-07-25T09:09:02,249053000,57.986,-136.6923833,0,176.9,17.5,175,9106302,9HJG9,CELEBRITY MERCURY,16,SITKA
2008-07-25T09:08:55,249053000,57.9864,-136.6924167,0,177.2,17.5,175,9106302,9HJG9,CELEBRITY MERCURY,16,SITKA
2008-07-25T09:08:50,249053000,57.9868,-136.69245,0,177.2,17.5,175,9106302,9HJG9,CELEBRITY MERCURY,16,SITKA
2008-07-25T09:08:43,249053000,57.98728333,-136.6924833,0,177.2,17.5,175,9106302,9HJG9,CELEBRITY MERCURY,16,SITKA
2008-07-25T09:08:38,249053000,57.98808333,-136.6925667,0,176.9,17.5,175,9106302,9HJG9,CELEBRITY MERCURY,16,SITKA
2008-07-25T09:08:32,249053000,57.98825,-136.6925833,0,177.2,17.5,175,9106302,9HJG9,CELEBRITY MERCURY,16,SITKA
2008-07-25T09:08:26,249053000,57.98881667,-136.69265,0,177.2,17.5,175,9106302,9HJG9,CELEBRITY MERCURY,16,SITKA
2008-07-25T09:08:13,249053000,57.99008333,-136.6927833,0,176.9,17.5,175,9106302,9HJG9,CELEBRITY MERCURY,16,SITKA
2008-07-25T09:08:08,249053000,57.99015,-136.6927833,0,176.9,17.5,175,9106302,9HJG9,CELEBRITY MERCURY,16,SITKA
2008-07-25T09:08:03,249053000,57.99061667,-136.6928167,0,176.9,17.5,175,9106302,9HJG9,CELEBRITY MERCURY,16,SITKA
2008-07-25T09:07:56,249053000,57.99118333,-136.6928833,0,176.9,17.5,175,9106302,9HJG9,CELEBRITY MERCURY,16,SITKA
2008-07-25T09:07:50,249053000,57.99166667,-136.6929333,0,176.9,17.5,175,9106302,9HJG9,CELEBRITY MERCURY,16,SITKA
2008-07-25T09:07:43,249053000,57.99221667,-136.6929833,0,176.9,17.4,175,9106302,9HJG9,CELEBRITY MERCURY,16,SITKA
2008-07-25T09:07:38,249053000,57.9926,-136.6930167,0,176.9,17.4,175,9106302,9HJG9,CELEBRITY MERCURY,16,SITKA
2008-07-25T09:07:32,249053000,57.99306667,-136.6930667,0,176.9,17.4,175,9106302,9HJG9,CELEBRITY MERCURY,16,SITKA
2008-07-25T09:07:26,249053000,57.99353333,-136.6931167,0,176.9,17.4,175,9106302,9HJG9,CELEBRITY MERCURY,16,SITKA
2008-07-25T09:07:19,249053000,57.99426667,-136.6931833,0,176.9,17.3,175,9106302,9HJG9,CELEBRITY MERCURY,16,SITKA
2008-07-25T09:07:14,249053000,57.99446667,-136.6932167,0,176.9,17.3,175,9106302,9HJG9,CELEBRITY MERCURY,16,SITKA
2008-07-25T09:07:08,249053000,57.99495,-136.6932667,0,177.3,17.2,175,9106302,9HJG9,CELEBRITY MERCURY,16,SITKA
2008-07-25T09:07:02,249053000,57.99548333,-136.6933167,0,177.3,17.3,175,9106302,9HJG9,CELEBRITY MERCURY,16,SITKA
2008-07-25T09:06:56,249053000,57.9962,-136.6933833,0,176.9,17.3,175,9106302,9HJG9,CELEBRITY MERCURY,16,SITKA
2008-07-25T09:06:50,249053000,57.9966,-136.6934167,0,176.9,17.3,176,9106302,9HJG9,CELEBRITY MERCURY,16,SITKA
2008-07-25T09:06:43,249053000,57.997,-136.69345,0,176.9,17.3,175,9106302,9HJG9,CELEBRITY MERCURY,16,SITKA
2008-07-25T09:06:38,249053000,57.99755,-136.6934833,0,176.6,17.4,175,9106302,9HJG9,CELEBRITY MERCURY,16,SITKA
2008-07-25T09:06:32,249053000,57.99826667,-136.6935667,0,176.9,17.2,175,9106302,9HJG9,CELEBRITY MERCURY,16,SITKA
2008-07-25T09:06:26,249053000,57.99865,-136.6936,0,176.9,17.3,175,9106302,9HJG9,CELEBRITY MERCURY,16,SITKA
2008-07-25T09:06:20,249053000,57.99886667,-136.6936333,0,176.9,17.2,175,9106302,9HJG9,CELEBRITY MERCURY,16,SITKA
2008-07-25T09:06:15,249053000,57.99935,-136.6936833,0,177.3,17.2,175,9106302,9HJG9,CELEBRITY MERCURY,16,SITKA
2008-07-25T09:06:08,249053000,58.0002,-136.6937667,0,177.3,17.2,175,9106302,9HJG9,CELEBRITY MERCURY,16,SITKA
2008-07-25T09:06:02,249053000,58.00026667,-136.6937833,0,177.3,17.2,175,9106302,9HJG9,CELEBRITY MERCURY,16,SITKA
2008-07-25T09:05:55,249053000,58.00083333,-136.6938333,0,177.6,17.2,175,9106302,9HJG9,CELEBRITY MERCURY,16,SITKA
2008-07-25T09:05:51,249053000,58.00121667,-136.69385,0,177.3,17.2,175,9106302,9HJG9,CELEBRITY MERCURY,16,SITKA
2008-07-25T09:05:43,249053000,58.00176667,-136.6939,0,177.3,17.3,175,9106302,9HJG9,CELEBRITY MERCURY,16,SITKA
2008-07-25T09:05:38,249053000,58.00221667,-136.69395,0,176.9,17.2,175,9106302,9HJG9,CELEBRITY MERCURY,16,SITKA
2008-07-25T09:05:33,249053000,58.00266667,-136.6939833,0,177.6,17.1,175,9106302,9HJG9,CELEBRITY MERCURY,16,SITKA
2008-07-25T09:05:26,249053000,58.00315,-136.6940333,0,177.6,17.1,175,9106302,9HJG9,CELEBRITY MERCURY,16,SITKA
2008-07-25T09:05:20,249053000,58.0036,-136.6940667,0,177.0,17.1,175,9106302,9HJG9,CELEBRITY MERCURY,16,SITKA
2008-07-25T09:05:15,249053000,58.00421667,-136.6941167,0,177.3,17.1,175,9106302,9HJG9,CELEBRITY MERCURY,16,SITKA
2008-07-25T09:05:08,249053000,58.00451667,-136.69415,0,177.3,17.1,175,9106302,9HJG9,CELEBRITY MERCURY,16,SITKA
2008-07-25T09:05:02,249053000,58.00505,-136.6941833,0,177.3,17.1,175,9106302,9HJG9,CELEBRITY MERCURY,16,SITKA
2008-07-25T09:04:57,249053000,58.00575,-136.69425,0,177.6,17.1,175,9106302,9HJG9,CELEBRITY MERCURY,16,SITKA
2008-07-25T09:04:49,249053000,58.00631667,-136.6943,0,177.3,17.1,175,9106302,9HJG9,CELEBRITY MERCURY,16,SITKA
2008-07-25T09:04:44,249053000,58.00653333,-136.6943167,0,177.3,17.1,175,9106302,9HJG9,CELEBRITY MERCURY,16,SITKA
2008-07-25T09:04:38,249053000,58.007,-136.69435,0,177.3,17.1,176,9106302,9HJG9,CELEBRITY MERCURY,16,SITKA
2008-07-25T09:04:34,249053000,58.00736667,-136.6943833,0,178.3,17.1,176,9106302,9HJG9,CELEBRITY MERCURY,16,SITKA
2008-07-25T09:04:26,249053000,58.00783333,-136.6944167,0,177.3,17.1,175,9106302,9HJG9,CELEBRITY MERCURY,16,SITKA
2008-07-25T09:04:20,249053000,58.00845,-136.6944667,0,178.0,17.1,176,9106302,9HJG9,CELEBRITY MERCURY,16,SITKA
2008-07-25T09:04:14,249053000,58.00891667,-136.6945,0,177.3,17.1,175,9106302,9HJG9,CELEBRITY MERCURY,16,SITKA
2008-07-25T09:04:08,249053000,58.0093,-136.6945333,0,177.3,17.1,175,9106302,9HJG9,CELEBRITY MERCURY,16,SITKA
2008-07-25T09:04:02,249053000,58.00976667,-136.6945833,0,177.3,17.0,175,9106302,9HJG9,CELEBRITY MERCURY,16,SITKA
2008-07-25T09:03:56,249053000,58.01053333,-136.69465,0,177.3,17.1,175,9106302,9HJG9,CELEBRITY MERCURY,16,SITKA
2008-07-25T09:03:55,249053000,58.01068333,-136.6946667,0,0.0,0.0,0,9106302,9HJG9,CELEBRITY MERCURY,16,SITKA
2008-07-25T09:03:49,249053000,58.01068333,-136.6946667,0,177.3,17.1,175,9106302,9HJG9,CELEBRITY MERCURY,16,SITKA
2008-07-25T09:03:44,249053000,58.01115,-136.6947,0,177.3,17.0,175,9106302,9HJG9,CELEBRITY MERCURY,16,SITKA
2008-07-25T09:03:38,249053000,58.0117,-136.69475,0,177.6,17.0,175,9106302,9HJG9,CELEBRITY MERCURY,16,SITKA
2008-07-25T09:03:32,249053000,58.01215,-136.6948,0,177.6,17.1,175,9106302,9HJG9,CELEBRITY MERCURY,16,SITKA
2008-07-25T09:03:26,249053000,58.0127,-136.6948333,0,177.3,17.0,175,9106302,9HJG9,CELEBRITY MERCURY,16,SITKA
2008-07-25T09:03:20,249053000,58.01323333,-136.6948833,0,177.6,17.0,175,9106302,9HJG9,CELEBRITY MERCURY,16,SITKA
2008-07-25T09:03:08,249053000,58.014,-136.69495,0,177.3,17.0,175,9106302,9HJG9,CELEBRITY MERCURY,16,SITKA
2008-07-25T09:03:03,249053000,58.0147,-136.695,0,178.0,17.1,175,9106302,9HJG9,CELEBRITY MERCURY,16,SITKA
2008-07-25T09:02:56,249053000,58.01491667,-136.6950167,0,177.6,17.1,175,9106302,9HJG9,CELEBRITY MERCURY,16,SITKA
2008-07-25T09:02:49,249053000,58.01555,-136.6950667,0,177.6,17.1,175,9106302,9HJG9,CELEBRITY MERCURY,16,SITKA
2008-07-25T09:02:44,249053000,58.01593333,-136.6951,0,177.6,17.1,175,9106302,9HJG9,CELEBRITY MERCURY,16,SITKA
2008-07-25T09:02:40,249053000,58.01671667,-136.69515,0,177.6,17.1,175,9106302,9HJG9,CELEBRITY MERCURY,16,SITKA
2008-07-25T09:02:32,249053000,58.01686667,-136.6951667,0,178.0,17.1,175,9106302,9HJG9,CELEBRITY MERCURY,16,SITKA
2008-07-25T09:02:26,249053000,58.01731667,-136.6952,0,178.3,17.2,175,9106302,9HJG9,CELEBRITY MERCURY,16,SITKA
2008-07-25T09:02:20,249053000,58.01786667,-136.6952333,0,178.6,17.3,175,9106302,9HJG9,CELEBRITY MERCURY,16,SITKA
2008-07-25T09:02:14,249053000,58.01866667,-136.6952667,0,178.3,17.2,175,9106302,9HJG9,CELEBRITY MERCURY,16,SITKA
2008-07-25T09:02:09,249053000,58.01871667,-136.6952667,0,178.6,17.3,175,9106302,9HJG9,CELEBRITY MERCURY,16,SITKA
2008-07-25T09:02:02,249053000,58.01928333,-136.6953,0,178.6,17.2,175,9106302,9HJG9,CELEBRITY MERCURY,16,SITKA
2008-07-25T09:01:57,249053000,58.01975,-136.6953167,0,178.3,17.2,175,9106302,9HJG9,CELEBRITY MERCURY,16,SITKA
2008-07-25T09:01:51,249053000,58.02068333,-136.6953833,0,178.6,17.3,175,9106302,9HJG9,CELEBRITY MERCURY,16,SITKA
2008-07-25T09:01:44,249053000,58.02068333,-136.6953833,0,178.6,17.3,175,9106302,9HJG9,CELEBRITY MERCURY,16,SITKA
2008-07-25T09:01:38,249053000,58.02115,-136.6954,0,178.6,17.3,175,9106302,9HJG9,CELEBRITY MERCURY,16,SITKA
2008-07-25T09:01:32,249053000,58.0217,-136.6954333,0,178.3,17.3,175,9106302,9HJG9,CELEBRITY MERCURY,16,SITKA
2008-07-25T09:01:26,249053000,58.02216667,-136.6954667,0,178.6,17.4,175,9106302,9HJG9,CELEBRITY MERCURY,16,SITKA
2008-07-25T09:01:20,249053000,58.02273333,-136.6955,0,178.5,17.5,175,9106302,9HJG9,CELEBRITY MERCURY,16,SITKA
2008-07-25T09:01:14,249053000,58.02311667,-136.6955167,0,178.9,17.5,175,9106302,9HJG9,CELEBRITY MERCURY,16,SITKA
2008-07-25T09:01:08,249053000,58.02368333,-136.69555,0,178.9,17.5,175,9106302,9HJG9,CELEBRITY MERCURY,16,SITKA
2008-07-25T09:01:02,249053000,58.02406667,-136.6955667,0,178.6,17.4,175,9106302,9HJG9,CELEBRITY MERCURY,16,SITKA
2008-07-25T09:00:56,249053000,58.02471667,-136.6956,0,178.6,17.4,175,9106302,9HJG9,CELEBRITY MERCURY,16,SITKA
2008-07-25T09:00:49,249053000,58.02511667,-136.6956167,0,178.6,17.4,175,9106302,9HJG9,CELEBRITY MERCURY,16,SITKA
2008-07-25T09:00:44,249053000,58.02551667,-136.6956333,0,178.5,17.5,175,9106302,9HJG9,CELEBRITY MERCURY,16,SITKA
2008-07-25T09:00:38,249053000,58.02606667,-136.69565,0,178.5,17.5,175,9106302,9HJG9,CELEBRITY MERCURY,16,SITKA
2008-07-25T09:00:33,249053000,58.02676667,-136.6956833,0,178.6,17.4,175,9106302,9HJG9,CELEBRITY MERCURY,16,SITKA
2008-07-25T09:00:26,249053000,58.02708333,-136.6957,0,178.2,17.4,175,9106302,9HJG9,CELEBRITY MERCURY,16,SITKA
2008-07-25T09:00:20,249053000,58.02748333,-136.6957167,0,178.2,17.5,175,9106302,9HJG9,CELEBRITY MERCURY,16,SITKA
2008-07-25T09:00:14,249053000,58.02801667,-136.69575,0,178.2,17.4,175,9106302,9HJG9,CELEBRITY MERCURY,16,SITKA
2008-07-25T09:00:08,249053000,58.02841667,-136.6957833,0,178.2,17.4,175,9106302,9HJG9,CELEBRITY MERCURY,16,SITKA
2008-07-25T09:00:03,249053000,58.0288,-136.6958,0,178.2,17.4,175,9106302,9HJG9,CELEBRITY MERCURY,16,SITKA
2008-07-25T08:59:56,249053000,58.02943333,-136.6958333,0,177.9,17.4,175,9106302,9HJG9,CELEBRITY MERCURY,16,SITKA
2008-07-25T08:59:50,249053000,58.0299,-136.69585,0,178.2,17.4,175,9106302,9HJG9,CELEBRITY MERCURY,16,SITKA
2008-07-25T08:59:44,249053000,58.03038333,-136.6958833,0,178.2,17.4,175,9106302,9HJG9,CELEBRITY MERCURY,16,SITKA
2008-07-25T08:59:38,249053000,58.03085,-136.6959167,0,178.6,17.4,175,9106302,9HJG9,CELEBRITY MERCURY,16,SITKA
2008-07-25T08:59:32,249053000,58.03133333,-136.69595,0,178.5,17.5,175,9106302,9HJG9,CELEBRITY MERCURY,16,SITKA
2008-07-25T08:59:25,249053000,58.03186667,-136.6959833,0,178.5,17.5,175,9106302,9HJG9,CELEBRITY MERCURY,16,SITKA
2008-07-25T08:59:20,249053000,58.03226667,-136.696,0,178.9,17.5,175,9106302,9HJG9,CELEBRITY MERCURY,16,SITKA
2008-07-25T08:59:14,249053000,58.033,-136.6960333,0,178.9,17.4,175,9106302,9HJG9,CELEBRITY MERCURY,16,SITKA
2008-07-25T08:59:08,249053000,58.0333,-136.69605,0,178.6,17.4,175,9106302,9HJG9,CELEBRITY MERCURY,16,SITKA
2008-07-25T08:59:03,249053000,58.03368333,-136.6960667,0,178.5,17.5,175,9106302,9HJG9,CELEBRITY MERCURY,16,SITKA
2008-07-25T08:58:56,249053000,58.03425,-136.6961,0,178.2,17.4,175,9106302,9HJG9,CELEBRITY MERCURY,16,SITKA
2008-07-25T08:58:49,249053000,58.03505,-136.6961167,0,178.2,17.4,175,9106302,9HJG9,CELEBRITY MERCURY,16,SITKA
2008-07-25T08:58:44,249053000,58.0354,-136.6961333,0,179.2,17.4,176,9106302,9HJG9,CELEBRITY MERCURY,16,SITKA
2008-07-25T08:58:37,249053000,58.03566667,-136.69615,0,178.2,17.4,175,9106302,9HJG9,CELEBRITY MERCURY,16,SITKA
2008-07-25T08:58:32,249053000,58.03611667,-136.6961667,0,178.2,17.4,175,9106302,9HJG9,CELEBRITY MERCURY,16,SITKA
2008-07-25T08:58:25,249053000,58.03668333,-136.6962,0,178.2,17.4,175,9106302,9HJG9,CELEBRITY MERCURY,16,SITKA
2008-07-25T08:58:19,249053000,58.03723333,-136.6962333,0,178.2,17.5,175,9106302,9HJG9,CELEBRITY MERCURY,16,SITKA
2008-07-25T08:58:14,249053000,58.03763333,-136.69625,0,177.9,17.5,175,9106302,9HJG9,CELEBRITY MERCURY,16,SITKA
2008-07-25T08:58:08,249053000,58.038,-136.6962833,0,178.2,17.5,175,9106302,9HJG9,CELEBRITY MERCURY,16,SITKA
2008-07-25T08:58:03,249053000,58.03858333,-136.6963167,0,178.2,17.5,175,9106302,9HJG9,CELEBRITY MERCURY,16,SITKA
2008-07-25T08:57:57,249053000,58.03923333,-136.69635,0,178.2,17.5,175,9106302,9HJG9,CELEBRITY MERCURY,16,SITKA
2008-07-25T08:57:55,249053000,58.03963333,-136.6963833,0,0.0,0.0,0,9106302,9HJG9,CELEBRITY MERCURY,16,SITKA
2008-07-25T08:57:49,249053000,58.03963333,-136.6963833,0,178.2,17.5,175,9106302,9HJG9,CELEBRITY MERCURY,16,SITKA
2008-07-25T08:57:44,249053000,58.0401,-136.6964,0,178.5,17.5,175,9106302,9HJG9,CELEBRITY MERCURY,16,SITKA
2008-07-25T08:57:38,249053000,58.0406,-136.6964333,0,178.8,17.7,175,9106302,9HJG9,CELEBRITY MERCURY,16,SITKA
2008-07-25T08:57:32,249053000,58.04125,-136.69645,0,178.8,17.7,175,9106302,9HJG9,CELEBRITY MERCURY,16,SITKA
2008-07-25T08:57:25,249053000,58.04165,-136.6964833,0,178.8,17.8,175,9106302,9HJG9,CELEBRITY MERCURY,16,SITKA
2008-07-25T08:57:19,249053000,58.04213333,-136.6965,0,179.8,17.8,176,9106302,9HJG9,CELEBRITY MERCURY,16,SITKA
2008-07-25T08:57:14,249053000,58.0432,-136.6965333,0,179.8,17.9,176,9106302,9HJG9,CELEBRITY MERCURY,16,SITKA
2008-07-25T08:57:08,249053000,58.04326667,-136.6965333,0,179.5,17.9,176,9106302,9HJG9,CELEBRITY MERCURY,16,SITKA
2008-07-25T08:57:03,249053000,58.0435,-136.6965333,0,179.5,17.9,176,9106302,9HJG9,CELEBRITY MERCURY,16,SITKA
2008-07-25T08:56:56,249053000,58.04408333,-136.6965333,0,179.8,17.9,176,9106302,9HJG9,CELEBRITY MERCURY,16,SITKA
2008-07-25T08:56:49,249053000,58.04455,-136.69655,0,179.5,17.9,176,9106302,9HJG9,CELEBRITY MERCURY,16,SITKA
2008-07-25T08:56:45,249053000,58.0452,-136.6965333,0,180.1,18.0,176,9106302,9HJG9,CELEBRITY MERCURY,16,SITKA
2008-07-25T08:56:37,249053000,58.04553333,-136.69655,0,180.1,18.0,176,9106302,9HJG9,CELEBRITY MERCURY,16,SITKA
2008-07-25T08:56:32,249053000,58.0461,-136.6965667,0,179.8,18.0,176,9106302,9HJG9,CELEBRITY MERCURY,16,SITKA
2008-07-25T08:56:25,249053000,58.0466,-136.6965667,0,179.8,18.0,176,9106302,9HJG9,CELEBRITY MERCURY,16,SITKA
2008-07-25T08:56:19,249053000,58.04725,-136.6965667,0,180.1,18.0,176,9106302,9HJG9,CELEBRITY MERCURY,16,SITKA
2008-07-25T08:56:14,249053000,58.04748333,-136.69655,0,180.1,18.0,176,9106302,9HJG9,CELEBRITY MERCURY,16,SITKA
2008-07-25T08:56:08,249053000,58.04796667,-136.6965333,0,180.1,18.0,176,9106302,9HJG9,CELEBRITY MERCURY,16,SITKA
2008-07-25T08:56:03,249053000,58.04855,-136.69655,0,180.1,18.0,176,9106302,9HJG9,CELEBRITY MERCURY,16,SITKA
2008-07-25T08:55:50,249053000,58.04953333,-136.69655,0,180.1,17.9,176,9106302,9HJG9,CELEBRITY MERCURY,16,SITKA
2008-07-25T08:55:46,249053000,58.05008333,-136.69655,0,180.1,18.0,176,9106302,9HJG9,CELEBRITY MERCURY,16,SITKA
2008-07-25T08:55:38,249053000,58.05093333,-136.6965333,0,180.4,18.1,176,9106302,9HJG9,CELEBRITY MERCURY,16,SITKA
2008-07-25T08:55:32,249053000,58.05123333,-136.6965167,0,180.4,18.0,176,9106302,9HJG9,CELEBRITY MERCURY,16,SITKA
2008-07-25T08:55:25,249053000,58.05155,-136.6965167,0,180.4,18.1,176,9106302,9HJG9,CELEBRITY MERCURY,16,SITKA
2008-07-25T08:55:19,249053000,58.05205,-136.6965333,0,180.4,18.0,176,9106302,9HJG9,CELEBRITY MERCURY,16,SITKA
2008-07-25T08:55:08,249053000,58.05326667,-136.6965167,0,180.7,18.1,176,9106302,9HJG9,CELEBRITY MERCURY,16,SITKA
2008-07-25T08:55:03,249053000,58.05341667,-136.6965167,0,180.7,18.1,176,9106302,9HJG9,CELEBRITY MERCURY,16,SITKA
2008-07-25T08:54:56,249053000,58.0541,-136.6965,0,180.7,18.1,176,9106302,9HJG9,CELEBRITY MERCURY,16,SITKA
2008-07-25T08:54:49,249053000,58.05458333,-136.6964833,0,181.1,18.0,176,9106302,9HJG9,CELEBRITY MERCURY,16,SITKA
2008-07-25T08:54:44,249053000,58.05531667,-136.69645,0,182.0,18.1,177,9106302,9HJG9,CELEBRITY MERCURY,16,SITKA
2008-07-25T08:54:37,249053000,58.05556667,-136.6964333,0,181.3,18.3,177,9106302,9HJG9,CELEBRITY MERCURY,16,SITKA
2008-07-25T08:54:32,249053000,58.05595,-136.6964167,0,182.3,18.3,178,9106302,9HJG9,CELEBRITY MERCURY,16,SITKA
2008-07-25T08:54:25,249053000,58.05663333,-136.6963667,0,182.1,18.0,178,9106302,9HJG9,CELEBRITY MERCURY,16,SITKA
2008-07-25T08:54:20,249053000,58.05728333,-136.6963167,0,182.7,18.0,178,9106302,9HJG9,CELEBRITY MERCURY,16,SITKA
2008-07-25T08:54:14,249053000,58.05751667,-136.6963,0,182.4,18.1,178,9106302,9HJG9,CELEBRITY MERCURY,16,SITKA
2008-07-25T08:54:08,249053000,58.058,-136.6962667,0,182.4,18.2,178,9106302,9HJG9,CELEBRITY MERCURY,16,SITKA
2008-07-25T08:54:03,249053000,58.05876667,-136.6962167,0,182.4,18.1,178,9106302,9HJG9,CELEBRITY MERCURY,16,SITKA
2008-07-25T08:53:56,249053000,58.05943333,-136.6961667,0,182.1,18.0,178,9106302,9HJG9,CELEBRITY MERCURY,16,SITKA
2008-07-25T08:53:44,249053000,58.06006667,-136.6961167,0,183.1,18.1,179,9106302,9HJG9,CELEBRITY MERCURY,16,SITKA
2008-07-25T08:53:38,249053000,58.06056667,-136.6960667,0,182.7,18.1,179,9106302,9HJG9,CELEBRITY MERCURY,16,SITKA
2008-07-25T08:53:32,249053000,58.06138333,-136.6960167,0,181.4,18.0,178,9106302,9HJG9,CELEBRITY MERCURY,16,SITKA
2008-07-25T08:53:25,249053000,58.06163333,-136.696,0,181.8,18.0,178,9106302,9HJG9,CELEBRITY MERCURY,16,SITKA
2008-07-25T08:53:20,249053000,58.06211667,-136.6959667,0,182.1,18.1,178,9106302,9HJG9,CELEBRITY MERCURY,16,SITKA
2008-07-25T08:53:14,249053000,58.0625,-136.6959333,0,181.7,18.1,178,9106302,9HJG9,CELEBRITY MERCURY,16,SITKA
2008-07-25T08:53:08,249053000,58.06345,-136.6958833,0,182.1,18.1,178,9106302,9HJG9,CELEBRITY MERCURY,16,SITKA
2008-07-25T08:53:03,249053000,58.0635,-136.6958667,0,181.7,18.1,178,9106302,9HJG9,CELEBRITY MERCURY,16,SITKA
2008-07-25T08:52:56,249053000,58.0641,-136.6958333,0,181.4,18.0,178,9106302,9HJG9,CELEBRITY MERCURY,16,SITKA
2008-07-25T08:52:50,249053000,58.06448333,-136.6958,0,181.8,18.0,178,9106302,9HJG9,CELEBRITY MERCURY,16,SITKA
2008-07-25T08:52:45,249053000,58.06538333,-136.69575,0,181.1,18.0,178,9106302,9HJG9,CELEBRITY MERCURY,16,SITKA
2008-07-25T08:52:37,249053000,58.06565,-136.6957333,0,181.8,18.0,178,9106302,9HJG9,CELEBRITY MERCURY,16,SITKA
2008-07-25T08:52:32,249053000,58.06603333,-136.6957167,0,181.8,18.0,178,9106302,9HJG9,CELEBRITY MERCURY,16,SITKA
2008-07-25T08:52:25,249053000,58.0667,-136.6956833,0,180.8,17.9,177,9106302,9HJG9,CELEBRITY MERCURY,16,SITKA
2008-07-25T08:52:20,249053000,58.06743333,-136.6956667,0,181.8,18.0,178,9106302,9HJG9,CELEBRITY MERCURY,16,SITKA
2008-07-25T08:52:14,249053000,58.06768333,-136.69565,0,181.8,18.0,178,9106302,9HJG9,CELEBRITY MERCURY,16,SITKA
2008-07-25T08:52:08,249053000,58.06811667,-136.6956333,0,181.8,18.0,178,9106302,9HJG9,CELEBRITY MERCURY,16,SITKA
2008-07-25T08:52:03,249053000,58.0685,-136.6956167,0,181.8,17.9,178,9106302,9HJG9,CELEBRITY MERCURY,16,SITKA
2008-07-25T08:51:56,249053000,58.0694,-136.6955833,0,0.0,0.0,0,9106302,9HJG9,CELEBRITY MERCURY,16,SITKA
2008-07-25T08:51:56,249053000,58.0694,-136.6955833,0,181.1,17.9,177,9106302,9HJG9,CELEBRITY MERCURY,16,SITKA
2008-07-25T08:51:50,249053000,58.06955,-136.6955667,0,181.1,17.9,177,9106302,9HJG9,CELEBRITY MERCURY,16,SITKA
2008-07-25T08:51:45,249053000,58.07003333,-136.69555,0,181.1,18.0,177,9106302,9HJG9,CELEBRITY MERCURY,16,SITKA
2008-07-25T08:51:38,249053000,58.0707,-136.6955167,0,182.1,18.0,178,9106302,9HJG9,CELEBRITY MERCURY,16,SITKA
2008-07-25T08:51:32,249053000,58.07136667,-136.6954667,0,182.1,18.0,178,9106302,9HJG9,CELEBRITY MERCURY,16,SITKA
2008-07-25T08:51:25,249053000,58.07163333,-136.69545,0,182.1,17.8,178,9106302,9HJG9,CELEBRITY MERCURY,16,SITKA
2008-07-25T08:51:20,249053000,58.072,-136.6954167,0,182.1,17.8,178,9106302,9HJG9,CELEBRITY MERCURY,16,SITKA
2008-07-25T08:51:14,249053000,58.07248333,-136.6953833,0,181.8,17.8,178,9106302,9HJG9,CELEBRITY MERCURY,16,SITKA
2008-07-25T08:51:08,249053000,58.07346667,-136.6953,0,182.1,17.8,178,9106302,9HJG9,CELEBRITY MERCURY,16,SITKA
2008-07-25T08:51:03,249053000,58.07351667,-136.6953,0,182.1,17.8,178,9106302,9HJG9,CELEBRITY MERCURY,16,SITKA
2008-07-25T08:50:56,249053000,58.07401667,-136.6952667,0,182.1,17.8,178,9106302,9HJG9,CELEBRITY MERCURY,16,SITKA
2008-07-25T08:50:50,249053000,58.07451667,-136.6952333,0,182.2,17.7,178,9106302,9HJG9,CELEBRITY MERCURY,16,SITKA
2008-07-25T08:50:44,249053000,58.07498333,-136.6952,0,181.9,17.5,178,9106302,9HJG9,CELEBRITY MERCURY,16,SITKA
2008-07-25T08:50:37,249053000,58.07555,-136.6951667,0,181.2,17.7,178,9106302,9HJG9,CELEBRITY MERCURY,16,SITKA
2008-07-25T08:50:33,249053000,58.07595,-136.69515,0,180.9,17.5,177,9106302,9HJG9,CELEBRITY MERCURY,16,SITKA
2008-07-25T08:50:25,249053000,58.0765,-136.6951333,0,181.2,17.5,177,9106302,9HJG9,CELEBRITY MERCURY,16,SITKA
2008-07-25T08:50:20,249053000,58.07706667,-136.6951,0,181.2,17.7,177,9106302,9HJG9,CELEBRITY MERCURY,16,SITKA
2008-07-25T08:50:14,249053000,58.07756667,-136.6950833,0,181.2,17.7,177,9106302,9HJG9,CELEBRITY MERCURY,16,SITKA
2008-07-25T08:50:08,249053000,58.07805,-136.69505,0,182.2,17.7,178,9106302,9HJG9,CELEBRITY MERCURY,16,SITKA
2008-07-25T08:50:03,249053000,58.07841667,-136.6950167,0,182.5,17.8,178,9106302,9HJG9,CELEBRITY MERCURY,16,SITKA
2008-07-25T08:49:56,249053000,58.07901667,-136.6949833,0,182.5,17.7,178,9106302,9HJG9,CELEBRITY MERCURY,16,SITKA
2008-07-25T08:49:50,249053000,58.07963333,-136.6949333,0,181.9,17.5,177,9106302,9HJG9,CELEBRITY MERCURY,16,SITKA
2008-07-25T08:49:44,249053000,58.08005,-136.6949167,0,182.6,17.5,178,9106302,9HJG9,CELEBRITY MERCURY,16,SITKA
2008-07-25T08:49:37,249053000,58.08051667,-136.6948667,0,182.6,17.5,178,9106302,9HJG9,CELEBRITY MERCURY,16,SITKA
2008-07-25T08:49:32,249053000,58.08091667,-136.6948333,0,182.5,17.6,178,9106302,9HJG9,CELEBRITY MERCURY,16,SITKA
2008-07-25T08:49:27,249053000,58.08171667,-136.6947667,0,182.2,17.4,178,9106302,9HJG9,CELEBRITY MERCURY,16,SITKA
2008-07-25T08:49:20,249053000,58.0822,-136.6947333,0,182.2,17.4,178,9106302,9HJG9,CELEBRITY MERCURY,16,SITKA
2008-07-25T08:49:14,249053000,58.08233333,-136.6947333,0,182.2,17.4,178,9106302,9HJG9,CELEBRITY MERCURY,16,SITKA
2008-07-25T08:49:08,249053000,58.0829,-136.6947,0,182.6,17.5,178,9106302,9HJG9,CELEBRITY MERCURY,16,SITKA
2008-07-25T08:49:03,249053000,58.08328333,-136.6946833,0,182.6,17.4,178,9106302,9HJG9,CELEBRITY MERCURY,16,SITKA
2008-07-25T08:48:56,249053000,58.08383333,-136.6946167,0,182.6,17.3,178,9106302,9HJG9,CELEBRITY MERCURY,16,SITKA
2008-07-25T08:48:52,249053000,58.0843,-136.6945833,0,182.9,17.3,178,9106302,9HJG9,CELEBRITY MERCURY,16,SITKA
2008-07-25T08:48:45,249053000,58.08476667,-136.6945333,0,182.6,17.2,178,9106302,9HJG9,CELEBRITY MERCURY,16,SITKA
2008-07-25T08:48:37,249053000,58.08533333,-136.6944833,0,183.3,17.2,178,9106302,9HJG9,CELEBRITY MERCURY,16,SITKA
2008-07-25T08:48:32,249053000,58.08578333,-136.69445,0,183.6,17.2,178,9106302,9HJG9,CELEBRITY MERCURY,16,SITKA
2008-07-25T08:48:25,249053000,58.08626667,-136.6944,0,184.0,17.2,178,9106302,9HJG9,CELEBRITY MERCURY,16,SITKA
2008-07-25T08:48:20,249053000,58.08665,-136.69435,0,183.6,17.2,178,9106302,9HJG9,CELEBRITY MERCURY,16,SITKA
2008-07-25T08:48:14,249053000,58.08728333,-136.6942667,0,184.3,17.2,178,9106302,9HJG9,CELEBRITY MERCURY,16,SITKA
2008-07-25T08:48:09,249053000,58.08785,-136.6942333,0,185.6,17.2,179,9106302,9HJG9,CELEBRITY MERCURY,16,SITKA
2008-07-25T08:48:03,249053000,58.08813333,-136.6941833,0,185.6,17.3,179,9106302,9HJG9,CELEBRITY MERCURY,16,SITKA
2008-07-25T08:47:56,249053000,58.08868333,-136.6940833,0,186.9,17.3,180,9106302,9HJG9,CELEBRITY MERCURY,16,SITKA
2008-07-25T08:47:50,249053000,58.08946667,-136.6939,0,186.6,17.3,180,9106302,9HJG9,CELEBRITY MERCURY,16,SITKA
2008-07-25T08:47:44,249053000,58.08986667,-136.6938167,0,189.5,17.5,181,9106302,9HJG9,CELEBRITY MERCURY,16,SITKA
2008-07-25T08:47:38,249053000,58.0901,-136.69375,0,190.2,17.4,183,9106302,9HJG9,CELEBRITY MERCURY,16,SITKA
2008-07-25T08:47:32,249053000,58.09056667,-136.6936167,0,191.5,17.5,184,9106302,9HJG9,CELEBRITY MERCURY,16,SITKA
2008-07-25T08:47:25,249053000,58.09111667,-136.6934167,0,192.2,17.5,185,9106302,9HJG9,CELEBRITY MERCURY,16,SITKA
2008-07-25T08:47:20,249053000,58.0918,-136.69315,0,193.2,17.5,186,9106302,9HJG9,CELEBRITY MERCURY,16,SITKA
2008-07-25T08:47:14,249053000,58.09196667,-136.6931,0,194.1,17.7,187,9106302,9HJG9,CELEBRITY MERCURY,16,SITKA
2008-07-25T08:47:08,249053000,58.0925,-136.69285,0,195.7,17.9,188,9106302,9HJG9,CELEBRITY MERCURY,16,SITKA
2008-07-25T08:47:02,249053000,58.09286667,-136.69265,0,195.4,17.8,188,9106302,9HJG9,CELEBRITY MERCURY,16,SITKA
2008-07-25T08:46:56,249053000,58.09385,-136.69215,0,197.4,17.8,190,9106302,9HJG9,CELEBRITY MERCURY,16,SITKA
2008-07-25T08:46:50,249053000,58.09383333,-136.6921667,0,198.7,17.9,191,9106302,9HJG9,CELEBRITY MERCURY,16,SITKA
2008-07-25T08:46:44,249053000,58.09436667,-136.69185,0,199.9,18.0,192,9106302,9HJG9,CELEBRITY MERCURY,16,SITKA
2008-07-25T08:46:38,249053000,58.09483333,-136.6915667,0,200.9,18.1,192,9106302,9HJG9,CELEBRITY MERCURY,16,SITKA
2008-07-25T08:46:32,249053000,58.09528333,-136.69125,0,200.9,18.2,193,9106302,9HJG9,CELEBRITY MERCURY,16,SITKA
2008-07-25T08:46:25,249053000,58.09595,-136.6908,0,203.8,18.2,194,9106302,9HJG9,CELEBRITY MERCURY,16,SITKA
2008-07-25T08:46:20,249053000,58.0963,-136.6905333,0,204.1,18.4,196,9106302,9HJG9,CELEBRITY MERCURY,16,SITKA
2008-07-25T08:46:14,249053000,58.097,-136.6899167,0,205.3,18.5,197,9106302,9HJG9,CELEBRITY MERCURY,16,SITKA
2008-07-25T08:46:08,249053000,58.09723333,-136.6897333,0,207.0,18.6,199,9106302,9HJG9,CELEBRITY MERCURY,16,SITKA
2008-07-25T08:46:02,249053000,58.09805,-136.68895,0,207.9,18.7,200,9106302,9HJG9,CELEBRITY MERCURY,16,SITKA
2008-07-25T08:45:56,249053000,58.09813333,-136.6888833,0,208.7,18.6,201,9106302,9HJG9,CELEBRITY MERCURY,16,SITKA
2008-07-25T08:45:52,249053000,58.09856667,-136.6884333,0,0.0,0.0,0,9106302,9HJG9,CELEBRITY MERCURY,16,SITKA
2008-07-25T08:45:50,249053000,58.09856667,-136.6884333,0,209.3,18.7,202,9106302,9HJG9,CELEBRITY MERCURY,16,SITKA
2008-07-25T08:45:44,249053000,58.099,-136.6879833,0,210.3,18.7,203,9106302,9HJG9,CELEBRITY MERCURY,16,SITKA
2008-07-25T08:45:37,249053000,58.09953333,-136.6874167,0,211.0,18.6,204,9106302,9HJG9,CELEBRITY MERCURY,16,SITKA
2008-07-25T08:45:32,249053000,58.10016667,-136.6867,0,212.6,18.7,205,9106302,9HJG9,CELEBRITY MERCURY,16,SITKA
2008-07-25T08:45:26,249053000,58.10033333,-136.6865,0,213.7,18.7,207,9106302,9HJG9,CELEBRITY MERCURY,16,SITKA
2008-07-25T08:45:20,249053000,58.10081667,-136.6859333,0,214.4,18.8,208,9106302,9HJG9,CELEBRITY MERCURY,16,SITKA
2008-07-25T08:45:14,249053000,58.10126667,-136.6853667,0,215.0,18.9,209,9106302,9HJG9,CELEBRITY MERCURY,16,SITKA
2008-07-25T08:45:08,249053000,58.10168333,-136.6848167,0,215.7,18.9,210,9106302,9HJG9,CELEBRITY MERCURY,16,SITKA
2008-07-25T08:45:02,249053000,58.10223333,-136.6840833,0,216.7,18.9,211,9106302,9HJG9,CELEBRITY MERCURY,16,SITKA
2008-07-25T08:44:58,249053000,58.10251667,-136.6836833,0,217.1,18.9,212,9106302,9HJG9,CELEBRITY MERCURY,16,SITKA
2008-07-25T08:44:50,249053000,58.10293333,-136.6831,0,217.8,18.9,213,9106302,9HJG9,CELEBRITY MERCURY,16,SITKA
2008-07-25T08:44:44,249053000,58.1034,-136.6824,0,219.1,18.9,213,9106302,9HJG9,CELEBRITY MERCURY,16,SITKA
2008-07-25T08:44:37,249053000,58.10421667,-136.6811333,0,218.5,18.9,214,9106302,9HJG9,CELEBRITY MERCURY,16,SITKA
2008-07-25T08:44:32,249053000,58.10428333,-136.6810667,0,219.5,18.9,215,9106302,9HJG9,CELEBRITY MERCURY,16,SITKA
2008-07-25T08:44:26,249053000,58.10461667,-136.6805667,0,219.2,18.9,215,9106302,9HJG9,CELEBRITY MERCURY,16,SITKA
2008-07-25T08:44:19,249053000,58.10516667,-136.6797333,0,220.2,18.9,216,9106302,9HJG9,CELEBRITY MERCURY,16,SITKA
2008-07-25T08:44:14,249053000,58.1054,-136.6793333,0,219.9,18.9,216,9106302,9HJG9,CELEBRITY MERCURY,16,SITKA
2008-07-25T08:44:08,249053000,58.10586667,-136.6786,0,220.5,19.1,217,9106302,9HJG9,CELEBRITY MERCURY,16,SITKA
2008-07-25T08:44:02,249053000,58.10626667,-136.6779667,0,221.5,19.2,218,9106302,9HJG9,CELEBRITY MERCURY,16,SITKA
2008-07-25T08:43:56,249053000,58.10665,-136.6773,0,221.5,19.1,218,9106302,9HJG9,CELEBRITY MERCURY,16,SITKA
2008-07-25T08:43:50,249053000,58.10703333,-136.67665,0,221.6,18.9,218,9106302,9HJG9,CELEBRITY MERCURY,16,SITKA
2008-07-25T08:43:45,249053000,58.1075,-136.6759167,0,221.6,18.9,218,9106302,9HJG9,CELEBRITY MERCURY,16,SITKA
2008-07-25T08:43:37,249053000,58.10783333,-136.6753667,0,221.8,19.2,218,9106302,9HJG9,CELEBRITY MERCURY,16,SITKA
2008-07-25T08:43:32,249053000,58.10828333,-136.6746,0,221.5,19.2,218,9106302,9HJG9,CELEBRITY MERCURY,16,SITKA
2008-07-25T08:43:26,249053000,58.1086,-136.6740667,0,221.2,19.3,218,9106302,9HJG9,CELEBRITY MERCURY,16,SITKA
2008-07-25T08:43:19,249053000,58.109,-136.6734167,0,221.2,19.2,218,9106302,9HJG9,CELEBRITY MERCURY,16,SITKA
2008-07-25T08:43:14,249053000,58.10931667,-136.6728667,0,221.5,19.2,218,9106302,9HJG9,CELEBRITY MERCURY,16,SITKA
2008-07-25T08:43:07,249053000,58.11018333,-136.67145,0,221.2,19.3,218,9106302,9HJG9,CELEBRITY MERCURY,16,SITKA
2008-07-25T08:43:02,249053000,58.11031667,-136.67125,0,221.6,19.3,219,9106302,9HJG9,CELEBRITY MERCURY,16,SITKA
2008-07-25T08:42:57,249053000,58.11063333,-136.6707,0,220.6,19.3,218,9106302,9HJG9,CELEBRITY MERCURY,16,SITKA
2008-07-25T08:42:50,249053000,58.11101667,-136.67005,0,220.6,19.3,218,9106302,9HJG9,CELEBRITY MERCURY,16,SITKA
2008-07-25T08:42:44,249053000,58.11143333,-136.6693667,0,220.3,19.2,218,9106302,9HJG9,CELEBRITY MERCURY,16,SITKA
2008-07-25T08:42:37,249053000,58.1123,-136.66795,0,220.3,19.2,218,9106302,9HJG9,CELEBRITY MERCURY,16,SITKA
2008-07-25T08:42:33,249053000,58.1123,-136.6679833,0,220.6,19.2,218,9106302,9HJG9,CELEBRITY MERCURY,16,SITKA
2008-07-25T08:42:26,249053000,58.11268333,-136.66735,0,220.6,19.2,218,9106302,9HJG9,CELEBRITY MERCURY,16,SITKA
2008-07-25T08:42:19,249053000,58.11316667,-136.6665667,0,220.3,19.3,218,9106302,9HJG9,CELEBRITY MERCURY,16,SITKA
2008-07-25T08:42:15,249053000,58.11348333,-136.6660667,0,220.3,19.3,218,9106302,9HJG9,CELEBRITY MERCURY,16,SITKA
2008-07-25T08:42:07,249053000,58.1139,-136.6654333,0,221.0,19.3,219,9106302,9HJG9,CELEBRITY MERCURY,16,SITKA
2008-07-25T08:42:02,249053000,58.11435,-136.6646667,0,220.0,19.3,218,9106302,9HJG9,CELEBRITY MERCURY,16,SITKA
2008-07-25T08:41:56,249053000,58.1147,-136.6641333,0,220.0,19.3,218,9106302,9HJG9,CELEBRITY MERCURY,16,SITKA
2008-07-25T08:41:50,249053000,58.11515,-136.6633833,0,220.0,19.3,218,9106302,9HJG9,CELEBRITY MERCURY,16,SITKA
2008-07-25T08:41:44,249053000,58.1155,-136.6628333,0,220.3,19.3,218,9106302,9HJG9,CELEBRITY MERCURY,16,SITKA
2008-07-25T08:41:37,249053000,58.11636667,-136.66145,0,220.3,19.3,218,9106302,9HJG9,CELEBRITY MERCURY,16,SITKA
2008-07-25T08:41:32,249053000,58.11635,-136.6614833,0,220.3,19.3,218,9106302,9HJG9,CELEBRITY MERCURY,16,SITKA
2008-07-25T08:41:26,249053000,58.11676667,-136.6608333,0,220.0,19.3,218,9106302,9HJG9,CELEBRITY MERCURY,16,SITKA
2008-07-25T08:41:19,249053000,58.11723333,-136.6601,0,219.7,19.3,218,9106302,9HJG9,CELEBRITY MERCURY,16,SITKA
2008-07-25T08:41:14,249053000,58.11756667,-136.6595667,0,219.7,19.2,218,9106302,9HJG9,CELEBRITY MERCURY,16,SITKA
2008-07-25T08:41:07,249053000,58.11831667,-136.6583667,0,219.7,19.3,218,9106302,9HJG9,CELEBRITY MERCURY,16,SITKA
2008-07-25T08:41:02,249053000,58.11843333,-136.6581667,0,220.0,19.3,218,9106302,9HJG9,CELEBRITY MERCURY,16,SITKA
2008-07-25T08:40:56,249053000,58.11881667,-136.6575333,0,220.0,19.3,218,9106302,9HJG9,CELEBRITY MERCURY,16,SITKA
2008-07-25T08:40:50,249053000,58.11923333,-136.6568833,0,220.0,19.2,218,9106302,9HJG9,CELEBRITY MERCURY,16,SITKA
2008-07-25T08:40:44,249053000,58.11963333,-136.65625,0,220.3,19.3,218,9106302,9HJG9,CELEBRITY MERCURY,16,SITKA
2008-07-25T08:40:37,249053000,58.12036667,-136.65505,0,220.3,19.3,218,9106302,9HJG9,CELEBRITY MERCURY,16,SITKA
2008-07-25T08:40:32,249053000,58.12048333,-136.6548833,0,220.0,19.3,218,9106302,9HJG9,CELEBRITY MERCURY,16,SITKA
2008-07-25T08:40:26,249053000,58.12083333,-136.65435,0,220.0,19.4,218,9106302,9HJG9,CELEBRITY MERCURY,16,SITKA
2008-07-25T08:40:19,249053000,58.12131667,-136.6535833,0,220.0,19.4,218,9106302,9HJG9,CELEBRITY MERCURY,16,SITKA
2008-07-25T08:40:15,249053000,58.1217,-136.65295,0,220.0,19.4,218,9106302,9HJG9,CELEBRITY MERCURY,16,SITKA
2008-07-25T08:40:07,249053000,58.12238333,-136.6518667,0,220.0,19.4,218,9106302,9HJG9,CELEBRITY MERCURY,16,SITKA
2008-07-25T08:40:02,249053000,58.12251667,-136.65165,0,220.3,19.4,218,9106302,9HJG9,CELEBRITY MERCURY,16,SITKA
2008-07-25T08:39:55,249053000,58.12298333,-136.6509,0,220.3,19.4,218,9106302,9HJG9,CELEBRITY MERCURY,16,SITKA
2008-07-25T08:39:51,249053000,58.12331667,-136.65035,0,0.0,0.0,0,9106302,9HJG9,CELEBRITY MERCURY,16,SITKA
2008-07-25T08:39:50,249053000,58.12331667,-136.65035,0,219.7,19.5,218,9106302,9HJG9,CELEBRITY MERCURY,16,SITKA
2008-07-25T08:39:44,249053000,58.1237,-136.64975,0,219.7,19.5,218,9106302,9HJG9,CELEBRITY MERCURY,16,SITKA
2008-07-25T08:39:37,249053000,58.12441667,-136.64865,0,219.4,19.4,218,9106302,9HJG9,CELEBRITY MERCURY,16,SITKA
2008-07-25T08:39:32,249053000,58.12445,-136.6485667,0,219.4,19.4,218,9106302,9HJG9,CELEBRITY MERCURY,16,SITKA
2008-07-25T08:39:26,249053000,58.125,-136.6477,0,219.1,19.4,218,9106302,9HJG9,CELEBRITY MERCURY,16,SITKA
2008-07-25T08:39:19,249053000,58.12541667,-136.64705,0,220.1,19.4,219,9106302,9HJG9,CELEBRITY MERCURY,16,SITKA
2008-07-25T08:39:14,249053000,58.12573333,-136.6465333,0,219.4,19.4,218,9106302,9HJG9,CELEBRITY MERCURY,16,SITKA
2008-07-25T08:39:07,249053000,58.12643333,-136.64545,0,219.7,19.5,218,9106302,9HJG9,CELEBRITY MERCURY,16,SITKA
2008-07-25T08:39:02,249053000,58.12663333,-136.6451333,0,219.7,19.5,218,9106302,9HJG9,CELEBRITY MERCURY,16,SITKA
2008-07-25T08:38:55,249053000,58.12705,-136.6445,0,219.4,19.5,218,9106302,9HJG9,CELEBRITY MERCURY,16,SITKA
2008-07-25T08:38:50,249053000,58.12751667,-136.6437667,0,219.4,19.7,218,9106302,9HJG9,CELEBRITY MERCURY,16,SITKA
2008-07-25T08:38:44,249053000,58.12786667,-136.6432333,0,219.1,19.5,218,9106302,9HJG9,CELEBRITY MERCURY,16,SITKA
2008-07-25T08:38:37,249053000,58.12843333,-136.64235,0,218.8,19.5,218,9106302,9HJG9,CELEBRITY MERCURY,16,SITKA
2008-07-25T08:38:32,249053000,58.1289,-136.6416333,0,219.1,19.5,218,9106302,9HJG9,CELEBRITY MERCURY,16,SITKA
2008-07-25T08:38:26,249053000,58.12916667,-136.6412167,0,219.1,19.5,218,9106302,9HJG9,CELEBRITY MERCURY,16,SITKA
2008-07-25T08:38:19,249053000,58.12958333,-136.6405667,0,219.4,19.7,218,9106302,9HJG9,CELEBRITY MERCURY,16,SITKA
2008-07-25T08:38:14,249053000,58.12998333,-136.63995,0,220.0,19.8,218,9106302,9HJG9,CELEBRITY MERCURY,16,SITKA
2008-07-25T08:38:07,249053000,58.13076667,-136.6387667,0,220.0,19.8,218,9106302,9HJG9,CELEBRITY MERCURY,16,SITKA
2008-07-25T08:38:02,249053000,58.13073333,-136.6387833,0,220.0,19.8,218,9106302,9HJG9,CELEBRITY MERCURY,16,SITKA
2008-07-25T08:37:55,249053000,58.1313,-136.6379167,0,220.3,19.9,218,9106302,9HJG9,CELEBRITY MERCURY,16,SITKA
2008-07-25T08:37:50,249053000,58.13163333,-136.6373667,0,220.0,19.9,218,9106302,9HJG9,CELEBRITY MERCURY,16,SITKA
2008-07-25T08:37:44,249053000,58.13205,-136.6367,0,219.9,20.1,218,9106302,9HJG9,CELEBRITY MERCURY,16,SITKA
2008-07-25T08:37:38,249053000,58.13275,-136.6355833,0,219.7,20.2,218,9106302,9HJG9,CELEBRITY MERCURY,16,SITKA
2008-07-25T08:37:32,249053000,58.13288333,-136.6353833,0,219.7,20.2,218,9106302,9HJG9,CELEBRITY MERCURY,16,SITKA
2008-07-25T08:37:26,249053000,58.13331667,-136.6347333,0,219.7,20.1,218,9106302,9HJG9,CELEBRITY MERCURY,16,SITKA
2008-07-25T08:37:19,249053000,58.1339,-136.6338333,0,219.4,20.1,218,9106302,9HJG9,CELEBRITY MERCURY,16,SITKA
2008-07-25T08:37:15,249053000,58.13431667,-136.6331667,0,219.4,20.1,218,9106302,9HJG9,CELEBRITY MERCURY,16,SITKA
2008-07-25T08:37:07,249053000,58.13473333,-136.6324833,0,219.7,20.0,218,9106302,9HJG9,CELEBRITY MERCURY,16,SITKA
2008-07-25T08:37:02,249053000,58.13536667,-136.6315,0,219.4,19.9,218,9106302,9HJG9,CELEBRITY MERCURY,16,SITKA
2008-07-25T08:36:55,249053000,58.13558333,-136.6311833,0,219.7,20.0,218,9106302,9HJG9,CELEBRITY MERCURY,16,SITKA
2008-07-25T08:36:50,249053000,58.136,-136.63055,0,220.0,20.0,218,9106302,9HJG9,CELEBRITY MERCURY,16,SITKA
2008-07-25T08:36:44,249053000,58.1365,-136.6297667,0,220.0,20.0,218,9106302,9HJG9,CELEBRITY MERCURY,16,SITKA
2008-07-25T08:36:38,249053000,58.13676667,-136.6293667,0,220.0,20.0,218,9106302,9HJG9,CELEBRITY MERCURY,16,SITKA
2008-07-25T08:36:32,249053000,58.13733333,-136.6284667,0,220.2,20.0,218,9106302,9HJG9,CELEBRITY MERCURY,16,SITKA
2008-07-25T08:36:26,249053000,58.13775,-136.6278167,0,220.2,20.0,218,9106302,9HJG9,CELEBRITY MERCURY,16,SITKA
2008-07-25T08:36:19,249053000,58.13816667,-136.6271667,0,220.2,20.1,218,9106302,9HJG9,CELEBRITY MERCURY,16,SITKA
2008-07-25T08:36:14,249053000,58.1387,-136.6263,0,220.2,20.2,218,9106302,9HJG9,CELEBRITY MERCURY,16,SITKA
2008-07-25T08:36:08,249053000,58.13901667,-136.6258333,0,219.9,20.2,218,9106302,9HJG9,CELEBRITY MERCURY,16,SITKA
2008-07-25T08:36:04,249053000,58.13933333,-136.6252833,0,219.9,20.2,218,9106302,9HJG9,CELEBRITY MERCURY,16,SITKA
2008-07-25T08:35:56,249053000,58.13976667,-136.6246333,0,219.7,20.2,218,9106302,9HJG9,CELEBRITY MERCURY,16,SITKA
2008-07-25T08:35:50,249053000,58.14018333,-136.6239833,0,219.7,20.2,218,9106302,9HJG9,CELEBRITY MERCURY,16,SITKA
2008-07-25T08:35:44,249053000,58.14075,-136.6230667,0,219.1,20.2,218,9106302,9HJG9,CELEBRITY MERCURY,16,SITKA
2008-07-25T08:35:38,249053000,58.14111667,-136.6225167,0,219.4,20.2,218,9106302,9HJG9,CELEBRITY MERCURY,16,SITKA
2008-07-25T08:35:32,249053000,58.14183333,-136.6214,0,219.1,20.2,218,9106302,9HJG9,CELEBRITY MERCURY,16,SITKA
2008-07-25T08:35:26,249053000,58.14205,-136.6210667,0,219.4,20.2,218,9106302,9HJG9,CELEBRITY MERCURY,16,SITKA
2008-07-25T08:35:19,249053000,58.14281667,-136.6198333,0,219.9,20.2,218,9106302,9HJG9,CELEBRITY MERCURY,16,SITKA
2008-07-25T08:35:14,249053000,58.1429,-136.6197333,0,219.9,20.2,218,9106302,9HJG9,CELEBRITY MERCURY,16,SITKA
2008-07-25T08:35:07,249053000,58.14338333,-136.6189667,0,219.4,20.1,218,9106302,9HJG9,CELEBRITY MERCURY,16,SITKA
2008-07-25T08:35:04,249053000,58.14373333,-136.6184333,0,219.4,20.0,218,9106302,9HJG9,CELEBRITY MERCURY,16,SITKA
2008-07-25T08:34:56,249053000,58.14413333,-136.6177833,0,219.1,20.0,218,9106302,9HJG9,CELEBRITY MERCURY,16,SITKA
2008-07-25T08:34:50,249053000,58.14471667,-136.6169167,0,219.4,20.0,218,9106302,9HJG9,CELEBRITY MERCURY,16,SITKA
2008-07-25T08:34:44,249053000,58.14506667,-136.6163833,0,218.7,20.0,218,9106302,9HJG9,CELEBRITY MERCURY,16,SITKA
2008-07-25T08:34:38,249053000,58.14541667,-136.6158333,0,219.7,20.0,218,9106302,9HJG9,CELEBRITY MERCURY,16,SITKA
2008-07-25T08:34:32,249053000,58.14583333,-136.6152,0,219.7,20.1,218,9106302,9HJG9,CELEBRITY MERCURY,16,SITKA
2008-07-25T08:34:26,249053000,58.14655,-136.6141,0,219.7,20.1,218,9106302,9HJG9,CELEBRITY MERCURY,16,SITKA
2008-07-25T08:34:19,249053000,58.14683333,-136.6136667,0,219.7,20.1,218,9106302,9HJG9,CELEBRITY MERCURY,16,SITKA
2008-07-25T08:34:14,249053000,58.14716667,-136.6131333,0,219.7,20.1,218,9106302,9HJG9,CELEBRITY MERCURY,16,SITKA
2008-07-25T08:34:08,249053000,58.14768333,-136.61235,0,219.4,20.1,218,9106302,9HJG9,CELEBRITY MERCURY,16,SITKA
2008-07-25T08:34:02,249053000,58.14801667,-136.6118333,0,219.1,20.1,218,9106302,9HJG9,CELEBRITY MERCURY,16,SITKA
2008-07-25T08:33:56,249053000,58.1488,-136.6106167,0,218.2,20.1,218,9106302,9HJG9,CELEBRITY MERCURY,16,SITKA
2008-07-25T08:33:52,249053000,58.14886667,-136.6105167,0,0.0,0.0,0,9106302,9HJG9,CELEBRITY MERCURY,16,SITKA
2008-07-25T08:33:50,249053000,58.14886667,-136.6105167,0,219.2,20.1,219,9106302,9HJG9,CELEBRITY MERCURY,16,SITKA
2008-07-25T08:33:44,249053000,58.14946667,-136.6096333,0,218.2,20.1,219,9106302,9HJG9,CELEBRITY MERCURY,16,SITKA
2008-07-25T08:33:38,249053000,58.1498,-136.6090667,0,218.2,20.1,218,9106302,9HJG9,CELEBRITY MERCURY,16,SITKA
2008-07-25T08:33:32,249053000,58.15031667,-136.6083333,0,218.5,20.2,218,9106302,9HJG9,CELEBRITY MERCURY,16,SITKA
2008-07-25T08:33:26,249053000,58.15088333,-136.6074833,0,218.2,20.1,218,9106302,9HJG9,CELEBRITY MERCURY,16,SITKA
2008-07-25T08:33:19,249053000,58.15118333,-136.60705,0,218.0,20.1,218,9106302,9HJG9,CELEBRITY MERCURY,16,SITKA
2008-07-25T08:33:14,249053000,58.15151667,-136.60655,0,218.0,20.1,218,9106302,9HJG9,CELEBRITY MERCURY,16,SITKA
2008-07-25T08:33:07,249053000,58.15211667,-136.6056667,0,217.7,20.1,218,9106302,9HJG9,CELEBRITY MERCURY,16,SITKA
2008-07-25T08:33:03,249053000,58.15238333,-136.6052667,0,217.7,20.1,218,9106302,9HJG9,CELEBRITY MERCURY,16,SITKA
2008-07-25T08:32:57,249053000,58.15296667,-136.6044167,0,218.2,20.0,218,9106302,9HJG9,CELEBRITY MERCURY,16,SITKA
2008-07-25T08:32:50,249053000,58.15323333,-136.6039833,0,218.2,20.0,218,9106302,9HJG9,CELEBRITY MERCURY,16,SITKA
2008-07-25T08:32:44,249053000,58.15381667,-136.6031,0,218.2,19.9,218,9106302,9HJG9,CELEBRITY MERCURY,16,SITKA
2008-07-25T08:32:38,249053000,58.15416667,-136.6025833,0,218.5,19.9,218,9106302,9HJG9,CELEBRITY MERCURY,16,SITKA
2008-07-25T08:32:34,249053000,58.1546,-136.6019667,0,218.2,19.9,218,9106302,9HJG9,CELEBRITY MERCURY,16,SITKA
2008-07-25T08:32:26,249053000,58.1553,-136.6009,0,218.0,19.9,218,9106302,9HJG9,CELEBRITY MERCURY,16,SITKA
2008-07-25T08:32:19,249053000,58.15553333,-136.60055,0,219.0,20.0,219,9106302,9HJG9,CELEBRITY MERCURY,16,SITKA
2008-07-25T08:32:14,249053000,58.15585,-136.6000667,0,218.0,20.0,218,9106302,9HJG9,CELEBRITY MERCURY,16,SITKA
2008-07-25T08:32:08,249053000,58.15636667,-136.5993,0,217.7,20.0,218,9106302,9HJG9,CELEBRITY MERCURY,16,SITKA
2008-07-25T08:32:03,249053000,58.157,-136.5983667,0,218.0,19.9,218,9106302,9HJG9,CELEBRITY MERCURY,16,SITKA
2008-07-25T08:31:56,249053000,58.15728333,-136.5979667,0,218.0,19.9,218,9106302,9HJG9,CELEBRITY MERCURY,16,SITKA
2008-07-25T08:31:50,249053000,58.15763333,-136.59745,0,218.0,19.9,218,9106302,9HJG9,CELEBRITY MERCURY,16,SITKA
2008-07-25T08:31:44,249053000,58.15815,-136.5967,0,218.2,20.0,218,9106302,9HJG9,CELEBRITY MERCURY,16,SITKA
2008-07-25T08:31:38,249053000,58.15865,-136.59595,0,218.0,20.0,218,9106302,9HJG9,CELEBRITY MERCURY,16,SITKA
2008-07-25T08:31:33,249053000,58.15905,-136.59535,0,218.0,19.9,218,9106302,9HJG9,CELEBRITY MERCURY,16,SITKA
2008-07-25T08:31:26,249053000,58.15935,-136.59495,0,218.2,19.9,218,9106302,9HJG9,CELEBRITY MERCURY,16,SITKA
2008-07-25T08:31:19,249053000,58.15993333,-136.5940833,0,218.0,19.9,218,9106302,9HJG9,CELEBRITY MERCURY,16,SITKA
2008-07-25T08:31:14,249053000,58.16026667,-136.5935833,0,217.7,19.9,218,9106302,9HJG9,CELEBRITY MERCURY,16,SITKA
2008-07-25T08:31:07,249053000,58.16106667,-136.5924167,0,217.7,19.8,218,9106302,9HJG9,CELEBRITY MERCURY,16,SITKA
2008-07-25T08:31:04,249053000,58.16111667,-136.59235,0,217.7,19.8,218,9106302,9HJG9,CELEBRITY MERCURY,16,SITKA
2008-07-25T08:30:57,249053000,58.16183333,-136.5912667,0,217.7,19.8,218,9106302,9HJG9,CELEBRITY MERCURY,16,SITKA
2008-07-25T08:30:51,249053000,58.16198333,-136.5910667,0,217.4,19.8,218,9106302,9HJG9,CELEBRITY MERCURY,16,SITKA
2008-07-25T08:30:44,249053000,58.16246667,-136.5903333,0,217.7,19.8,218,9106302,9HJG9,CELEBRITY MERCURY,16,SITKA
2008-07-25T08:30:38,249053000,58.16311667,-136.5894,0,217.4,19.7,218,9106302,9HJG9,CELEBRITY MERCURY,16,SITKA
2008-07-25T08:30:33,249053000,58.16325,-136.5892167,0,217.4,19.7,218,9106302,9HJG9,CELEBRITY MERCURY,16,SITKA
2008-07-25T08:30:26,249053000,58.16375,-136.5884833,0,217.7,19.7,218,9106302,9HJG9,CELEBRITY MERCURY,16,SITKA
2008-07-25T08:30:20,249053000,58.16418333,-136.58785,0,217.7,19.7,218,9106302,9HJG9,CELEBRITY MERCURY,16,SITKA
2008-07-25T08:30:14,249053000,58.16466667,-136.5871167,0,217.7,19.7,218,9106302,9HJG9,CELEBRITY MERCURY,16,SITKA
2008-07-25T08:30:11,249053000,58.16508333,-136.5865167,0,218.0,19.7,218,9106302,9HJG9,CELEBRITY MERCURY,16,SITKA
2008-07-25T08:30:03,249053000,58.16545,-136.5859833,0,218.0,19.7,218,9106302,9HJG9,CELEBRITY MERCURY,16,SITKA
2008-07-25T08:29:56,249053000,58.16595,-136.58525,0,218.0,19.8,218,9106302,9HJG9,CELEBRITY MERCURY,16,SITKA
2008-07-25T08:29:50,249053000,58.16636667,-136.5846,0,217.7,19.8,218,9106302,9HJG9,CELEBRITY MERCURY,16,SITKA
2008-07-25T08:29:44,249053000,58.16686667,-136.5838833,0,217.4,19.8,218,9106302,9HJG9,CELEBRITY MERCURY,16,SITKA
2008-07-25T08:29:38,249053000,58.1673,-136.5832333,0,217.1,19.8,218,9106302,9HJG9,CELEBRITY MERCURY,16,SITKA
2008-07-25T08:29:33,249053000,58.16765,-136.5827333,0,217.1,19.7,218,9106302,9HJG9,CELEBRITY MERCURY,16,SITKA
2008-07-25T08:29:26,249053000,58.16836667,-136.5817,0,217.4,19.7,218,9106302,9HJG9,CELEBRITY MERCURY,16,SITKA
2008-07-25T08:29:20,249053000,58.16858333,-136.5814,0,217.1,19.7,218,9106302,9HJG9,CELEBRITY MERCURY,16,SITKA
2008-07-25T08:29:14,249053000,58.16923333,-136.5804667,0,217.4,19.7,218,9106302,9HJG9,CELEBRITY MERCURY,16,SITKA
2008-07-25T08:29:08,249053000,58.16951667,-136.5800333,0,217.4,19.7,218,9106302,9HJG9,CELEBRITY MERCURY,16,SITKA
2008-07-25T08:29:03,249053000,58.16978333,-136.57965,0,217.4,19.7,218,9106302,9HJG9,CELEBRITY MERCURY,16,SITKA
2008-07-25T08:28:57,249053000,58.17028333,-136.5789167,0,217.4,19.5,218,9106302,9HJG9,CELEBRITY MERCURY,16,SITKA
2008-07-25T08:28:50,249053000,58.1707,-136.5783,0,216.8,19.5,218,9106302,9HJG9,CELEBRITY MERCURY,16,SITKA
2008-07-25T08:28:44,249053000,58.1712,-136.5775833,0,217.8,19.5,219,9106302,9HJG9,CELEBRITY MERCURY,16,SITKA
2008-07-25T08:28:38,249053000,58.17155,-136.5770833,0,217.8,19.5,219,9106302,9HJG9,CELEBRITY MERCURY,16,SITKA
2008-07-25T08:28:35,249053000,58.1719,-136.5765833,0,217.8,19.5,219,9106302,9HJG9,CELEBRITY MERCURY,16,SITKA
2008-07-25T08:28:26,249053000,58.17246667,-136.5757333,0,217.1,19.5,218,9106302,9HJG9,CELEBRITY MERCURY,16,SITKA
2008-07-25T08:28:20,249053000,58.17326667,-136.5746333,0,217.1,19.5,218,9106302,9HJG9,CELEBRITY MERCURY,16,SITKA
2008-07-25T08:28:14,249053000,58.17331667,-136.5745333,0,217.1,19.5,218,9106302,9HJG9,CELEBRITY MERCURY,16,SITKA
2008-07-25T08:28:07,249053000,58.1738,-136.5738333,0,216.8,19.5,218,9106302,9HJG9,CELEBRITY MERCURY,16,SITKA
2008-07-25T08:28:03,249053000,58.17416667,-136.57335,0,216.5,19.5,218,9106302,9HJG9,CELEBRITY MERCURY,16,SITKA
2008-07-25T08:27:56,249053000,58.17525,-136.5718,0,216.2,19.5,218,9106302,9HJG9,CELEBRITY MERCURY,16,SITKA
2008-07-25T08:27:51,249053000,58.17523333,-136.5718167,0,0.0,0.0,0,9106302,9HJG9,CELEBRITY MERCURY,16,SITKA
2008-07-25T08:27:50,249053000,58.17523333,-136.5718167,0,216.2,19.5,218,9106302,9HJG9,CELEBRITY MERCURY,16,SITKA
2008-07-25T08:27:44,249053000,58.17551667,-136.5714333,0,216.2,19.5,218,9106302,9HJG9,CELEBRITY MERCURY,16,SITKA
2008-07-25T08:27:38,249053000,58.17603333,-136.5707333,0,216.5,19.5,218,9106302,9HJG9,CELEBRITY MERCURY,16,SITKA
2008-07-25T08:27:34,249053000,58.17635,-136.57025,0,216.8,19.5,218,9106302,9HJG9,CELEBRITY MERCURY,16,SITKA
2008-07-25T08:27:26,249053000,58.17678333,-136.5696333,0,216.8,19.5,218,9106302,9HJG9,CELEBRITY MERCURY,16,SITKA
2008-07-25T08:27:20,249053000,58.17728333,-136.5689333,0,216.8,19.5,218,9106302,9HJG9,CELEBRITY MERCURY,16,SITKA
2008-07-25T08:27:07,249053000,58.17813333,-136.5677333,0,217.1,19.5,218,9106302,9HJG9,CELEBRITY MERCURY,16,SITKA
2008-07-25T08:27:03,249053000,58.17846667,-136.5672667,0,216.8,19.5,218,9106302,9HJG9,CELEBRITY MERCURY,16,SITKA
2008-07-25T08:26:56,249053000,58.17896667,-136.56655,0,216.8,19.4,218,9106302,9HJG9,CELEBRITY MERCURY,16,SITKA
2008-07-25T08:26:50,249053000,58.1794,-136.56595,0,216.8,19.4,218,9106302,9HJG9,CELEBRITY MERCURY,16,SITKA
2008-07-25T08:26:44,249053000,58.17988333,-136.56525,0,216.5,19.4,218,9106302,9HJG9,CELEBRITY MERCURY,16,SITKA
2008-07-25T08:26:38,249053000,58.18023333,-136.5647667,0,216.8,19.4,218,9106302,9HJG9,CELEBRITY MERCURY,16,SITKA
2008-07-25T08:26:33,249053000,58.18058333,-136.5643,0,216.5,19.4,218,9106302,9HJG9,CELEBRITY MERCURY,16,SITKA
2008-07-25T08:26:26,249053000,58.18128333,-136.56325,0,216.8,19.3,218,9106302,9HJG9,CELEBRITY MERCURY,16,SITKA
2008-07-25T08:26:20,249053000,58.18178333,-136.5625667,0,216.5,19.3,218,9106302,9HJG9,CELEBRITY MERCURY,16,SITKA
2008-07-25T08:26:14,249053000,58.182,-136.5622667,0,216.5,19.3,218,9106302,9HJG9,CELEBRITY MERCURY,16,SITKA
2008-07-25T08:26:07,249053000,58.18248333,-136.5615833,0,216.5,19.3,218,9106302,9HJG9,CELEBRITY MERCURY,16,SITKA
2008-07-25T08:26:03,249053000,58.18283333,-136.5611167,0,216.2,19.2,218,9106302,9HJG9,CELEBRITY MERCURY,16,SITKA
2008-07-25T08:25:56,249053000,58.18335,-136.5604167,0,216.2,19.2,218,9106302,9HJG9,CELEBRITY MERCURY,16,SITKA
2008-07-25T08:25:50,249053000,58.18366667,-136.55995,0,216.5,19.2,218,9106302,9HJG9,CELEBRITY MERCURY,16,SITKA
2008-07-25T08:25:44,249053000,58.18416667,-136.5592667,0,216.8,19.2,218,9106302,9HJG9,CELEBRITY MERCURY,16,SITKA
2008-07-25T08:25:39,249053000,58.18451667,-136.5587667,0,216.8,19.2,218,9106302,9HJG9,CELEBRITY MERCURY,16,SITKA
2008-07-25T08:25:32,249053000,58.18493333,-136.5582,0,216.5,19.2,218,9106302,9HJG9,CELEBRITY MERCURY,16,SITKA
2008-07-25T08:25:26,249053000,58.18543333,-136.5574833,0,216.5,19.1,218,9106302,9HJG9,CELEBRITY MERCURY,16,SITKA
2008-07-25T08:25:20,249053000,58.18593333,-136.5568,0,216.5,19.1,218,9106302,9HJG9,CELEBRITY MERCURY,16,SITKA
2008-07-25T08:25:14,249053000,58.18626667,-136.5563333,0,216.5,19.1,218,9106302,9HJG9,CELEBRITY MERCURY,16,SITKA
2008-07-25T08:25:08,249053000,58.18676667,-136.55565,0,216.5,19.1,218,9106302,9HJG9,CELEBRITY MERCURY,16,SITKA
2008-07-25T08:25:03,249053000,58.18711667,-136.5551667,0,216.5,19.1,218,9106302,9HJG9,CELEBRITY MERCURY,16,SITKA
2008-07-25T08:24:56,249053000,58.18761667,-136.5544667,0,216.7,18.9,218,9106302,9HJG9,CELEBRITY MERCURY,16,SITKA
2008-07-25T08:24:50,249053000,58.18816667,-136.5537,0,217.0,18.9,218,9106302,9HJG9,CELEBRITY MERCURY,16,SITKA
2008-07-25T08:24:44,249053000,58.18851667,-136.5532167,0,217.0,18.9,218,9106302,9HJG9,CELEBRITY MERCURY,16,SITKA
2008-07-25T08:24:32,249053000,58.18933333,-136.55205,0,217.0,18.9,218,9106302,9HJG9,CELEBRITY MERCURY,16,SITKA
2008-07-25T08:24:26,249053000,58.18975,-136.5514667,0,217.0,18.9,218,9106302,9HJG9,CELEBRITY MERCURY,16,SITKA
2008-07-25T08:24:20,249053000,58.1901,-136.5509833,0,217.0,18.9,218,9106302,9HJG9,CELEBRITY MERCURY,16,SITKA
2008-07-25T08:24:14,249053000,58.19056667,-136.5502833,0,217.3,18.9,218,9106302,9HJG9,CELEBRITY MERCURY,16,SITKA
2008-07-25T08:24:09,249053000,58.19096667,-136.5497,0,217.3,18.9,218,9106302,9HJG9,CELEBRITY MERCURY,16,SITKA
2008-07-25T08:24:03,249053000,58.19146667,-136.5490333,0,217.3,18.9,218,9106302,9HJG9,CELEBRITY MERCURY,16,SITKA
2008-07-25T08:23:55,249053000,58.19188333,-136.5484,0,217.3,18.8,218,9106302,9HJG9,CELEBRITY MERCURY,16,SITKA
2008-07-25T08:23:50,249053000,58.1922,-136.5479167,0,217.3,18.8,218,9106302,9HJG9,CELEBRITY MERCURY,16,SITKA
2008-07-25T08:23:44,249053000,58.19268333,-136.5472333,0,217.6,18.8,218,9106302,9HJG9,CELEBRITY MERCURY,16,SITKA
2008-07-25T08:23:38,249053000,58.1931,-136.54665,0,217.6,18.8,218,9106302,9HJG9,CELEBRITY MERCURY,16,SITKA
2008-07-25T08:23:32,249053000,58.19356667,-136.54595,0,217.6,18.8,218,9106302,9HJG9,CELEBRITY MERCURY,16,SITKA
2008-07-25T08:23:26,249053000,58.19391667,-136.54545,0,217.3,18.8,218,9106302,9HJG9,CELEBRITY MERCURY,16,SITKA
2008-07-25T08:23:20,249053000,58.19453333,-136.5445833,0,217.0,18.8,218,9106302,9HJG9,CELEBRITY MERCURY,16,SITKA
2008-07-25T08:23:14,249053000,58.19465,-136.5444167,0,216.7,18.8,218,9106302,9HJG9,CELEBRITY MERCURY,16,SITKA
2008-07-25T08:23:08,249053000,58.19526667,-136.5435167,0,217.7,18.8,219,9106302,9HJG9,CELEBRITY MERCURY,16,SITKA
2008-07-25T08:23:02,249053000,58.1956,-136.5430167,0,217.7,18.8,218,9106302,9HJG9,CELEBRITY MERCURY,16,SITKA
2008-07-25T08:22:55,249053000,58.196,-136.5424333,0,217.0,18.8,218,9106302,9HJG9,CELEBRITY MERCURY,16,SITKA
2008-07-25T08:22:50,249053000,58.19635,-136.5419667,0,217.0,18.7,218,9106302,9HJG9,CELEBRITY MERCURY,16,SITKA
2008-07-25T08:22:44,249053000,58.19681667,-136.54125,0,217.3,18.7,218,9106302,9HJG9,CELEBRITY MERCURY,16,SITKA
2008-07-25T08:22:38,249053000,58.19738333,-136.5405,0,216.7,18.7,218,9106302,9HJG9,CELEBRITY MERCURY,16,SITKA
2008-07-25T08:22:32,249053000,58.19763333,-136.5401167,0,217.0,18.7,218,9106302,9HJG9,CELEBRITY MERCURY,16,SITKA
2008-07-25T08:22:26,249053000,58.19805,-136.5395167,0,217.0,18.7,218,9106302,9HJG9,CELEBRITY MERCURY,16,SITKA
2008-07-25T08:22:20,249053000,58.19851667,-136.53885,0,217.0,18.8,218,9106302,9HJG9,CELEBRITY MERCURY,16,SITKA
2008-07-25T08:22:13,249053000,58.19895,-136.5382333,0,217.0,18.7,218,9106302,9HJG9,CELEBRITY MERCURY,16,SITKA
2008-07-25T08:22:08,249053000,58.19966667,-136.5371667,0,217.3,18.6,218,9106302,9HJG9,CELEBRITY MERCURY,16,SITKA
2008-07-25T08:22:02,249053000,58.19966667,-136.5372,0,217.3,18.6,218,9106302,9HJG9,CELEBRITY MERCURY,16,SITKA
2008-07-25T08:21:55,249053000,58.20013333,-136.5365167,0,217.3,18.6,218,9106302,9HJG9,CELEBRITY MERCURY,16,SITKA
2008-07-25T08:21:50,249053000,58.20075,-136.5356333,0,217.3,18.6,218,9106302,9HJG9,CELEBRITY MERCURY,16,SITKA
2008-07-25T08:21:49,249053000,58.20093333,-136.53535,0,0.0,0.0,0,9106302,9HJG9,CELEBRITY MERCURY,16,SITKA
2008-07-25T08:21:44,249053000,58.20093333,-136.53535,0,217.3,18.5,218,9106302,9HJG9,CELEBRITY MERCURY,16,SITKA
2008-07-25T08:21:38,249053000,58.20126667,-136.5349,0,217.0,18.5,218,9106302,9HJG9,CELEBRITY MERCURY,16,SITKA
2008-07-25T08:21:32,249053000,58.20173333,-136.5342333,0,217.3,18.6,218,9106302,9HJG9,CELEBRITY MERCURY,16,SITKA
2008-07-25T08:21:25,249053000,58.20215,-136.5336333,0,217.3,18.6,218,9106302,9HJG9,CELEBRITY MERCURY,16,SITKA
2008-07-25T08:21:20,249053000,58.20245,-136.53315,0,217.0,18.6,218,9106302,9HJG9,CELEBRITY MERCURY,16,SITKA
2008-07-25T08:21:13,249053000,58.20295,-136.5324667,0,217.3,18.6,218,9106302,9HJG9,CELEBRITY MERCURY,16,SITKA
2008-07-25T08:21:08,249053000,58.20361667,-136.5314833,0,217.3,18.6,218,9106302,9HJG9,CELEBRITY MERCURY,16,SITKA
2008-07-25T08:20:55,249053000,58.20421667,-136.5306,0,217.0,18.5,219,9106302,9HJG9,CELEBRITY MERCURY,16,SITKA
2008-07-25T08:20:50,249053000,58.20461667,-136.5300167,0,218.0,18.5,219,9106302,9HJG9,CELEBRITY MERCURY,16,SITKA
2008-07-25T08:20:44,249053000,58.20508333,-136.52935,0,217.0,18.5,218,9106302,9HJG9,CELEBRITY MERCURY,16,SITKA
2008-07-25T08:20:38,249053000,58.20568333,-136.52845,0,217.3,18.5,218,9106302,9HJG9,CELEBRITY MERCURY,16,SITKA
2008-07-25T08:20:32,249053000,58.2058,-136.5282667,0,217.3,18.5,218,9106302,9HJG9,CELEBRITY MERCURY,16,SITKA
2008-07-25T08:20:25,249053000,58.20635,-136.5274833,0,217.3,18.5,218,9106302,9HJG9,CELEBRITY MERCURY,16,SITKA
2008-07-25T08:20:20,249053000,58.20666667,-136.5270167,0,217.3,18.5,218,9106302,9HJG9,CELEBRITY MERCURY,16,SITKA
2008-07-25T08:20:08,249053000,58.20773333,-136.5254667,0,217.3,18.5,218,9106302,9HJG9,CELEBRITY MERCURY,16,SITKA
2008-07-25T08:20:02,249053000,58.20786667,-136.5252833,0,217.6,18.5,218,9106302,9HJG9,CELEBRITY MERCURY,16,SITKA
2008-07-25T08:19:55,249053000,58.20825,-136.5247,0,217.3,18.5,218,9106302,9HJG9,CELEBRITY MERCURY,16,SITKA
2008-07-25T08:19:50,249053000,58.20865,-136.5241167,0,217.3,18.5,218,9106302,9HJG9,CELEBRITY MERCURY,16,SITKA
2008-07-25T08:19:43,249053000,58.20903333,-136.5235333,0,217.0,18.5,218,9106302,9HJG9,CELEBRITY MERCURY,16,SITKA
2008-07-25T08:19:38,249053000,58.20978333,-136.5224833,0,217.0,18.4,218,9106302,9HJG9,CELEBRITY MERCURY,16,SITKA
2008-07-25T08:19:32,249053000,58.2099,-136.5222667,0,217.0,18.4,218,9106302,9HJG9,CELEBRITY MERCURY,16,SITKA
2008-07-25T08:19:25,249053000,58.21028333,-136.5216833,0,217.0,18.4,218,9106302,9HJG9,CELEBRITY MERCURY,16,SITKA
2008-07-25T08:19:20,249053000,58.21063333,-136.52125,0,217.3,18.2,218,9106302,9HJG9,CELEBRITY MERCURY,16,SITKA
2008-07-25T08:19:13,249053000,58.21108333,-136.5205333,0,217.3,18.2,218,9106302,9HJG9,CELEBRITY MERCURY,16,SITKA
2008-07-25T08:19:08,249053000,58.21181667,-136.51945,0,217.0,18.4,218,9106302,9HJG9,CELEBRITY MERCURY,16,SITKA
2008-07-25T08:19:02,249053000,58.21186667,-136.5193833,0,217.0,18.4,218,9106302,9HJG9,CELEBRITY MERCURY,16,SITKA
2008-07-25T08:18:55,249053000,58.21235,-136.5187167,0,217.3,18.2,218,9106302,9HJG9,CELEBRITY MERCURY,16,SITKA
2008-07-25T08:18:50,249053000,58.21275,-136.5181333,0,217.6,18.2,218,9106302,9HJG9,CELEBRITY MERCURY,16,SITKA
2008-07-25T08:18:43,249053000,58.21323333,-136.51745,0,217.6,18.2,218,9106302,9HJG9,CELEBRITY MERCURY,16,SITKA
2008-07-25T08:18:38,249053000,58.21373333,-136.5166667,0,217.6,18.2,218,9106302,9HJG9,CELEBRITY MERCURY,16,SITKA
2008-07-25T08:18:32,249053000,58.21393333,-136.5164,0,217.6,18.2,218,9106302,9HJG9,CELEBRITY MERCURY,16,SITKA
2008-07-25T08:18:25,249053000,58.21431667,-136.5158333,0,217.6,18.4,218,9106302,9HJG9,CELEBRITY MERCURY,16,SITKA
2008-07-25T08:18:20,249053000,58.21465,-136.5153833,0,217.6,18.2,218,9106302,9HJG9,CELEBRITY MERCURY,16,SITKA
2008-07-25T08:18:13,249053000,58.21511667,-136.5146833,0,217.6,18.2,218,9106302,9HJG9,CELEBRITY MERCURY,16,SITKA
2008-07-25T08:18:09,249053000,58.21551667,-136.5140833,0,218.0,18.2,218,9106302,9HJG9,CELEBRITY MERCURY,16,SITKA
2008-07-25T08:18:02,249053000,58.21598333,-136.5134,0,218.3,18.2,218,9106302,9HJG9,CELEBRITY MERCURY,16,SITKA
2008-07-25T08:17:55,249053000,58.21638333,-136.5128333,0,218.0,18.2,218,9106302,9HJG9,CELEBRITY MERCURY,16,SITKA
2008-07-25T08:17:50,249053000,58.21676667,-136.51225,0,217.6,18.2,218,9106302,9HJG9,CELEBRITY MERCURY,16,SITKA
2008-07-25T08:17:43,249053000,58.21716667,-136.51165,0,217.6,18.4,218,9106302,9HJG9,CELEBRITY MERCURY,16,SITKA
2008-07-25T08:17:38,249053000,58.21795,-136.5105,0,217.6,18.4,218,9106302,9HJG9,CELEBRITY MERCURY,16,SITKA
2008-07-25T08:17:33,249053000,58.218,-136.5104167,0,217.6,18.4,218,9106302,9HJG9,CELEBRITY MERCURY,16,SITKA
2008-07-25T08:17:25,249053000,58.21838333,-136.5098333,0,217.3,18.4,218,9106302,9HJG9,CELEBRITY MERCURY,16,SITKA
2008-07-25T08:17:20,249053000,58.21871667,-136.5093667,0,217.6,18.2,218,9106302,9HJG9,CELEBRITY MERCURY,16,SITKA
2008-07-25T08:17:13,249053000,58.21931667,-136.5084833,0,217.6,18.4,218,9106302,9HJG9,CELEBRITY MERCURY,16,SITKA
2008-07-25T08:17:08,249053000,58.21991667,-136.5076333,0,217.6,18.4,218,9106302,9HJG9,CELEBRITY MERCURY,16,SITKA
2008-07-25T08:17:02,249053000,58.21998333,-136.50755,0,217.6,18.2,218,9106302,9HJG9,CELEBRITY MERCURY,16,SITKA
2008-07-25T08:16:55,249053000,58.22051667,-136.50675,0,216.6,18.2,217,9106302,9HJG9,CELEBRITY MERCURY,16,SITKA
2008-07-25T08:16:50,249053000,58.22081667,-136.5063167,0,216.6,18.4,217,9106302,9HJG9,CELEBRITY MERCURY,16,SITKA
2008-07-25T08:16:43,249053000,58.2213,-136.50565,0,216.6,18.4,217,9106302,9HJG9,CELEBRITY MERCURY,16,SITKA
2008-07-25T08:16:38,249053000,58.2219,-136.5048167,0,216.6,18.4,217,9106302,9HJG9,CELEBRITY MERCURY,16,SITKA
2008-07-25T08:16:33,249053000,58.22205,-136.5046333,0,216.6,18.4,217,9106302,9HJG9,CELEBRITY MERCURY,16,SITKA
2008-07-25T08:16:25,249053000,58.2225,-136.5039667,0,217.0,18.4,217,9106302,9HJG9,CELEBRITY MERCURY,16,SITKA
2008-07-25T08:16:20,249053000,58.22276667,-136.5036,0,217.0,18.4,217,9106302,9HJG9,CELEBRITY MERCURY,16,SITKA
2008-07-25T08:16:13,249053000,58.22323333,-136.5029333,0,217.3,18.4,217,9106302,9HJG9,CELEBRITY MERCURY,16,SITKA
2008-07-25T08:16:08,249053000,58.22398333,-136.5018833,0,217.0,18.4,217,9106302,9HJG9,CELEBRITY MERCURY,16,SITKA
2008-07-25T08:16:02,249053000,58.22396667,-136.5019,0,217.0,18.4,217,9106302,9HJG9,CELEBRITY MERCURY,16,SITKA
2008-07-25T08:15:55,249053000,58.2245,-136.5011333,0,217.0,18.4,217,9106302,9HJG9,CELEBRITY MERCURY,16,SITKA
2008-07-25T08:15:50,249053000,58.22483333,-136.5006667,0,217.0,18.4,217,9106302,9HJG9,CELEBRITY MERCURY,16,SITKA
2008-07-25T08:15:48,249053000,58.2259,-136.4991333,0,0.0,0.0,0,9106302,9HJG9,CELEBRITY MERCURY,16,SITKA
2008-07-25T08:15:43,249053000,58.2259,-136.4991333,0,216.6,18.4,217,9106302,9HJG9,CELEBRITY MERCURY,16,SITKA
2008-07-25T08:15:38,249053000,58.22603333,-136.4989667,0,216.3,18.4,217,9106302,9HJG9,CELEBRITY MERCURY,16,SITKA
2008-07-25T08:15:32,249053000,58.2261,-136.4989,0,216.3,18.4,217,9106302,9HJG9,CELEBRITY MERCURY,16,SITKA
2008-07-25T08:15:25,249053000,58.22656667,-136.4982167,0,216.0,18.4,217,9106302,9HJG9,CELEBRITY MERCURY,16,SITKA
2008-07-25T08:15:21,249053000,58.2269,-136.49775,0,216.0,18.4,217,9106302,9HJG9,CELEBRITY MERCURY,16,SITKA
2008-07-25T08:15:14,249053000,58.22736667,-136.4971167,0,216.0,18.4,217,9106302,9HJG9,CELEBRITY MERCURY,16,SITKA
2008-07-25T08:15:08,249053000,58.22796667,-136.4962833,0,215.7,18.4,217,9106302,9HJG9,CELEBRITY MERCURY,16,SITKA
2008-07-25T08:15:02,249053000,58.22818333,-136.496,0,216.0,18.4,217,9106302,9HJG9,CELEBRITY MERCURY,16,SITKA
2008-07-25T08:14:55,249053000,58.22856667,-136.4954667,0,214.7,18.4,216,9106302,9HJG9,CELEBRITY MERCURY,16,SITKA
2008-07-25T08:14:49,249053000,58.22906667,-136.4948333,0,214.7,18.5,216,9106302,9HJG9,CELEBRITY MERCURY,16,SITKA
2008-07-25T08:14:44,249053000,58.22948333,-136.4942667,0,214.7,18.5,216,9106302,9HJG9,CELEBRITY MERCURY,16,SITKA
2008-07-25T08:14:38,249053000,58.23005,-136.49355,0,214.0,18.4,215,9106302,9HJG9,CELEBRITY MERCURY,16,SITKA
2008-07-25T08:14:32,249053000,58.23031667,-136.4932,0,214.3,18.4,215,9106302,9HJG9,CELEBRITY MERCURY,16,SITKA
2008-07-25T08:14:25,249053000,58.23071667,-136.4926833,0,214.0,18.4,215,9106302,9HJG9,CELEBRITY MERCURY,16,SITKA
2008-07-25T08:14:19,249053000,58.23113333,-136.49215,0,214.6,18.4,215,9106302,9HJG9,CELEBRITY MERCURY,16,SITKA
2008-07-25T08:14:14,249053000,58.23146667,-136.4917167,0,215.0,18.4,215,9106302,9HJG9,CELEBRITY MERCURY,16,SITKA
2008-07-25T08:14:08,249053000,58.23203333,-136.491,0,214.6,18.2,215,9106302,9HJG9,CELEBRITY MERCURY,16,SITKA
2008-07-25T08:14:02,249053000,58.2325,-136.4903833,0,215.0,18.2,215,9106302,9HJG9,CELEBRITY MERCURY,16,SITKA
2008-07-25T08:13:55,249053000,58.2328,-136.4900167,0,215.0,18.4,215,9106302,9HJG9,CELEBRITY MERCURY,16,SITKA
2008-07-25T08:13:49,249053000,58.2332,-136.4894833,0,215.0,18.4,215,9106302,9HJG9,CELEBRITY MERCURY,16,SITKA
2008-07-25T08:13:44,249053000,58.23355,-136.4890333,0,215.0,18.2,215,9106302,9HJG9,CELEBRITY MERCURY,16,SITKA
2008-07-25T08:13:38,249053000,58.23408333,-136.4883167,0,214.6,18.4,215,9106302,9HJG9,CELEBRITY MERCURY,16,SITKA
2008-07-25T08:13:32,249053000,58.23448333,-136.4877833,0,214.6,18.4,215,9106302,9HJG9,CELEBRITY MERCURY,16,SITKA
2008-07-25T08:13:26,249053000,58.2349,-136.48725,0,215.0,18.4,215,9106302,9HJG9,CELEBRITY MERCURY,16,SITKA
2008-07-25T08:13:20,249053000,58.23536667,-136.4866167,0,215.3,18.2,215,9106302,9HJG9,CELEBRITY MERCURY,16,SITKA
2008-07-25T08:13:14,249053000,58.236,-136.4858,0,215.0,18.2,215,9106302,9HJG9,CELEBRITY MERCURY,16,SITKA
2008-07-25T08:13:09,249053000,58.23611667,-136.4856333,0,215.3,18.2,215,9106302,9HJG9,CELEBRITY MERCURY,16,SITKA
2008-07-25T08:13:02,249053000,58.23646667,-136.4851833,0,215.3,18.2,215,9106302,9HJG9,CELEBRITY MERCURY,16,SITKA
2008-07-25T08:12:55,249053000,58.237,-136.48445,0,215.6,18.2,215,9106302,9HJG9,CELEBRITY MERCURY,16,SITKA
2008-07-25T08:12:49,249053000,58.23748333,-136.4838167,0,215.6,18.2,215,9106302,9HJG9,CELEBRITY MERCURY,16,SITKA
2008-07-25T08:12:44,249053000,58.23801667,-136.4830667,0,215.9,18.2,215,9106302,9HJG9,CELEBRITY MERCURY,16,SITKA
2008-07-25T08:12:38,249053000,58.23821667,-136.4827833,0,215.9,18.2,215,9106302,9HJG9,CELEBRITY MERCURY,16,SITKA
2008-07-25T08:12:32,249053000,58.23875,-136.4820667,0,215.9,18.2,215,9106302,9HJG9,CELEBRITY MERCURY,16,SITKA
2008-07-25T08:12:26,249053000,58.23903333,-136.4817,0,215.9,18.2,215,9106302,9HJG9,CELEBRITY MERCURY,16,SITKA
2008-07-25T08:12:19,249053000,58.2395,-136.4810333,0,215.9,18.2,215,9106302,9HJG9,CELEBRITY MERCURY,16,SITKA
2008-07-25T08:12:14,249053000,58.2399,-136.4805,0,215.9,18.2,215,9106302,9HJG9,CELEBRITY MERCURY,16,SITKA
2008-07-25T08:12:08,249053000,58.24023333,-136.4800333,0,216.2,18.2,215,9106302,9HJG9,CELEBRITY MERCURY,16,SITKA
2008-07-25T08:12:02,249053000,58.24061667,-136.4794833,0,216.5,18.2,215,9106302,9HJG9,CELEBRITY MERCURY,16,SITKA
2008-07-25T08:11:55,249053000,58.2411,-136.4788167,0,216.5,18.2,215,9106302,9HJG9,CELEBRITY MERCURY,16,SITKA
2008-07-25T08:11:49,249053000,58.2415,-136.4782667,0,216.5,18.2,215,9106302,9HJG9,CELEBRITY MERCURY,16,SITKA
2008-07-25T08:11:44,249053000,58.24211667,-136.4774167,0,216.5,18.2,215,9106302,9HJG9,CELEBRITY MERCURY,16,SITKA
2008-07-25T08:11:38,249053000,58.2423,-136.4771333,0,216.5,18.2,215,9106302,9HJG9,CELEBRITY MERCURY,16,SITKA
2008-07-25T08:11:32,249053000,58.24276667,-136.4764667,0,216.5,18.2,215,9106302,9HJG9,CELEBRITY MERCURY,16,SITKA
2008-07-25T08:11:26,249053000,58.24318333,-136.4759167,0,216.2,18.2,215,9106302,9HJG9,CELEBRITY MERCURY,16,SITKA
2008-07-25T08:11:20,249053000,58.24356667,-136.4753667,0,216.5,18.2,215,9106302,9HJG9,CELEBRITY MERCURY,16,SITKA
2008-07-25T08:11:14,249053000,58.24398333,-136.4748167,0,216.5,18.2,215,9106302,9HJG9,CELEBRITY MERCURY,16,SITKA
2008-07-25T08:11:08,249053000,58.24443333,-136.4741333,0,216.2,18.4,215,9106302,9HJG9,CELEBRITY MERCURY,16,SITKA
2008-07-25T08:11:02,249053000,58.24498333,-136.4734,0,216.2,18.4,215,9106302,9HJG9,CELEBRITY MERCURY,16,SITKA
2008-07-25T08:10:56,249053000,58.24526667,-136.473,0,216.2,18.4,215,9106302,9HJG9,CELEBRITY MERCURY,16,SITKA
2008-07-25T08:10:49,249053000,58.24565,-136.4724333,0,216.2,18.4,215,9106302,9HJG9,CELEBRITY MERCURY,16,SITKA
2008-07-25T08:10:45,249053000,58.24625,-136.4715833,0,216.2,18.5,215,9106302,9HJG9,CELEBRITY MERCURY,16,SITKA
2008-07-25T08:10:38,249053000,58.24638333,-136.4714,0,216.2,18.5,215,9106302,9HJG9,CELEBRITY MERCURY,16,SITKA
2008-07-25T08:10:32,249053000,58.24678333,-136.4708333,0,216.2,18.5,215,9106302,9HJG9,CELEBRITY MERCURY,16,SITKA
2008-07-25T08:10:26,249053000,58.2472,-136.4702667,0,216.2,18.5,215,9106302,9HJG9,CELEBRITY MERCURY,16,SITKA
2008-07-25T08:10:19,249053000,58.24766667,-136.4695833,0,216.5,18.6,215,9106302,9HJG9,CELEBRITY MERCURY,16,SITKA
2008-07-25T08:10:14,249053000,58.24821667,-136.4688333,0,216.5,18.5,215,9106302,9HJG9,CELEBRITY MERCURY,16,SITKA
2008-07-25T08:10:08,249053000,58.24841667,-136.46855,0,216.5,18.6,215,9106302,9HJG9,CELEBRITY MERCURY,16,SITKA
2008-07-25T08:10:02,249053000,58.24888333,-136.4679,0,216.8,18.6,215,9106302,9HJG9,CELEBRITY MERCURY,16,SITKA
2008-07-25T08:09:55,249053000,58.2493,-136.4673333,0,216.8,18.7,215,9106302,9HJG9,CELEBRITY MERCURY,16,SITKA
2008-07-25T08:09:49,249053000,58.24991667,-136.46645,0,217.1,18.7,215,9106302,9HJG9,CELEBRITY MERCURY,16,SITKA
2008-07-25T08:09:49,249053000,58.25025,-136.46595,0,0.0,0.0,0,9106302,9HJG9,CELEBRITY MERCURY,16,SITKA
2008-07-25T08:09:44,249053000,58.25025,-136.46595,0,216.8,18.8,215,9106302,9HJG9,CELEBRITY MERCURY,16,SITKA
2008-07-25T08:09:38,249053000,58.25058333,-136.4654667,0,216.5,18.7,215,9106302,9HJG9,CELEBRITY MERCURY,16,SITKA
2008-07-25T08:09:32,249053000,58.25093333,-136.4649833,0,216.5,18.8,215,9106302,9HJG9,CELEBRITY MERCURY,16,SITKA
2008-07-25T08:09:26,249053000,58.2514,-136.4643,0,215.9,18.8,215,9106302,9HJG9,CELEBRITY MERCURY,16,SITKA
2008-07-25T08:09:20,249053000,58.2518,-136.4637333,0,214.9,18.8,215,9106302,9HJG9,CELEBRITY MERCURY,16,SITKA
2008-07-25T08:09:14,249053000,58.25243333,-136.4629,0,215.2,18.9,214,9106302,9HJG9,CELEBRITY MERCURY,16,SITKA
2008-07-25T08:09:08,249053000,58.2527,-136.4625,0,215.2,18.9,214,9106302,9HJG9,CELEBRITY MERCURY,16,SITKA
2008-07-25T08:09:02,249053000,58.25305,-136.46205,0,215.2,18.9,214,9106302,9HJG9,CELEBRITY MERCURY,16,SITKA
2008-07-25T08:08:56,249053000,58.25353333,-136.4613833,0,215.2,18.9,214,9106302,9HJG9,CELEBRITY MERCURY,16,SITKA
2008-07-25T08:08:50,249053000,58.25433333,-136.46035,0,215.5,18.9,214,9106302,9HJG9,CELEBRITY MERCURY,16,SITKA
2008-07-25T08:08:38,249053000,58.25475,-136.4598167,0,215.2,18.9,214,9106302,9HJG9,CELEBRITY MERCURY,16,SITKA
2008-07-25T08:08:32,249053000,58.25523333,-136.4591333,0,215.1,19.1,214,9106302,9HJG9,CELEBRITY MERCURY,16,SITKA
2008-07-25T08:08:25,249053000,58.25565,-136.4585833,0,215.1,19.1,214,9106302,9HJG9,CELEBRITY MERCURY,16,SITKA
2008-07-25T08:08:19,249053000,58.25636667,-136.4576,0,214.8,19.1,214,9106302,9HJG9,CELEBRITY MERCURY,16,SITKA
2008-07-25T08:08:14,249053000,58.2565,-136.4574333,0,214.8,19.1,214,9106302,9HJG9,CELEBRITY MERCURY,16,SITKA
2008-07-25T08:08:08,249053000,58.257,-136.4567667,0,214.8,19.2,214,9106302,9HJG9,CELEBRITY MERCURY,16,SITKA
2008-07-25T08:08:02,249053000,58.25748333,-136.4560833,0,214.8,19.2,214,9106302,9HJG9,CELEBRITY MERCURY,16,SITKA
2008-07-25T08:07:56,249053000,58.25843333,-136.45485,0,214.8,19.2,214,9106302,9HJG9,CELEBRITY MERCURY,16,SITKA
2008-07-25T08:07:49,249053000,58.25841667,-136.45485,0,214.8,19.2,214,9106302,9HJG9,CELEBRITY MERCURY,16,SITKA
2008-07-25T08:07:44,249053000,58.25878333,-136.4543667,0,214.8,19.2,214,9106302,9HJG9,CELEBRITY MERCURY,16,SITKA
2008-07-25T08:07:38,249053000,58.25911667,-136.4539167,0,215.1,19.2,214,9106302,9HJG9,CELEBRITY MERCURY,16,SITKA
2008-07-25T08:07:32,249053000,58.25961667,-136.4532667,0,214.8,19.2,214,9106302,9HJG9,CELEBRITY MERCURY,16,SITKA
2008-07-25T08:07:26,249053000,58.26041667,-136.4522,0,215.1,19.2,214,9106302,9HJG9,CELEBRITY MERCURY,16,SITKA
2008-07-25T08:07:19,249053000,58.26046667,-136.4521167,0,215.1,19.2,214,9106302,9HJG9,CELEBRITY MERCURY,16,SITKA
2008-07-25T08:07:19,249053000,58.26083333,-136.45165,0,215.1,19.2,214,9106302,9HJG9,CELEBRITY MERCURY,16,SITKA
2008-07-25T08:07:08,249053000,58.26133333,-136.451,0,215.1,19.2,214,9106302,9HJG9,CELEBRITY MERCURY,16,SITKA
2008-07-25T08:07:02,249053000,58.26175,-136.4504167,0,215.4,19.2,214,9106302,9HJG9,CELEBRITY MERCURY,16,SITKA
2008-07-25T08:06:56,249053000,58.26255,-136.4493333,0,215.4,19.2,214,9106302,9HJG9,CELEBRITY MERCURY,16,SITKA
2008-07-25T08:06:49,249053000,58.26276667,-136.4490333,0,215.7,19.2,214,9106302,9HJG9,CELEBRITY MERCURY,16,SITKA
2008-07-25T08:06:43,249053000,58.26311667,-136.44855,0,216.0,19.3,214,9106302,9HJG9,CELEBRITY MERCURY,16,SITKA
2008-07-25T08:06:38,249053000,58.26346667,-136.4480833,0,216.0,19.3,214,9106302,9HJG9,CELEBRITY MERCURY,16,SITKA
2008-07-25T08:06:32,249053000,58.26395,-136.4474,0,216.6,19.3,214,9106302,9HJG9,CELEBRITY MERCURY,16,SITKA
2008-07-25T08:06:25,249053000,58.26455,-136.4465833,0,216.9,19.2,214,9106302,9HJG9,CELEBRITY MERCURY,16,SITKA
2008-07-25T08:06:19,249053000,58.26483333,-136.4462,0,216.9,19.1,214,9106302,9HJG9,CELEBRITY MERCURY,16,SITKA
2008-07-25T08:06:14,249053000,58.26525,-136.4456167,0,216.9,19.1,214,9106302,9HJG9,CELEBRITY MERCURY,16,SITKA
2008-07-25T08:06:08,249053000,58.26573333,-136.4449333,0,217.5,19.2,214,9106302,9HJG9,CELEBRITY MERCURY,16,SITKA
2008-07-25T08:06:02,249053000,58.26608333,-136.4444333,0,217.5,19.1,214,9106302,9HJG9,CELEBRITY MERCURY,16,SITKA
2008-07-25T08:05:56,249053000,58.26656667,-136.44375,0,218.1,19.3,214,9106302,9HJG9,CELEBRITY MERCURY,16,SITKA
2008-07-25T08:05:49,249053000,58.26706667,-136.4430333,0,218.8,19.1,215,9106302,9HJG9,CELEBRITY MERCURY,16,SITKA
2008-07-25T08:05:43,249053000,58.26746667,-136.4424167,0,218.5,19.1,215,9106302,9HJG9,CELEBRITY MERCURY,16,SITKA
2008-07-25T08:05:38,249053000,58.26781667,-136.4419167,0,218.8,19.1,215,9106302,9HJG9,CELEBRITY MERCURY,16,SITKA
2008-07-25T08:05:32,249053000,58.2682,-136.4413167,0,220.1,19.2,216,9106302,9HJG9,CELEBRITY MERCURY,16,SITKA
2008-07-25T08:05:25,249053000,58.26868333,-136.4405667,0,219.8,19.1,216,9106302,9HJG9,CELEBRITY MERCURY,16,SITKA
2008-07-25T08:05:19,249053000,58.26908333,-136.43995,0,221.2,18.9,217,9106302,9HJG9,CELEBRITY MERCURY,16,SITKA
2008-07-25T08:05:14,249053000,58.2694,-136.4394333,0,221.5,18.9,217,9106302,9HJG9,CELEBRITY MERCURY,16,SITKA
2008-07-25T08:05:07,249053000,58.26976667,-136.4387833,0,221.5,18.9,217,9106302,9HJG9,CELEBRITY MERCURY,16,SITKA
2008-07-25T08:05:02,249053000,58.27056667,-136.4374667,0,221.8,18.9,217,9106302,9HJG9,CELEBRITY MERCURY,16,SITKA
2008-07-25T08:04:56,249053000,58.27061667,-136.4373667,0,222.1,18.9,217,9106302,9HJG9,CELEBRITY MERCURY,16,SITKA
2008-07-25T08:04:49,249053000,58.271,-136.4367333,0,222.7,18.9,217,9106302,9HJG9,CELEBRITY MERCURY,16,SITKA
2008-07-25T08:04:44,249053000,58.27156667,-136.4357333,0,222.7,18.9,217,9106302,9HJG9,CELEBRITY MERCURY,16,SITKA
2008-07-25T08:04:38,249053000,58.27183333,-136.4352833,0,222.7,18.9,217,9106302,9HJG9,CELEBRITY MERCURY,16,SITKA
2008-07-25T08:04:32,249053000,58.27213333,-136.4347333,0,224.3,18.9,218,9106302,9HJG9,CELEBRITY MERCURY,16,SITKA
2008-07-25T08:04:25,249053000,58.27265,-136.4338333,0,225.2,19.1,218,9106302,9HJG9,CELEBRITY MERCURY,16,SITKA
2008-07-25T08:04:19,249053000,58.27295,-136.4332833,0,224.9,19.1,218,9106302,9HJG9,CELEBRITY MERCURY,16,SITKA
2008-07-25T08:04:13,249053000,58.27338333,-136.43245,0,226.1,19.2,219,9106302,9HJG9,CELEBRITY MERCURY,16,SITKA
2008-07-25T08:04:07,249053000,58.27375,-136.4317667,0,227.1,19.2,220,9106302,9HJG9,CELEBRITY MERCURY,16,SITKA
2008-07-25T08:04:02,249053000,58.27403333,-136.4311833,0,227.1,19.2,220,9106302,9HJG9,CELEBRITY MERCURY,16,SITKA
2008-07-25T08:03:56,249053000,58.27443333,-136.4303167,0,229.0,19.4,221,9106302,9HJG9,CELEBRITY MERCURY,16,SITKA
2008-07-25T08:03:50,249053000,58.27481667,-136.4295667,0,230.1,19.3,223,9106302,9HJG9,CELEBRITY MERCURY,16,SITKA
2008-07-25T08:03:48,249053000,58.27508333,-136.42895,0,0.0,0.0,0,9106302,9HJG9,CELEBRITY MERCURY,16,SITKA
2008-07-25T08:03:44,249053000,58.27508333,-136.42895,0,231.0,19.4,224,9106302,9HJG9,CELEBRITY MERCURY,16,SITKA
2008-07-25T08:03:38,249053000,58.27543333,-136.4281667,0,231.7,19.5,225,9106302,9HJG9,CELEBRITY MERCURY,16,SITKA
2008-07-25T08:03:32,249053000,58.27581667,-136.4272667,0,233.1,19.5,227,9106302,9HJG9,CELEBRITY MERCURY,16,SITKA
2008-07-25T08:03:25,249053000,58.27613333,-136.4264833,0,234.1,19.5,228,9106302,9HJG9,CELEBRITY MERCURY,16,SITKA
2008-07-25T08:03:19,249053000,58.27668333,-136.4250667,0,236.0,19.4,228,9106302,9HJG9,CELEBRITY MERCURY,16,SITKA
2008-07-25T08:03:13,249053000,58.2768,-136.4248167,0,236.1,19.5,230,9106302,9HJG9,CELEBRITY MERCURY,16,SITKA
2008-07-25T08:03:07,249053000,58.27708333,-136.4240167,0,236.8,19.5,231,9106302,9HJG9,CELEBRITY MERCURY,16,SITKA
2008-07-25T08:03:02,249053000,58.27738333,-136.4232,0,238.1,19.5,232,9106302,9HJG9,CELEBRITY MERCURY,16,SITKA
2008-07-25T08:02:56,249053000,58.27766667,-136.4223333,0,238.8,19.5,233,9106302,9HJG9,CELEBRITY MERCURY,16,SITKA
2008-07-25T08:02:49,249053000,58.27795,-136.4214833,0,240.1,19.7,234,9106302,9HJG9,CELEBRITY MERCURY,16,SITKA
2008-07-25T08:02:44,249053000,58.27828333,-136.4204333,0,240.8,19.7,235,9106302,9HJG9,CELEBRITY MERCURY,16,SITKA
2008-07-25T08:02:38,249053000,58.27878333,-136.4188167,0,242.9,19.7,236,9106302,9HJG9,CELEBRITY MERCURY,16,SITKA
2008-07-25T08:02:32,249053000,58.27881667,-136.4186833,0,242.7,19.8,237,9106302,9HJG9,CELEBRITY MERCURY,16,SITKA
2008-07-25T08:02:25,249053000,58.2791,-136.4176,0,243.4,19.9,238,9106302,9HJG9,CELEBRITY MERCURY,16,SITKA
2008-07-25T08:02:20,249053000,58.2793,-136.4168833,0,244.7,19.9,239,9106302,9HJG9,CELEBRITY MERCURY,16,SITKA
2008-07-25T08:02:13,249053000,58.27958333,-136.4157667,0,245.4,19.9,240,9106302,9HJG9,CELEBRITY MERCURY,16,SITKA
2008-07-25T08:02:07,249053000,58.27983333,-136.4148333,0,246.4,20.0,241,9106302,9HJG9,CELEBRITY MERCURY,16,SITKA
2008-07-25T08:02:02,249053000,58.28,-136.4141,0,247.4,20.1,242,9106302,9HJG9,CELEBRITY MERCURY,16,SITKA
2008-07-25T08:01:49,249053000,58.28048333,-136.4118167,0,249.2,20.2,244,9106302,9HJG9,CELEBRITY MERCURY,16,SITKA
2008-07-25T08:01:44,249053000,58.2808,-136.4104,0,250.8,20.2,246,9106302,9HJG9,CELEBRITY MERCURY,16,SITKA
2008-07-25T08:01:37,249053000,58.2809,-136.4098833,0,251.5,20.2,247,9106302,9HJG9,CELEBRITY MERCURY,16,SITKA
2008-07-25T08:01:33,249053000,58.28105,-136.4091,0,252.2,20.2,248,9106302,9HJG9,CELEBRITY MERCURY,16,SITKA
2008-07-25T08:01:25,249053000,58.28123333,-136.4081,0,252.9,20.2,249,9106302,9HJG9,CELEBRITY MERCURY,16,SITKA
2008-07-25T08:01:20,249053000,58.28151667,-136.40645,0,253.9,20.3,250,9106302,9HJG9,CELEBRITY MERCURY,16,SITKA
2008-07-25T08:01:13,249053000,58.28161667,-136.4057833,0,254.3,20.4,251,9106302,9HJG9,CELEBRITY MERCURY,16,SITKA
2008-07-25T08:01:07,249053000,58.28176667,-136.4049667,0,255.6,20.5,252,9106302,9HJG9,CELEBRITY MERCURY,16,SITKA
2008-07-25T08:01:02,249053000,58.28191667,-136.4039333,0,256.0,20.5,253,9106302,9HJG9,CELEBRITY MERCURY,16,SITKA
2008-07-25T08:00:55,249053000,58.28205,-136.4029,0,256.5,20.5,254,9106302,9HJG9,CELEBRITY MERCURY,16,SITKA
2008-07-25T08:00:50,249053000,58.28218333,-136.4018833,0,258.0,20.6,255,9106302,9HJG9,CELEBRITY MERCURY,16,SITKA
2008-07-25T08:00:44,249053000,58.28236667,-136.40015,0,258.7,20.7,256,9106302,9HJG9,CELEBRITY MERCURY,16,SITKA
2008-07-25T08:00:37,249053000,58.28245,-136.3996333,0,259.2,20.7,257,9106302,9HJG9,CELEBRITY MERCURY,16,SITKA
2008-07-25T08:00:37,249053000,58.28255,-136.3988167,0,260.2,20.7,258,9106302,9HJG9,CELEBRITY MERCURY,16,SITKA
2008-07-25T08:00:25,249053000,58.28268333,-136.39735,0,261.2,20.7,259,9106302,9HJG9,CELEBRITY MERCURY,16,SITKA
2008-07-25T08:00:20,249053000,58.28275,-136.3965,0,261.2,20.7,259,9106302,9HJG9,CELEBRITY MERCURY,16,SITKA
2008-07-25T08:00:13,249053000,58.28286667,-136.3952667,0,261.9,20.7,260,9106302,9HJG9,CELEBRITY MERCURY,16,SITKA
2008-07-25T08:00:02,249053000,58.28298333,-136.3935333,0,263.6,20.8,262,9106302,9HJG9,CELEBRITY MERCURY,16,SITKA
2008-07-25T07:59:55,249053000,58.2831,-136.3920333,0,264.3,20.9,263,9106302,9HJG9,CELEBRITY MERCURY,16,SITKA
2008-07-25T07:59:50,249053000,58.28316667,-136.391,0,265.0,20.9,263,9106302,9HJG9,CELEBRITY MERCURY,16,SITKA
2008-07-25T07:59:44,249053000,58.28321667,-136.38995,0,265.0,20.9,264,9106302,9HJG9,CELEBRITY MERCURY,16,SITKA
2008-07-25T07:59:37,249053000,58.28328333,-136.3885,0,265.8,20.9,265,9106302,9HJG9,CELEBRITY MERCURY,16,SITKA
2008-07-25T07:59:33,249053000,58.2833,-136.38765,0,266.8,20.9,266,9106302,9HJG9,CELEBRITY MERCURY,16,SITKA
2008-07-25T07:59:26,249053000,58.28333333,-136.3865667,0,266.5,20.9,266,9106302,9HJG9,CELEBRITY MERCURY,16,SITKA
2008-07-25T07:59:20,249053000,58.28336667,-136.38565,0,267.2,20.9,267,9106302,9HJG9,CELEBRITY MERCURY,16,SITKA
2008-07-25T07:59:14,249053000,58.28341667,-136.3844,0,267.4,20.8,268,9106302,9HJG9,CELEBRITY MERCURY,16,SITKA
2008-07-25T07:59:07,249053000,58.28343333,-136.3833333,0,267.1,20.9,268,9106302,9HJG9,CELEBRITY MERCURY,16,SITKA
2008-07-25T07:59:02,249053000,58.28346667,-136.3820667,0,267.1,20.8,268,9106302,9HJG9,CELEBRITY MERCURY,16,SITKA
2008-07-25T07:58:55,249053000,58.2835,-136.3807833,0,267.1,20.8,268,9106302,9HJG9,CELEBRITY MERCURY,16,SITKA
2008-07-25T07:58:50,249053000,58.28351667,-136.3801167,0,267.1,20.8,268,9106302,9HJG9,CELEBRITY MERCURY,16,SITKA
2008-07-25T07:58:44,249053000,58.28356667,-136.3782833,0,267.1,20.8,268,9106302,9HJG9,CELEBRITY MERCURY,16,SITKA
2008-07-25T07:58:37,249053000,58.28358333,-136.37775,0,266.8,20.8,268,9106302,9HJG9,CELEBRITY MERCURY,16,SITKA
2008-07-25T07:58:25,249053000,58.28365,-136.3752333,0,267.6,20.7,269,9106302,9HJG9,CELEBRITY MERCURY,16,SITKA
2008-07-25T07:58:14,249053000,58.2837,-136.3735,0,266.3,20.7,268,9106302,9HJG9,CELEBRITY MERCURY,16,SITKA
2008-07-25T07:58:07,249053000,58.28373333,-136.3724333,0,267.0,20.7,269,9106302,9HJG9,CELEBRITY MERCURY,16,SITKA
2008-07-25T07:58:02,249053000,58.28375,-136.3715667,0,266.7,20.7,269,9106302,9HJG9,CELEBRITY MERCURY,16,SITKA
2008-07-25T07:57:55,249053000,58.2838,-136.3703,0,266.4,20.6,269,9106302,9HJG9,CELEBRITY MERCURY,16,SITKA
2008-07-25T07:57:49,249053000,58.28386667,-136.3683667,0,0.0,0.0,0,9106302,9HJG9,CELEBRITY MERCURY,16,SITKA
2008-07-25T07:57:44,249053000,58.28386667,-136.3683667,0,265.2,20.6,268,9106302,9HJG9,CELEBRITY MERCURY,16,SITKA
2008-07-25T07:57:37,249053000,58.28393333,-136.3669167,0,265.4,20.6,268,9106302,9HJG9,CELEBRITY MERCURY,16,SITKA
2008-07-25T07:57:33,249053000,58.28396667,-136.3660833,0,265.7,20.5,268,9106302,9HJG9,CELEBRITY MERCURY,16,SITKA
2008-07-25T07:57:25,249053000,58.28403333,-136.3648,0,266.0,20.5,268,9106302,9HJG9,CELEBRITY MERCURY,16,SITKA
2008-07-25T07:57:20,249053000,58.28408333,-136.3633833,0,266.6,20.5,268,9106302,9HJG9,CELEBRITY MERCURY,16,SITKA
2008-07-25T07:57:08,249053000,58.28415,-136.36145,0,266.8,20.5,268,9106302,9HJG9,CELEBRITY MERCURY,16,SITKA
2008-07-25T07:57:03,249053000,58.28418333,-136.3607833,0,267.1,20.4,268,9106302,9HJG9,CELEBRITY MERCURY,16,SITKA
2008-07-25T07:56:55,249053000,58.28423333,-136.35915,0,267.4,20.2,268,9106302,9HJG9,CELEBRITY MERCURY,16,SITKA
2008-07-25T07:56:50,249053000,58.28425,-136.3583167,0,267.1,20.4,268,9106302,9HJG9,CELEBRITY MERCURY,16,SITKA
2008-07-25T07:56:44,249053000,58.28428333,-136.3572667,0,267.1,20.4,268,9106302,9HJG9,CELEBRITY MERCURY,16,SITKA
2008-07-25T07:56:37,249053000,58.28431667,-136.3558333,0,267.4,20.4,268,9106302,9HJG9,CELEBRITY MERCURY,16,SITKA
2008-07-25T07:56:33,249053000,58.28433333,-136.35535,0,267.4,20.2,268,9106302,9HJG9,CELEBRITY MERCURY,16,SITKA
2008-07-25T07:56:25,249053000,58.28435,-136.3541,0,267.7,20.2,268,9106302,9HJG9,CELEBRITY MERCURY,16,SITKA
2008-07-25T07:56:20,249053000,58.28436667,-136.3531,0,267.4,20.2,268,9106302,9HJG9,CELEBRITY MERCURY,16,SITKA
2008-07-25T07:56:14,249053000,58.28438333,-136.3522333,0,268.4,20.2,269,9106302,9HJG9,CELEBRITY MERCURY,16,SITKA
2008-07-25T07:56:07,249053000,58.28441667,-136.3508167,0,267.4,20.2,268,9106302,9HJG9,CELEBRITY MERCURY,16,SITKA
2008-07-25T07:56:03,249053000,58.28445,-136.34945,0,267.4,20.2,268,9106302,9HJG9,CELEBRITY MERCURY,16,SITKA
2008-07-25T07:55:55,249053000,58.28446667,-136.3487167,0,267.4,20.2,268,9106302,9HJG9,CELEBRITY MERCURY,16,SITKA
2008-07-25T07:55:50,249053000,58.28448333,-136.3479,0,267.1,20.1,268,9106302,9HJG9,CELEBRITY MERCURY,16,SITKA
2008-07-25T07:55:44,249053000,58.2845,-136.34665,0,268.1,20.1,269,9106302,9HJG9,CELEBRITY MERCURY,16,SITKA
2008-07-25T07:55:37,249053000,58.28453333,-136.34545,0,267.8,20.0,269,9106302,9HJG9,CELEBRITY MERCURY,16,SITKA
2008-07-25T07:55:33,249053000,58.28456667,-136.3446,0,268.1,20.0,269,9106302,9HJG9,CELEBRITY MERCURY,16,SITKA
2008-07-25T07:55:25,249053000,58.2846,-136.3432,0,268.1,20.0,269,9106302,9HJG9,CELEBRITY MERCURY,16,SITKA
2008-07-25T07:55:21,249053000,58.28461667,-136.3423333,0,268.1,20.0,269,9106302,9HJG9,CELEBRITY MERCURY,16,SITKA
2008-07-25T07:55:14,249053000,58.28463333,-136.3411167,0,268.1,19.9,269,9106302,9HJG9,CELEBRITY MERCURY,16,SITKA
2008-07-25T07:55:09,249053000,58.28466667,-136.3402667,0,267.8,19.9,269,9106302,9HJG9,CELEBRITY MERCURY,16,SITKA
2008-07-25T07:55:03,249053000,58.28468333,-136.33945,0,267.8,19.9,269,9106302,9HJG9,CELEBRITY MERCURY,16,SITKA
2008-07-25T07:54:55,249053000,58.28473333,-136.33695,0,267.8,19.8,269,9106302,9HJG9,CELEBRITY MERCURY,16,SITKA
2008-07-25T07:54:49,249053000,58.28473333,-136.3368167,0,266.8,19.8,268,9106302,9HJG9,CELEBRITY MERCURY,16,SITKA
2008-07-25T07:54:44,249053000,58.28475,-136.3361833,0,267.1,19.8,268,9106302,9HJG9,CELEBRITY MERCURY,16,SITKA
2008-07-25T07:54:38,249053000,58.28478333,-136.3349833,0,267.1,19.7,268,9106302,9HJG9,CELEBRITY MERCURY,16,SITKA
2008-07-25T07:54:33,249053000,58.28481667,-136.3341667,0,267.1,19.7,268,9106302,9HJG9,CELEBRITY MERCURY,16,SITKA
2008-07-25T07:54:25,249053000,58.28485,-136.3327667,0,267.4,19.7,268,9106302,9HJG9,CELEBRITY MERCURY,16,SITKA
2008-07-25T07:54:20,249053000,58.28486667,-136.3321167,0,267.1,19.7,268,9106302,9HJG9,CELEBRITY MERCURY,16,SITKA
2008-07-25T07:54:14,249053000,58.2849,-136.3307833,0,267.1,19.5,268,9106302,9HJG9,CELEBRITY MERCURY,16,SITKA
2008-07-25T07:54:09,249053000,58.28491667,-136.3295667,0,267.1,19.5,268,9106302,9HJG9,CELEBRITY MERCURY,16,SITKA
2008-07-25T07:54:03,249053000,58.28493333,-136.3291,0,267.1,19.5,268,9106302,9HJG9,CELEBRITY MERCURY,16,SITKA
2008-07-25T07:53:56,249053000,58.28496667,-136.3279167,0,267.1,19.4,268,9106302,9HJG9,CELEBRITY MERCURY,16,SITKA
2008-07-25T07:53:49,249053000,58.28498333,-136.3267167,0,267.1,19.4,268,9106302,9HJG9,CELEBRITY MERCURY,16,SITKA
2008-07-25T07:53:44,249053000,58.28501667,-136.3259333,0,267.4,19.3,268,9106302,9HJG9,CELEBRITY MERCURY,16,SITKA
2008-07-25T07:53:37,249053000,58.28506667,-136.3238667,0,267.4,19.2,268,9106302,9HJG9,CELEBRITY MERCURY,16,SITKA
2008-07-25T07:53:33,249053000,58.28506667,-136.3239167,0,267.4,19.2,268,9106302,9HJG9,CELEBRITY MERCURY,16,SITKA
2008-07-25T07:53:25,249053000,58.28508333,-136.32255,0,267.4,19.2,268,9106302,9HJG9,CELEBRITY MERCURY,16,SITKA
2008-07-25T07:53:20,249053000,58.2851,-136.3217167,0,267.4,19.1,268,9106302,9HJG9,CELEBRITY MERCURY,16,SITKA
2008-07-25T07:53:15,249053000,58.28513333,-136.32055,0,267.3,18.9,268,9106302,9HJG9,CELEBRITY MERCURY,16,SITKA
2008-07-25T07:53:07,249053000,58.28515,-136.3195833,0,267.3,18.9,268,9106302,9HJG9,CELEBRITY MERCURY,16,SITKA
2008-07-25T07:53:03,249053000,58.28516667,-136.3188,0,267.3,18.9,268,9106302,9HJG9,CELEBRITY MERCURY,16,SITKA
2008-07-25T07:52:56,249053000,58.2852,-136.3176167,0,267.3,18.9,268,9106302,9HJG9,CELEBRITY MERCURY,16,SITKA
2008-07-25T07:52:49,249053000,58.28521667,-136.3166333,0,267.3,18.9,268,9106302,9HJG9,CELEBRITY MERCURY,16,SITKA
2008-07-25T07:52:37,249053000,58.28526667,-136.3145167,0,267.6,18.8,268,9106302,9HJG9,CELEBRITY MERCURY,16,SITKA
2008-07-25T07:52:32,249053000,58.28528333,-136.3139,0,268.0,18.8,268,9106302,9HJG9,CELEBRITY MERCURY,16,SITKA
2008-07-25T07:52:20,249053000,58.28533333,-136.3113167,0,268.0,18.7,268,9106302,9HJG9,CELEBRITY MERCURY,16,SITKA
2008-07-25T07:52:14,249053000,58.28533333,-136.31085,0,268.6,18.7,269,9106302,9HJG9,CELEBRITY MERCURY,16,SITKA
2008-07-25T07:52:07,249053000,58.28535,-136.30955,0,268.6,18.7,269,9106302,9HJG9,CELEBRITY MERCURY,16,SITKA
2008-07-25T07:51:56,249053000,58.28538333,-136.3079667,0,268.6,18.7,269,9106302,9HJG9,CELEBRITY MERCURY,16,SITKA
2008-07-25T07:51:49,249053000,58.2854,-136.3068167,0,268.6,18.7,269,9106302,9HJG9,CELEBRITY MERCURY,16,SITKA
2008-07-25T07:51:47,249053000,58.28541667,-136.3055333,0,0.0,0.0,0,9106302,9HJG9,CELEBRITY MERCURY,16,SITKA
2008-07-25T07:51:43,249053000,58.28541667,-136.3055333,0,268.0,18.7,268,9106302,9HJG9,CELEBRITY MERCURY,16,SITKA
2008-07-25T07:51:37,249053000,58.28543333,-136.3047,0,269.0,18.7,269,9106302,9HJG9,CELEBRITY MERCURY,16,SITKA
2008-07-25T07:51:32,249053000,58.28545,-136.30375,0,269.3,18.7,269,9106302,9HJG9,CELEBRITY MERCURY,16,SITKA
2008-07-25T07:51:25,249053000,58.28545,-136.3027833,0,269.3,18.7,269,9106302,9HJG9,CELEBRITY MERCURY,16,SITKA
2008-07-25T07:51:20,249053000,58.28546667,-136.30165,0,268.3,18.7,268,9106302,9HJG9,CELEBRITY MERCURY,16,SITKA
2008-07-25T07:51:15,249053000,58.28548333,-136.3004,0,268.9,18.8,268,9106302,9HJG9,CELEBRITY MERCURY,16,SITKA
2008-07-25T07:51:07,249053000,58.2855,-136.2998833,0,269.2,18.8,268,9106302,9HJG9,CELEBRITY MERCURY,16,SITKA
2008-07-25T07:51:03,249053000,58.2855,-136.2986167,0,269.2,18.8,268,9106302,9HJG9,CELEBRITY MERCURY,16,SITKA
2008-07-25T07:50:56,249053000,58.28551667,-136.2977667,0,269.2,18.8,268,9106302,9HJG9,CELEBRITY MERCURY,16,SITKA
2008-07-25T07:50:49,249053000,58.28551667,-136.2968167,0,269.2,18.8,268,9106302,9HJG9,CELEBRITY MERCURY,16,SITKA
2008-07-25T07:50:44,249053000,58.28551667,-136.2956833,0,269.8,18.7,268,9106302,9HJG9,CELEBRITY MERCURY,16,SITKA
2008-07-25T07:50:38,249053000,58.28551667,-136.2949,0,270.1,18.7,268,9106302,9HJG9,CELEBRITY MERCURY,16,SITKA
2008-07-25T07:50:32,249053000,58.28551667,-136.2941167,0,270.4,18.7,268,9106302,9HJG9,CELEBRITY MERCURY,16,SITKA
2008-07-25T07:50:26,249053000,58.28551667,-136.2924333,0,270.7,18.7,268,9106302,9HJG9,CELEBRITY MERCURY,16,SITKA
2008-07-25T07:50:19,249053000,58.2855,-136.2921833,0,271.0,18.7,268,9106302,9HJG9,CELEBRITY MERCURY,16,SITKA
2008-07-25T07:50:14,249053000,58.2855,-136.29105,0,270.7,18.6,268,9106302,9HJG9,CELEBRITY MERCURY,16,SITKA
2008-07-25T07:50:07,249053000,58.2855,-136.2898833,0,271.7,18.6,268,9106302,9HJG9,CELEBRITY MERCURY,16,SITKA
2008-07-25T07:49:56,249053000,58.28546667,-136.28815,0,272.0,18.6,269,9106302,9HJG9,CELEBRITY MERCURY,16,SITKA
2008-07-25T07:49:50,249053000,58.28545,-136.2866833,0,273.0,18.6,270,9106302,9HJG9,CELEBRITY MERCURY,16,SITKA
2008-07-25T07:49:32,249053000,58.28538333,-136.2841833,0,275.0,18.7,272,9106302,9HJG9,CELEBRITY MERCURY,16,SITKA
2008-07-25T07:49:26,249053000,58.28535,-136.2832167,0,276.0,18.8,273,9106302,9HJG9,CELEBRITY MERCURY,16,SITKA
2008-07-25T07:49:20,249053000,58.28528333,-136.2820667,0,277.0,18.9,274,9106302,9HJG9,CELEBRITY MERCURY,16,SITKA
2008-07-25T07:49:14,249053000,58.28523333,-136.2813,0,277.7,18.9,275,9106302,9HJG9,CELEBRITY MERCURY,16,SITKA
2008-07-25T07:49:07,249053000,58.2851,-136.2794833,0,279.2,19.1,276,9106302,9HJG9,CELEBRITY MERCURY,16,SITKA
2008-07-25T07:49:03,249053000,58.28511667,-136.2795667,0,279.6,19.1,277,9106302,9HJG9,CELEBRITY MERCURY,16,SITKA
2008-07-25T07:48:56,249053000,58.28503333,-136.2784,0,280.6,19.2,278,9106302,9HJG9,CELEBRITY MERCURY,16,SITKA
2008-07-25T07:48:50,249053000,58.28491667,-136.2772667,0,281.9,19.3,279,9106302,9HJG9,CELEBRITY MERCURY,16,SITKA
2008-07-25T07:48:37,249053000,58.28468333,-136.2751,0,282.6,19.5,280,9106302,9HJG9,CELEBRITY MERCURY,16,SITKA
2008-07-25T07:48:32,249053000,58.28458333,-136.2743333,0,283.9,19.5,281,9106302,9HJG9,CELEBRITY MERCURY,16,SITKA
2008-07-25T07:48:19,249053000,58.28435,-136.2723833,0,285.6,19.7,283,9106302,9HJG9,CELEBRITY MERCURY,16,SITKA
2008-07-25T07:48:14,249053000,58.28411667,-136.2707167,0,286.8,19.9,284,9106302,9HJG9,CELEBRITY MERCURY,16,SITKA
2008-07-25T07:48:08,249053000,58.28406667,-136.2704,0,287.5,19.9,285,9106302,9HJG9,CELEBRITY MERCURY,16,SITKA
2008-07-25T07:48:02,249053000,58.28385,-136.2690667,0,289.1,20.1,285,9106302,9HJG9,CELEBRITY MERCURY,16,SITKA
2008-07-25T07:47:56,249053000,58.28368333,-136.2680833,0,290.1,20.2,286,9106302,9HJG9,CELEBRITY MERCURY,16,SITKA
2008-07-25T07:47:50,249053000,58.28343333,-136.26675,0,291.1,20.2,287,9106302,9HJG9,CELEBRITY MERCURY,16,SITKA
2008-07-25T07:47:44,249053000,58.2833,-136.2659333,0,292.1,20.2,288,9106302,9HJG9,CELEBRITY MERCURY,16,SITKA
2008-07-25T07:47:32,249053000,58.28295,-136.2643667,0,292.8,20.4,290,9106302,9HJG9,CELEBRITY MERCURY,16,SITKA
2008-07-25T07:47:26,249053000,58.28276667,-136.2634,0,293.5,20.4,291,9106302,9HJG9,CELEBRITY MERCURY,16,SITKA
2008-07-25T07:47:19,249053000,58.28245,-136.2621,0,294.2,20.4,292,9106302,9HJG9,CELEBRITY MERCURY,16,SITKA
2008-07-25T07:47:14,249053000,58.28213333,-136.2606833,0,296.0,20.5,293,9106302,9HJG9,CELEBRITY MERCURY,16,SITKA
2008-07-25T07:47:02,249053000,58.28183333,-136.2594167,0,296.9,20.5,295,9106302,9HJG9,CELEBRITY MERCURY,16,SITKA
2008-07-25T07:46:56,249053000,58.28153333,-136.2583,0,297.3,20.5,296,9106302,9HJG9,CELEBRITY MERCURY,16,SITKA
2008-07-25T07:46:50,249053000,58.28133333,-136.2575167,0,297.1,20.5,296,9106302,9HJG9,CELEBRITY MERCURY,16,SITKA
2008-07-25T07:46:48,249053000,58.28101667,-136.2564167,0,297.8,20.5,297,9106302,9HJG9,CELEBRITY MERCURY,16,SITKA
2008-07-25T07:46:32,249053000,58.28045,-136.2543833,0,297.8,20.6,297,9106302,9HJG9,CELEBRITY MERCURY,16,SITKA
2008-07-25T07:46:26,249053000,58.28021667,-136.2536,0,297.8,20.6,297,9106302,9HJG9,CELEBRITY MERCURY,16,SITKA
2008-07-25T07:46:14,249053000,58.2797,-136.2517333,0,297.8,20.6,297,9106302,9HJG9,CELEBRITY MERCURY,16,SITKA
2008-07-25T07:46:07,249053000,58.27936667,-136.2506167,0,298.1,20.6,297,9106302,9HJG9,CELEBRITY MERCURY,16,SITKA
2008-07-25T07:46:02,249053000,58.27918333,-136.2498667,0,298.1,20.7,297,9106302,9HJG9,CELEBRITY MERCURY,16,SITKA
2008-07-25T07:45:56,249053000,58.27866667,-136.2481,0,297.8,20.7,297,9106302,9HJG9,CELEBRITY MERCURY,16,SITKA
2008-07-25T07:45:50,249053000,58.2786,-136.2478333,0,297.8,20.7,297,9106302,9HJG9,CELEBRITY MERCURY,16,SITKA
2008-07-25T07:45:44,249053000,58.27833333,-136.2468833,0,298.1,20.6,297,9106302,9HJG9,CELEBRITY MERCURY,16,SITKA
2008-07-25T07:45:38,249053000,58.27806667,-136.2459333,0,297.8,20.6,297,9106302,9HJG9,CELEBRITY MERCURY,16,SITKA
2008-07-25T07:45:26,249053000,58.27753333,-136.24405,0,297.8,20.7,297,9106302,9HJG9,CELEBRITY MERCURY,16,SITKA
2008-07-25T07:45:19,249053000,58.2769,-136.2418,0,297.8,20.7,297,9106302,9HJG9,CELEBRITY MERCURY,16,SITKA
2008-07-25T07:45:15,249053000,58.27691667,-136.2418333,0,297.8,20.7,297,9106302,9HJG9,CELEBRITY MERCURY,16,SITKA
2008-07-25T07:45:07,249053000,58.27668333,-136.2410667,0,298.1,20.7,297,9106302,9HJG9,CELEBRITY MERCURY,16,SITKA
2008-07-25T07:45:02,249053000,58.27643333,-136.2401,0,297.8,20.7,297,9106302,9HJG9,CELEBRITY MERCURY,16,SITKA
2008-07-25T07:44:50,249053000,58.2759,-136.2382333,0,298.1,20.7,297,9106302,9HJG9,CELEBRITY MERCURY,16,SITKA
2008-07-25T07:44:44,249053000,58.27563333,-136.2372833,0,297.8,20.7,297,9106302,9HJG9,CELEBRITY MERCURY,16,SITKA
2008-07-25T07:44:38,249053000,58.27513333,-136.23555,0,297.5,20.7,297,9106302,9HJG9,CELEBRITY MERCURY,16,SITKA
2008-07-25T07:44:33,249053000,58.2751,-136.2353833,0,297.8,20.7,297,9106302,9HJG9,CELEBRITY MERCURY,16,SITKA
2008-07-25T07:44:25,249053000,58.27478333,-136.2342667,0,297.8,20.7,297,9106302,9HJG9,CELEBRITY MERCURY,16,SITKA
2008-07-25T07:44:19,249053000,58.27445,-136.23315,0,297.8,20.7,297,9106302,9HJG9,CELEBRITY MERCURY,16,SITKA
2008-07-25T07:44:14,249053000,58.2742,-136.2321833,0,297.8,20.7,297,9106302,9HJG9,CELEBRITY MERCURY,16,SITKA
2008-07-25T07:44:07,249053000,58.27388333,-136.2310667,0,297.5,20.7,297,9106302,9HJG9,CELEBRITY MERCURY,16,SITKA
2008-07-25T07:44:02,249053000,58.27373333,-136.2305167,0,297.8,20.7,297,9106302,9HJG9,CELEBRITY MERCURY,16,SITKA
2008-07-25T07:43:56,249053000,58.27336667,-136.2292,0,297.8,20.7,297,9106302,9HJG9,CELEBRITY MERCURY,16,SITKA
2008-07-25T07:43:50,249053000,58.2732,-136.2286,0,297.8,20.7,297,9106302,9HJG9,CELEBRITY MERCURY,16,SITKA
2008-07-25T07:43:44,249053000,58.27295,-136.22765,0,297.8,20.7,297,9106302,9HJG9,CELEBRITY MERCURY,16,SITKA
2008-07-25T07:43:38,249053000,58.27263333,-136.2265333,0,297.5,20.7,297,9106302,9HJG9,CELEBRITY MERCURY,16,SITKA
2008-07-25T07:43:34,249053000,58.2724,-136.2257833,0,297.5,20.7,297,9106302,9HJG9,CELEBRITY MERCURY,16,SITKA
2008-07-25T07:43:26,249053000,58.2721,-136.22465,0,297.5,20.7,297,9106302,9HJG9,CELEBRITY MERCURY,16,SITKA
2008-07-25T07:43:19,249053000,58.2718,-136.2235333,0,297.8,20.7,297,9106302,9HJG9,CELEBRITY MERCURY,16,SITKA
2008-07-25T07:43:07,249053000,58.2713,-136.2218,0,297.5,20.7,297,9106302,9HJG9,CELEBRITY MERCURY,16,SITKA
2008-07-25T07:43:03,249053000,58.27108333,-136.2210333,0,297.5,20.7,297,9106302,9HJG9,CELEBRITY MERCURY,16,SITKA
2008-07-25T07:42:55,249053000,58.27073333,-136.2197667,0,297.5,20.7,297,9106302,9HJG9,CELEBRITY MERCURY,16,SITKA
2008-07-25T07:42:50,249053000,58.27041667,-136.21865,0,297.5,20.6,297,9106302,9HJG9,CELEBRITY MERCURY,16,SITKA
2008-07-25T07:42:39,249053000,58.26985,-136.2166,0,298.5,20.7,298,9106302,9HJG9,CELEBRITY MERCURY,16,SITKA
2008-07-25T07:42:33,249053000,58.2697,-136.2159833,0,298.8,20.7,298,9106302,9HJG9,CELEBRITY MERCURY,16,SITKA
2008-07-25T07:42:25,249053000,58.26936667,-136.2148333,0,297.5,20.6,297,9106302,9HJG9,CELEBRITY MERCURY,16,SITKA
2008-07-25T07:42:19,249053000,58.26905,-136.2137333,0,297.5,20.6,297,9106302,9HJG9,CELEBRITY MERCURY,16,SITKA
2008-07-25T07:42:14,249053000,58.2688,-136.2127833,0,297.5,20.6,297,9106302,9HJG9,CELEBRITY MERCURY,16,SITKA
2008-07-25T07:42:07,249053000,58.26853333,-136.21185,0,297.5,20.6,297,9106302,9HJG9,CELEBRITY MERCURY,16,SITKA
2008-07-25T07:42:02,249053000,58.26811667,-136.2103,0,297.2,20.6,297,9106302,9HJG9,CELEBRITY MERCURY,16,SITKA
2008-07-25T07:41:56,249053000,58.26806667,-136.2101667,0,298.2,20.6,298,9106302,9HJG9,CELEBRITY MERCURY,16,SITKA
2008-07-25T07:41:50,249053000,58.2678,-136.2092167,0,298.0,20.6,298,9106302,9HJG9,CELEBRITY MERCURY,16,SITKA
2008-07-25T07:41:44,249053000,58.26755,-136.2082833,0,297.2,20.5,297,9106302,9HJG9,CELEBRITY MERCURY,16,SITKA
2008-07-25T07:41:38,249053000,58.26725,-136.2071667,0,297.5,20.5,297,9106302,9HJG9,CELEBRITY MERCURY,16,SITKA
2008-07-25T07:41:33,249053000,58.26706667,-136.2065833,0,297.5,20.5,297,9106302,9HJG9,CELEBRITY MERCURY,16,SITKA
2008-07-25T07:41:13,249053000,58.26615,-136.2032667,0,298.0,20.5,298,9106302,9HJG9,CELEBRITY MERCURY,16,SITKA
2008-07-25T07:41:08,249053000,58.26588333,-136.2023167,0,297.2,20.5,297,9106302,9HJG9,CELEBRITY MERCURY,16,SITKA
2008-07-25T07:41:02,249053000,58.26571667,-136.20175,0,297.2,20.5,297,9106302,9HJG9,CELEBRITY MERCURY,16,SITKA
2008-07-25T07:40:56,249053000,58.26523333,-136.1999667,0,297.5,20.5,297,9106302,9HJG9,CELEBRITY MERCURY,16,SITKA
2008-07-25T07:40:50,249053000,58.2651,-136.1995,0,297.5,20.5,297,9106302,9HJG9,CELEBRITY MERCURY,16,SITKA
2008-07-25T07:40:38,249053000,58.26458333,-136.1976333,0,297.5,20.5,297,9106302,9HJG9,CELEBRITY MERCURY,16,SITKA
2008-07-25T07:40:32,249053000,58.26431667,-136.1966833,0,297.2,20.5,297,9106302,9HJG9,CELEBRITY MERCURY,16,SITKA
2008-07-25T07:40:19,249053000,58.2637,-136.1944333,0,297.2,20.5,297,9106302,9HJG9,CELEBRITY MERCURY,16,SITKA
2008-07-25T07:40:13,249053000,58.26348333,-136.1936667,0,298.2,20.5,298,9106302,9HJG9,CELEBRITY MERCURY,16,SITKA
2008-07-25T07:40:08,249053000,58.26328333,-136.1929167,0,297.2,20.5,297,9106302,9HJG9,CELEBRITY MERCURY,16,SITKA
2008-07-25T07:40:02,249053000,58.26283333,-136.1913667,0,297.2,20.6,297,9106302,9HJG9,CELEBRITY MERCURY,16,SITKA
2008-07-25T07:39:55,249053000,58.26266667,-136.1906833,0,297.2,20.6,297,9106302,9HJG9,CELEBRITY MERCURY,16,SITKA
2008-07-25T07:39:53,249053000,58.26218333,-136.189,0,0.0,0.0,0,9106302,9HJG9,CELEBRITY MERCURY,16,SITKA
2008-07-25T07:39:44,249053000,58.26218333,-136.189,0,297.2,20.6,297,9106302,9HJG9,CELEBRITY MERCURY,16,SITKA
2008-07-25T07:39:32,249053000,58.26166667,-136.1870833,0,297.2,20.5,297,9106302,9HJG9,CELEBRITY MERCURY,16,SITKA
2008-07-25T07:39:26,249053000,58.26128333,-136.1856833,0,297.2,20.5,297,9106302,9HJG9,CELEBRITY MERCURY,16,SITKA
2008-07-25T07:39:19,249053000,58.26111667,-136.1850667,0,297.2,20.5,297,9106302,9HJG9,CELEBRITY MERCURY,16,SITKA
2008-07-25T07:39:13,249053000,58.26085,-136.1841333,0,297.2,20.4,297,9106302,9HJG9,CELEBRITY MERCURY,16,SITKA
2008-07-25T07:39:02,249053000,58.26035,-136.1822667,0,297.0,20.5,297,9106302,9HJG9,CELEBRITY MERCURY,16,SITKA
2008-07-25T07:38:56,249053000,58.26008333,-136.18135,0,297.7,20.5,298,9106302,9HJG9,CELEBRITY MERCURY,16,SITKA
2008-07-25T07:38:44,249053000,58.2594,-136.17885,0,296.7,20.5,297,9106302,9HJG9,CELEBRITY MERCURY,16,SITKA
2008-07-25T07:38:38,249053000,58.25928333,-136.1783833,0,297.0,20.5,297,9106302,9HJG9,CELEBRITY MERCURY,16,SITKA
2008-07-25T07:38:26,249053000,58.25876667,-136.1765,0,297.0,20.5,297,9106302,9HJG9,CELEBRITY MERCURY,16,SITKA
2008-07-25T07:37:50,249053000,58.2572,-136.1707167,0,297.2,20.4,297,9106302,9HJG9,CELEBRITY MERCURY,16,SITKA
2008-07-25T07:37:44,249053000,58.25696667,-136.1699667,0,297.5,20.2,297,9106302,9HJG9,CELEBRITY MERCURY,16,SITKA
2008-07-25T07:37:41,249053000,58.25671667,-136.1690333,0,297.2,20.4,297,9106302,9HJG9,CELEBRITY MERCURY,16,SITKA
2008-07-25T07:37:32,249053000,58.25643333,-136.1679,0,297.2,20.2,297,9106302,9HJG9,CELEBRITY MERCURY,16,SITKA
2008-07-25T07:37:26,249053000,58.25598333,-136.1663333,0,297.2,20.2,297,9106302,9HJG9,CELEBRITY MERCURY,16,SITKA
2008-07-25T07:37:19,249053000,58.25591667,-136.16605,0,297.2,20.2,297,9106302,9HJG9,CELEBRITY MERCURY,16,SITKA
2008-07-25T07:37:14,249053000,58.25565,-136.1651333,0,297.0,20.2,297,9106302,9HJG9,CELEBRITY MERCURY,16,SITKA
2008-07-25T07:37:08,249053000,58.25536667,-136.1640167,0,297.0,20.2,297,9106302,9HJG9,CELEBRITY MERCURY,16,SITKA
2008-07-25T07:37:02,249053000,58.25511667,-136.1631,0,297.0,20.2,297,9106302,9HJG9,CELEBRITY MERCURY,16,SITKA
2008-07-25T07:36:55,249053000,58.25481667,-136.162,0,296.7,20.2,297,9106302,9HJG9,CELEBRITY MERCURY,16,SITKA
2008-07-25T07:36:50,249053000,58.25461667,-136.1612333,0,296.7,20.2,297,9106302,9HJG9,CELEBRITY MERCURY,16,SITKA
2008-07-25T07:36:40,249053000,58.2541,-136.1593667,0,296.7,20.2,297,9106302,9HJG9,CELEBRITY MERCURY,16,SITKA
2008-07-25T07:36:32,249053000,58.2539,-136.1586167,0,296.4,20.2,297,9106302,9HJG9,CELEBRITY MERCURY,16,SITKA
2008-07-25T07:36:25,249053000,58.25358333,-136.15735,0,296.4,20.2,297,9106302,9HJG9,CELEBRITY MERCURY,16,SITKA
2008-07-25T07:36:14,249053000,58.25306667,-136.1554833,0,296.1,20.2,297,9106302,9HJG9,CELEBRITY MERCURY,16,SITKA
2008-07-25T07:36:08,249053000,58.25266667,-136.1539333,0,296.1,20.2,297,9106302,9HJG9,CELEBRITY MERCURY,16,SITKA
2008-07-25T07:36:02,249053000,58.25255,-136.1534833,0,296.1,20.1,297,9106302,9HJG9,CELEBRITY MERCURY,16,SITKA
2008-07-25T07:35:55,249053000,58.25233333,-136.1527167,0,296.1,20.1,297,9106302,9HJG9,CELEBRITY MERCURY,16,SITKA
2008-07-25T07:35:50,249053000,58.25213333,-136.1519833,0,296.1,20.1,297,9106302,9HJG9,CELEBRITY MERCURY,16,SITKA
2008-07-25T07:35:44,249053000,58.25185,-136.1508833,0,296.1,20.2,297,9106302,9HJG9,CELEBRITY MERCURY,16,SITKA
2008-07-25T07:35:38,249053000,58.25161667,-136.14995,0,296.1,20.2,297,9106302,9HJG9,CELEBRITY MERCURY,16,SITKA
2008-07-25T07:35:32,249053000,58.25136667,-136.1490167,0,295.8,20.2,297,9106302,9HJG9,CELEBRITY MERCURY,16,SITKA
2008-07-25T07:35:25,249053000,58.25103333,-136.1477333,0,295.2,20.1,297,9106302,9HJG9,CELEBRITY MERCURY,16,SITKA
2008-07-25T07:35:19,249053000,58.25085,-136.1469667,0,295.0,20.1,297,9106302,9HJG9,CELEBRITY MERCURY,16,SITKA
2008-07-25T07:35:14,249053000,58.25056667,-136.1458667,0,295.7,20.1,298,9106302,9HJG9,CELEBRITY MERCURY,16,SITKA
2008-07-25T07:35:08,249053000,58.25036667,-136.1450833,0,295.7,20.1,298,9106302,9HJG9,CELEBRITY MERCURY,16,SITKA
2008-07-25T07:35:02,249053000,58.25005,-136.1438333,0,294.7,20.1,297,9106302,9HJG9,CELEBRITY MERCURY,16,SITKA
2008-07-25T07:34:55,249053000,58.2498,-136.14285,0,294.7,20.1,297,9106302,9HJG9,CELEBRITY MERCURY,16,SITKA
2008-07-25T07:34:50,249053000,58.24948333,-136.1414833,0,294.7,20.1,297,9106302,9HJG9,CELEBRITY MERCURY,16,SITKA
2008-07-25T07:34:44,249053000,58.24936667,-136.1410167,0,294.7,20.1,297,9106302,9HJG9,CELEBRITY MERCURY,16,SITKA
2008-07-25T07:34:32,249053000,58.249,-136.1394667,0,294.7,20.0,297,9106302,9HJG9,CELEBRITY MERCURY,16,SITKA
2008-07-25T07:34:27,249053000,58.24873333,-136.13835,0,294.4,20.0,297,9106302,9HJG9,CELEBRITY MERCURY,16,SITKA
2008-07-25T07:34:19,249053000,58.2485,-136.1374167,0,294.4,20.0,297,9106302,9HJG9,CELEBRITY MERCURY,16,SITKA
2008-07-25T07:34:14,249053000,58.24823333,-136.1363333,0,294.4,20.0,297,9106302,9HJG9,CELEBRITY MERCURY,16,SITKA
2008-07-25T07:34:08,249053000,58.24798333,-136.1352667,0,293.8,20.0,297,9106302,9HJG9,CELEBRITY MERCURY,16,SITKA
2008-07-25T07:34:02,249053000,58.24783333,-136.13465,0,293.8,20.0,297,9106302,9HJG9,CELEBRITY MERCURY,16,SITKA
2008-07-25T07:33:55,249053000,58.24753333,-136.1333333,0,293.1,20.0,296,9106302,9HJG9,CELEBRITY MERCURY,16,SITKA
2008-07-25T07:33:48,249053000,58.24716667,-136.1316167,0,0.0,0.0,0,9106302,9HJG9,CELEBRITY MERCURY,16,SITKA
2008-07-25T07:33:44,249053000,58.24716667,-136.1316167,0,291.8,20.0,295,9106302,9HJG9,CELEBRITY MERCURY,16,SITKA
2008-07-25T07:33:38,249053000,58.24678333,-136.1298333,0,290.8,20.0,294,9106302,9HJG9,CELEBRITY MERCURY,16,SITKA
2008-07-25T07:33:32,249053000,58.24665,-136.1292333,0,289.8,20.0,293,9106302,9HJG9,CELEBRITY MERCURY,16,SITKA
2008-07-25T07:33:25,249053000,58.2465,-136.12855,0,290.1,20.0,293,9106302,9HJG9,CELEBRITY MERCURY,16,SITKA
2008-07-25T07:33:19,249053000,58.24633333,-136.1275833,0,289.4,20.0,292,9106302,9HJG9,CELEBRITY MERCURY,16,SITKA
2008-07-25T07:33:08,249053000,58.24596667,-136.1256333,0,288.1,20.0,291,9106302,9HJG9,CELEBRITY MERCURY,16,SITKA
2008-07-25T07:33:02,249053000,58.2458,-136.1246667,0,287.1,20.0,290,9106302,9HJG9,CELEBRITY MERCURY,16,SITKA
2008-07-25T07:32:51,249053000,58.24548333,-136.1227167,0,285.1,20.0,288,9106302,9HJG9,CELEBRITY MERCURY,16,SITKA
2008-07-25T07:32:45,249053000,58.24533333,-136.1217333,0,284.8,20.0,288,9106302,9HJG9,CELEBRITY MERCURY,16,SITKA
2008-07-25T07:32:38,249053000,58.24515,-136.1204,0,284.4,20.0,287,9106302,9HJG9,CELEBRITY MERCURY,16,SITKA
2008-07-25T07:32:32,249053000,58.24508333,-136.1197833,0,283.4,20.0,286,9106302,9HJG9,CELEBRITY MERCURY,16,SITKA
2008-07-25T07:32:26,249053000,58.24495,-136.1187667,0,282.4,20.1,285,9106302,9HJG9,CELEBRITY MERCURY,16,SITKA
2008-07-25T07:32:19,249053000,58.2447,-136.1167,0,280.8,20.1,284,9106302,9HJG9,CELEBRITY MERCURY,16,SITKA
2008-07-25T07:32:14,249053000,58.2447,-136.1167667,0,281.1,20.1,284,9106302,9HJG9,CELEBRITY MERCURY,16,SITKA
2008-07-25T07:32:02,249053000,58.24445,-136.1145667,0,279.1,20.0,282,9106302,9HJG9,CELEBRITY MERCURY,16,SITKA
2008-07-25T07:31:56,249053000,58.24435,-136.11335,0,278.1,20.1,281,9106302,9HJG9,CELEBRITY MERCURY,16,SITKA
2008-07-25T07:31:50,249053000,58.24428333,-136.1125167,0,277.4,20.1,281,9106302,9HJG9,CELEBRITY MERCURY,16,SITKA
2008-07-25T07:31:26,249053000,58.24396667,-136.1080333,0,274.1,20.1,277,9106302,9HJG9,CELEBRITY MERCURY,16,SITKA
2008-07-25T07:31:08,249053000,58.24385,-136.1042,0,271.6,20.2,275,9106302,9HJG9,CELEBRITY MERCURY,16,SITKA
2008-07-25T07:31:02,249053000,58.24385,-136.1037,0,271.4,20.2,274,9106302,9HJG9,CELEBRITY MERCURY,16,SITKA
2008-07-25T07:30:55,249053000,58.24383333,-136.1028333,0,270.4,20.2,273,9106302,9HJG9,CELEBRITY MERCURY,16,SITKA
2008-07-25T07:30:44,249053000,58.24381667,-136.1009667,0,270.0,20.2,272,9106302,9HJG9,CELEBRITY MERCURY,16,SITKA
2008-07-25T07:30:32,249053000,58.24383333,-136.0981667,0,269.0,20.2,271,9106302,9HJG9,CELEBRITY MERCURY,16,SITKA
2008-07-25T07:30:26,249053000,58.24383333,-136.09765,0,269.2,20.2,271,9106302,9HJG9,CELEBRITY MERCURY,16,SITKA
2008-07-25T07:30:14,249053000,58.24386667,-136.0955667,0,269.0,20.2,271,9106302,9HJG9,CELEBRITY MERCURY,16,SITKA
2008-07-25T07:30:08,249053000,58.24388333,-136.0945333,0,268.0,20.2,270,9106302,9HJG9,CELEBRITY MERCURY,16,SITKA
2008-07-25T07:30:02,249053000,58.2439,-136.0933167,0,268.0,20.2,270,9106302,9HJG9,CELEBRITY MERCURY,16,SITKA
2008-07-25T07:29:55,249053000,58.24391667,-136.0919167,0,267.7,20.2,270,9106302,9HJG9,CELEBRITY MERCURY,16,SITKA
2008-07-25T07:29:49,249053000,58.24393333,-136.0910667,0,267.4,20.2,270,9106302,9HJG9,CELEBRITY MERCURY,16,SITKA
2008-07-25T07:29:43,249053000,58.24396667,-136.0898333,0,267.7,20.2,270,9106302,9HJG9,CELEBRITY MERCURY,16,SITKA
2008-07-25T07:29:32,249053000,58.244,-136.0877833,0,267.7,20.2,270,9106302,9HJG9,CELEBRITY MERCURY,16,SITKA
2008-07-25T07:29:26,249053000,58.24403333,-136.0871167,0,266.7,20.2,269,9106302,9HJG9,CELEBRITY MERCURY,16,SITKA
2008-07-25T07:29:20,249053000,58.24406667,-136.0857167,0,266.7,20.2,269,9106302,9HJG9,CELEBRITY MERCURY,16,SITKA
2008-07-25T07:29:02,249053000,58.24415,-136.0828,0,265.4,20.2,268,9106302,9HJG9,CELEBRITY MERCURY,16,SITKA
2008-07-25T07:28:55,249053000,58.2442,-136.0815667,0,264.4,20.2,267,9106302,9HJG9,CELEBRITY MERCURY,16,SITKA
2008-07-25T07:28:49,249053000,58.24425,-136.0801833,0,264.7,20.2,267,9106302,9HJG9,CELEBRITY MERCURY,16,SITKA
2008-07-25T07:28:43,249053000,58.2443,-136.0795,0,263.4,20.1,266,9106302,9HJG9,CELEBRITY MERCURY,16,SITKA
2008-07-25T07:28:37,249053000,58.24435,-136.0783167,0,262.7,20.2,265,9106302,9HJG9,CELEBRITY MERCURY,16,SITKA
2008-07-25T07:28:32,249053000,58.24441667,-136.0774833,0,261.4,20.2,264,9106302,9HJG9,CELEBRITY MERCURY,16,SITKA
2008-07-25T07:28:14,249053000,58.24465,-136.0744,0,259.4,20.2,262,9106302,9HJG9,CELEBRITY MERCURY,16,SITKA
2008-07-25T07:28:08,249053000,58.24475,-136.0732,0,258.4,20.2,261,9106302,9HJG9,CELEBRITY MERCURY,16,SITKA
2008-07-25T07:28:02,249053000,58.24488333,-136.0719667,0,257.4,20.2,261,9106302,9HJG9,CELEBRITY MERCURY,16,SITKA
2008-07-25T07:27:49,249053000,58.24513333,-136.0699167,0,256.4,20.2,259,9106302,9HJG9,CELEBRITY MERCURY,16,SITKA
2008-07-25T07:27:45,249053000,58.24543333,-136.0675667,0,0.0,0.0,0,9106302,9HJG9,CELEBRITY MERCURY,16,SITKA
2008-07-25T07:27:37,249053000,58.24543333,-136.0675667,0,254.4,20.2,257,9106302,9HJG9,CELEBRITY MERCURY,16,SITKA
2008-07-25T07:27:32,249053000,58.24556667,-136.0667167,0,253.4,20.2,257,9106302,9HJG9,CELEBRITY MERCURY,16,SITKA
2008-07-25T07:27:26,249053000,58.24565,-136.0660833,0,253.7,20.2,256,9106302,9HJG9,CELEBRITY MERCURY,16,SITKA
2008-07-25T07:27:20,249053000,58.24583333,-136.0649,0,252.4,20.2,255,9106302,9HJG9,CELEBRITY MERCURY,16,SITKA
2008-07-25T07:27:13,249053000,58.246,-136.0638667,0,251.7,20.2,254,9106302,9HJG9,CELEBRITY MERCURY,16,SITKA
2008-07-25T07:27:08,249053000,58.24616667,-136.0628833,0,250.7,20.2,253,9106302,9HJG9,CELEBRITY MERCURY,16,SITKA
2008-07-25T07:27:02,249053000,58.24635,-136.0619,0,251.0,20.2,253,9106302,9HJG9,CELEBRITY MERCURY,16,SITKA
2008-07-25T07:26:56,249053000,58.24658333,-136.0605667,0,249.7,20.2,252,9106302,9HJG9,CELEBRITY MERCURY,16,SITKA
2008-07-25T07:26:50,249053000,58.24673333,-136.05975,0,249.2,20.2,251,9106302,9HJG9,CELEBRITY MERCURY,16,SITKA
2008-07-25T07:26:43,249053000,58.24693333,-136.0587667,0,249.2,20.2,251,9106302,9HJG9,CELEBRITY MERCURY,16,SITKA
2008-07-25T07:26:37,249053000,58.24713333,-136.0577667,0,249.2,20.2,251,9106302,9HJG9,CELEBRITY MERCURY,16,SITKA
2008-07-25T07:26:32,249053000,58.24733333,-136.0568167,0,248.2,20.1,250,9106302,9HJG9,CELEBRITY MERCURY,16,SITKA
2008-07-25T07:26:20,249053000,58.24785,-136.0542667,0,248.8,20.1,250,9106302,9HJG9,CELEBRITY MERCURY,16,SITKA
2008-07-25T07:26:13,249053000,58.24803333,-136.0532833,0,248.8,20.1,250,9106302,9HJG9,CELEBRITY MERCURY,16,SITKA
2008-07-25T07:26:08,249053000,58.24813333,-136.0528167,0,249.1,20.0,250,9106302,9HJG9,CELEBRITY MERCURY,16,SITKA
2008-07-25T07:26:02,249053000,58.24833333,-136.0518333,0,248.8,20.1,250,9106302,9HJG9,CELEBRITY MERCURY,16,SITKA
2008-07-25T07:25:56,249053000,58.24855,-136.0508833,0,249.1,20.0,250,9106302,9HJG9,CELEBRITY MERCURY,16,SITKA
2008-07-25T07:25:49,249053000,58.24871667,-136.0499333,0,249.4,20.0,250,9106302,9HJG9,CELEBRITY MERCURY,16,SITKA
2008-07-25T07:25:44,249053000,58.24891667,-136.049,0,249.1,19.9,250,9106302,9HJG9,CELEBRITY MERCURY,16,SITKA
2008-07-25T07:25:32,249053000,58.24931667,-136.0471,0,248.8,19.9,250,9106302,9HJG9,CELEBRITY MERCURY,16,SITKA
2008-07-25T07:25:26,249053000,58.2495,-136.04615,0,249.5,19.9,251,9106302,9HJG9,CELEBRITY MERCURY,16,SITKA
2008-07-25T07:25:20,249053000,58.24968333,-136.0452167,0,249.5,19.9,251,9106302,9HJG9,CELEBRITY MERCURY,16,SITKA
2008-07-25T07:25:02,249053000,58.2504,-136.0417,0,248.6,19.9,251,9106302,9HJG9,CELEBRITY MERCURY,16,SITKA
2008-07-25T07:24:56,249053000,58.2505,-136.0412,0,247.9,19.8,250,9106302,9HJG9,CELEBRITY MERCURY,16,SITKA
2008-07-25T07:24:49,249053000,58.2507,-136.0402333,0,247.6,19.8,250,9106302,9HJG9,CELEBRITY MERCURY,16,SITKA
2008-07-25T07:24:44,249053000,58.2509,-136.0393167,0,247.6,19.8,250,9106302,9HJG9,CELEBRITY MERCURY,16,SITKA
2008-07-25T07:24:37,249053000,58.2511,-136.03835,0,247.9,19.9,250,9106302,9HJG9,CELEBRITY MERCURY,16,SITKA
2008-07-25T07:24:32,249053000,58.2513,-136.0374,0,247.6,19.9,250,9106302,9HJG9,CELEBRITY MERCURY,16,SITKA
2008-07-25T07:24:26,249053000,58.25158333,-136.0361,0,247.6,19.8,250,9106302,9HJG9,CELEBRITY MERCURY,16,SITKA
2008-07-25T07:24:20,249053000,58.2517,-136.0354833,0,247.6,19.8,250,9106302,9HJG9,CELEBRITY MERCURY,16,SITKA
2008-07-25T07:24:02,249053000,58.25236667,-136.0324833,0,246.6,19.9,249,9106302,9HJG9,CELEBRITY MERCURY,16,SITKA
2008-07-25T07:23:56,249053000,58.25256667,-136.0315333,0,246.4,19.9,249,9106302,9HJG9,CELEBRITY MERCURY,16,SITKA
2008-07-25T07:23:44,249053000,58.25316667,-136.0290167,0,245.6,19.9,248,9106302,9HJG9,CELEBRITY MERCURY,16,SITKA
2008-07-25T07:23:38,249053000,58.25325,-136.0287167,0,245.9,19.9,248,9106302,9HJG9,CELEBRITY MERCURY,16,SITKA
2008-07-25T07:23:32,249053000,58.25345,-136.0277833,0,244.9,19.9,247,9106302,9HJG9,CELEBRITY MERCURY,16,SITKA
2008-07-25T07:23:19,249053000,58.25408333,-136.0253,0,244.9,19.9,247,9106302,9HJG9,CELEBRITY MERCURY,16,SITKA
2008-07-25T07:23:13,249053000,58.2542,-136.0248167,0,245.2,19.9,247,9106302,9HJG9,CELEBRITY MERCURY,16,SITKA
2008-07-25T07:23:08,249053000,58.2545,-136.0236,0,244.5,20.0,246,9106302,9HJG9,CELEBRITY MERCURY,16,SITKA
2008-07-25T07:22:56,249053000,58.25491667,-136.0219,0,244.8,19.9,246,9106302,9HJG9,CELEBRITY MERCURY,16,SITKA
2008-07-25T07:22:53,249053000,58.25513333,-136.0211333,0,244.8,19.9,246,9106302,9HJG9,CELEBRITY MERCURY,16,SITKA
2008-07-25T07:22:44,249053000,58.2554,-136.0200333,0,244.8,19.9,246,9106302,9HJG9,CELEBRITY MERCURY,16,SITKA
2008-07-25T07:22:38,249053000,58.25561667,-136.0191,0,245.8,19.9,247,9106302,9HJG9,CELEBRITY MERCURY,16,SITKA
2008-07-25T07:22:32,249053000,58.25585,-136.0181833,0,245.5,19.9,247,9106302,9HJG9,CELEBRITY MERCURY,16,SITKA
2008-07-25T07:22:26,249053000,58.25623333,-136.0166,0,245.5,19.9,247,9106302,9HJG9,CELEBRITY MERCURY,16,SITKA
2008-07-25T07:22:02,249053000,58.25698333,-136.0135,0,245.7,19.9,246,9106302,9HJG9,CELEBRITY MERCURY,16,SITKA
2008-07-25T07:21:56,249053000,58.25721667,-136.0125667,0,246.0,19.9,246,9106302,9HJG9,CELEBRITY MERCURY,16,SITKA
2008-07-25T07:21:43,249053000,58.25791667,-136.0095833,0,0.0,0.0,0,9106302,9HJG9,CELEBRITY MERCURY,16,SITKA
2008-07-25T07:21:38,249053000,58.25791667,-136.0095833,0,246.0,19.8,246,9106302,9HJG9,CELEBRITY MERCURY,16,SITKA
2008-07-25T07:21:32,249053000,58.25808333,-136.0088333,0,246.0,19.8,246,9106302,9HJG9,CELEBRITY MERCURY,16,SITKA
2008-07-25T07:21:26,249053000,58.25836667,-136.0077167,0,246.0,19.9,246,9106302,9HJG9,CELEBRITY MERCURY,16,SITKA
2008-07-25T07:21:19,249053000,58.25861667,-136.0066,0,245.7,19.8,246,9106302,9HJG9,CELEBRITY MERCURY,16,SITKA
2008-07-25T07:21:13,249053000,58.25883333,-136.0056833,0,245.7,19.8,246,9106302,9HJG9,CELEBRITY MERCURY,16,SITKA
2008-07-25T07:21:02,249053000,58.25926667,-136.0038,0,245.1,19.8,246,9106302,9HJG9,CELEBRITY MERCURY,16,SITKA
2008-07-25T07:20:56,249053000,58.25945,-136.0030667,0,245.1,19.8,246,9106302,9HJG9,CELEBRITY MERCURY,16,SITKA
2008-07-25T07:20:49,249053000,58.25973333,-136.00195,0,245.1,19.8,246,9106302,9HJG9,CELEBRITY MERCURY,16,SITKA
2008-07-25T07:20:44,249053000,58.25988333,-136.0011833,0,244.8,19.7,246,9106302,9HJG9,CELEBRITY MERCURY,16,SITKA
2008-07-25T07:20:13,249053000,58.26115,-135.9960667,0,245.1,19.8,246,9106302,9HJG9,CELEBRITY MERCURY,16,SITKA
2008-07-25T07:20:08,249053000,58.26133333,-135.9953167,0,245.1,19.8,246,9106302,9HJG9,CELEBRITY MERCURY,16,SITKA
2008-07-25T07:19:49,249053000,58.26203333,-135.9924,0,245.1,19.7,246,9106302,9HJG9,CELEBRITY MERCURY,16,SITKA
2008-07-25T07:19:44,249053000,58.26238333,-135.9910167,0,245.1,19.7,246,9106302,9HJG9,CELEBRITY MERCURY,16,SITKA
2008-07-25T07:19:38,249053000,58.2625,-135.99055,0,244.4,19.7,245,9106302,9HJG9,CELEBRITY MERCURY,16,SITKA
2008-07-25T07:19:27,249053000,58.26295,-135.9887167,0,244.7,19.7,245,9106302,9HJG9,CELEBRITY MERCURY,16,SITKA
2008-07-25T07:19:20,249053000,58.26316667,-135.9878,0,243.7,19.7,244,9106302,9HJG9,CELEBRITY MERCURY,16,SITKA
2008-07-25T07:19:02,249053000,58.26401667,-135.9845833,0,243.7,19.5,244,9106302,9HJG9,CELEBRITY MERCURY,16,SITKA
2008-07-25T07:18:56,249053000,58.26425,-135.9836833,0,243.7,19.5,244,9106302,9HJG9,CELEBRITY MERCURY,16,SITKA
2008-07-25T07:18:50,249053000,58.2644,-135.9830833,0,243.4,19.5,244,9106302,9HJG9,CELEBRITY MERCURY,16,SITKA
2008-07-25T07:18:44,249053000,58.26463333,-135.9821833,0,243.4,19.5,244,9106302,9HJG9,CELEBRITY MERCURY,16,SITKA
2008-07-25T07:18:38,249053000,58.26486667,-135.9812667,0,244.4,19.5,245,9106302,9HJG9,CELEBRITY MERCURY,16,SITKA
2008-07-25T07:18:32,249053000,58.26515,-135.9801833,0,243.4,19.5,244,9106302,9HJG9,CELEBRITY MERCURY,16,SITKA
2008-07-25T07:18:27,249053000,58.26533333,-135.9794333,0,243.4,19.5,244,9106302,9HJG9,CELEBRITY MERCURY,16,SITKA
2008-07-25T07:18:13,249053000,58.26581667,-135.9776167,0,243.4,19.5,244,9106302,9HJG9,CELEBRITY MERCURY,16,SITKA
2008-07-25T07:18:07,249053000,58.2661,-135.9765667,0,243.4,19.5,244,9106302,9HJG9,CELEBRITY MERCURY,16,SITKA
2008-07-25T07:17:56,249053000,58.2665,-135.9749333,0,243.7,19.5,244,9106302,9HJG9,CELEBRITY MERCURY,16,SITKA
2008-07-25T07:17:49,249053000,58.2668,-135.97385,0,243.4,19.5,244,9106302,9HJG9,CELEBRITY MERCURY,16,SITKA
2008-07-25T07:17:44,249053000,58.26723333,-135.97215,0,243.4,19.7,244,9106302,9HJG9,CELEBRITY MERCURY,16,SITKA
2008-07-25T07:17:38,249053000,58.26726667,-135.9720167,0,244.1,19.5,244,9106302,9HJG9,CELEBRITY MERCURY,16,SITKA
2008-07-25T07:17:32,249053000,58.26751667,-135.9711,0,243.1,19.5,244,9106302,9HJG9,CELEBRITY MERCURY,16,SITKA
2008-07-25T07:17:26,249053000,58.26776667,-135.9700667,0,243.4,19.5,244,9106302,9HJG9,CELEBRITY MERCURY,16,SITKA
2008-07-25T07:17:14,249053000,58.26825,-135.9682333,0,243.4,19.5,244,9106302,9HJG9,CELEBRITY MERCURY,16,SITKA
2008-07-25T07:17:07,249053000,58.2685,-135.9673333,0,243.4,19.5,244,9106302,9HJG9,CELEBRITY MERCURY,16,SITKA
2008-07-25T07:17:02,249053000,58.26888333,-135.96585,0,243.4,19.5,244,9106302,9HJG9,CELEBRITY MERCURY,16,SITKA
2008-07-25T07:16:56,249053000,58.26896667,-135.9655167,0,244.1,19.5,245,9106302,9HJG9,CELEBRITY MERCURY,16,SITKA
2008-07-25T07:16:49,249053000,58.26925,-135.96445,0,244.1,19.7,245,9106302,9HJG9,CELEBRITY MERCURY,16,SITKA
2008-07-25T07:16:44,249053000,58.2695,-135.9635667,0,244.1,19.7,245,9106302,9HJG9,CELEBRITY MERCURY,16,SITKA
2008-07-25T07:16:38,249053000,58.26973333,-135.9626333,0,243.1,19.7,244,9106302,9HJG9,CELEBRITY MERCURY,16,SITKA
2008-07-25T07:16:32,249053000,58.26996667,-135.96175,0,242.8,19.7,244,9106302,9HJG9,CELEBRITY MERCURY,16,SITKA
2008-07-25T07:16:27,249053000,58.27021667,-135.9608667,0,243.1,19.7,244,9106302,9HJG9,CELEBRITY MERCURY,16,SITKA
2008-07-25T07:16:20,249053000,58.27063333,-135.9593333,0,243.1,19.7,244,9106302,9HJG9,CELEBRITY MERCURY,16,SITKA
2008-07-25T07:16:13,249053000,58.2707,-135.95905,0,243.1,19.7,244,9106302,9HJG9,CELEBRITY MERCURY,16,SITKA
2008-07-25T07:16:07,249053000,58.27098333,-135.9579833,0,243.4,19.7,244,9106302,9HJG9,CELEBRITY MERCURY,16,SITKA
2008-07-25T07:16:02,249053000,58.27126667,-135.95695,0,243.7,19.7,244,9106302,9HJG9,CELEBRITY MERCURY,16,SITKA
2008-07-25T07:15:56,249053000,58.27141667,-135.9563667,0,243.7,19.7,244,9106302,9HJG9,CELEBRITY MERCURY,16,SITKA
2008-07-25T07:15:49,249053000,58.27171667,-135.9552833,0,244.0,19.7,244,9106302,9HJG9,CELEBRITY MERCURY,16,SITKA
2008-07-25T07:15:44,249053000,58.27195,-135.9543667,0,244.0,19.7,244,9106302,9HJG9,CELEBRITY MERCURY,16,SITKA
2008-07-25T07:15:43,249053000,58.27225,-135.9532,0,0.0,0.0,0,9106302,9HJG9,CELEBRITY MERCURY,16,SITKA
2008-07-25T07:15:39,249053000,58.27225,-135.9532,0,244.0,19.7,244,9106302,9HJG9,CELEBRITY MERCURY,16,SITKA
2008-07-25T07:15:32,249053000,58.27241667,-135.95255,0,244.0,19.7,244,9106302,9HJG9,CELEBRITY MERCURY,16,SITKA
2008-07-25T07:15:21,249053000,58.27286667,-135.9507667,0,244.7,19.8,245,9106302,9HJG9,CELEBRITY MERCURY,16,SITKA
2008-07-25T07:15:13,249053000,58.27316667,-135.94965,0,243.7,19.8,244,9106302,9HJG9,CELEBRITY MERCURY,16,SITKA
2008-07-25T07:15:07,249053000,58.27338333,-135.9487333,0,243.4,19.8,244,9106302,9HJG9,CELEBRITY MERCURY,16,SITKA
2008-07-25T07:14:57,249053000,58.27386667,-135.9468833,0,243.4,19.8,244,9106302,9HJG9,CELEBRITY MERCURY,16,SITKA
2008-07-25T07:14:44,249053000,58.27435,-135.9450333,0,243.4,19.8,244,9106302,9HJG9,CELEBRITY MERCURY,16,SITKA
2008-07-25T07:14:38,249053000,58.27475,-135.9435,0,243.4,19.8,244,9106302,9HJG9,CELEBRITY MERCURY,16,SITKA
2008-07-25T07:14:26,249053000,58.27505,-135.9422833,0,243.4,19.7,244,9106302,9HJG9,CELEBRITY MERCURY,16,SITKA
2008-07-25T07:14:13,249053000,58.2756,-135.9402833,0,242.8,19.7,244,9106302,9HJG9,CELEBRITY MERCURY,16,SITKA
2008-07-25T07:13:49,249053000,58.27656667,-135.9366667,0,243.4,19.7,244,9106302,9HJG9,CELEBRITY MERCURY,16,SITKA
2008-07-25T07:13:44,249053000,58.27678333,-135.9357667,0,243.1,19.8,244,9106302,9HJG9,CELEBRITY MERCURY,16,SITKA
2008-07-25T07:13:38,249053000,58.27716667,-135.9344,0,243.1,19.8,244,9106302,9HJG9,CELEBRITY MERCURY,16,SITKA
2008-07-25T07:13:32,249053000,58.27731667,-135.9338,0,243.1,19.8,244,9106302,9HJG9,CELEBRITY MERCURY,16,SITKA
2008-07-25T07:13:26,249053000,58.27751667,-135.93305,0,243.1,19.8,244,9106302,9HJG9,CELEBRITY MERCURY,16,SITKA
2008-07-25T07:13:19,249053000,58.27785,-135.9318,0,243.1,19.8,244,9106302,9HJG9,CELEBRITY MERCURY,16,SITKA
2008-07-25T07:13:13,249053000,58.27805,-135.9310333,0,243.1,19.8,244,9106302,9HJG9,CELEBRITY MERCURY,16,SITKA
2008-07-25T07:13:08,249053000,58.27833333,-135.9299833,0,243.1,19.8,244,9106302,9HJG9,CELEBRITY MERCURY,16,SITKA
2008-07-25T07:12:56,249053000,58.27878333,-135.9281833,0,243.8,19.8,245,9106302,9HJG9,CELEBRITY MERCURY,16,SITKA
2008-07-25T07:12:49,249053000,58.27908333,-135.9271,0,243.1,19.8,244,9106302,9HJG9,CELEBRITY MERCURY,16,SITKA
2008-07-25T07:12:44,249053000,58.27928333,-135.9263333,0,242.8,19.8,244,9106302,9HJG9,CELEBRITY MERCURY,16,SITKA
2008-07-25T07:12:38,249053000,58.27946667,-135.9256,0,243.1,19.8,244,9106302,9HJG9,CELEBRITY MERCURY,16,SITKA
2008-07-25T07:12:26,249053000,58.27995,-135.9237667,0,242.8,19.7,244,9106302,9HJG9,CELEBRITY MERCURY,16,SITKA
2008-07-25T07:12:19,249053000,58.28045,-135.9219,0,243.1,19.8,244,9106302,9HJG9,CELEBRITY MERCURY,16,SITKA
2008-07-25T07:12:13,249053000,58.28053333,-135.9216167,0,243.8,19.8,244,9106302,9HJG9,CELEBRITY MERCURY,16,SITKA
2008-07-25T07:12:08,249053000,58.28073333,-135.9208833,0,243.8,19.7,245,9106302,9HJG9,CELEBRITY MERCURY,16,SITKA
2008-07-25T07:12:02,249053000,58.28095,-135.9199833,0,243.8,19.7,245,9106302,9HJG9,CELEBRITY MERCURY,16,SITKA
2008-07-25T07:11:49,249053000,58.2815,-135.9179667,0,242.8,19.7,244,9106302,9HJG9,CELEBRITY MERCURY,16,SITKA
2008-07-25T07:11:43,249053000,58.28166667,-135.9172333,0,243.1,19.7,244,9106302,9HJG9,CELEBRITY MERCURY,16,SITKA
2008-07-25T07:11:26,249053000,58.28243333,-135.9143667,0,243.4,19.7,244,9106302,9HJG9,CELEBRITY MERCURY,16,SITKA
2008-07-25T07:11:19,249053000,58.28268333,-135.9134667,0,243.1,19.7,244,9106302,9HJG9,CELEBRITY MERCURY,16,SITKA
2008-07-25T07:11:02,249053000,58.28346667,-135.9105333,0,243.1,19.7,244,9106302,9HJG9,CELEBRITY MERCURY,16,SITKA
2008-07-25T07:10:56,249053000,58.28375,-135.90935,0,243.1,19.7,244,9106302,9HJG9,CELEBRITY MERCURY,16,SITKA
2008-07-25T07:10:49,249053000,58.28393333,-135.9087,0,243.1,19.7,244,9106302,9HJG9,CELEBRITY MERCURY,16,SITKA
2008-07-25T07:10:44,249053000,58.28423333,-135.9076333,0,243.4,19.7,244,9106302,9HJG9,CELEBRITY MERCURY,16,SITKA
2008-07-25T07:10:38,249053000,58.2844,-135.9069333,0,243.4,19.7,244,9106302,9HJG9,CELEBRITY MERCURY,16,SITKA
2008-07-25T07:10:26,249053000,58.28488333,-135.9051,0,244.1,19.7,245,9106302,9HJG9,CELEBRITY MERCURY,16,SITKA
2008-07-25T07:10:13,249053000,58.2854,-135.9030667,0,243.1,19.7,245,9106302,9HJG9,CELEBRITY MERCURY,16,SITKA
2008-07-25T07:10:08,249053000,58.28563333,-135.9021833,0,243.1,19.7,244,9106302,9HJG9,CELEBRITY MERCURY,16,SITKA
2008-07-25T07:10:02,249053000,58.28588333,-135.9013,0,243.1,19.7,244,9106302,9HJG9,CELEBRITY MERCURY,16,SITKA
2008-07-25T07:09:56,249053000,58.28611667,-135.9003667,0,243.4,19.7,244,9106302,9HJG9,CELEBRITY MERCURY,16,SITKA
2008-07-25T07:09:49,249053000,58.28635,-135.8994667,0,243.1,19.7,244,9106302,9HJG9,CELEBRITY MERCURY,16,SITKA
2008-07-25T07:09:43,249053000,58.2866,-135.89855,0,243.1,19.7,244,9106302,9HJG9,CELEBRITY MERCURY,16,SITKA
2008-07-25T07:09:43,249053000,58.28708333,-135.8967333,0,0.0,0.0,0,9106302,9HJG9,CELEBRITY MERCURY,16,SITKA
2008-07-25T07:09:32,249053000,58.28708333,-135.8967333,0,243.1,19.7,244,9106302,9HJG9,CELEBRITY MERCURY,16,SITKA
2008-07-25T07:09:26,249053000,58.28735,-135.8956833,0,243.1,19.7,244,9106302,9HJG9,CELEBRITY MERCURY,16,SITKA
2008-07-25T07:09:19,249053000,58.28765,-135.8946,0,243.1,19.7,244,9106302,9HJG9,CELEBRITY MERCURY,16,SITKA
2008-07-25T07:09:14,249053000,58.28788333,-135.8937,0,242.8,19.7,244,9106302,9HJG9,CELEBRITY MERCURY,16,SITKA
2008-07-25T07:09:02,249053000,58.28836667,-135.8918833,0,243.1,19.5,244,9106302,9HJG9,CELEBRITY MERCURY,16,SITKA
2008-07-25T07:08:56,249053000,58.28868333,-135.8907,0,243.4,19.5,244,9106302,9HJG9,CELEBRITY MERCURY,16,SITKA
2008-07-25T07:08:49,249053000,58.28888333,-135.8899333,0,243.1,19.5,244,9106302,9HJG9,CELEBRITY MERCURY,16,SITKA
2008-07-25T07:08:39,249053000,58.2893,-135.8883167,0,243.4,19.5,244,9106302,9HJG9,CELEBRITY MERCURY,16,SITKA
2008-07-25T07:08:26,249053000,58.28978333,-135.8865167,0,243.4,19.5,244,9106302,9HJG9,CELEBRITY MERCURY,16,SITKA
2008-07-25T07:08:19,249053000,58.29006667,-135.8854167,0,243.4,19.5,244,9106302,9HJG9,CELEBRITY MERCURY,16,SITKA
2008-07-25T07:08:13,249053000,58.29033333,-135.8843833,0,242.5,19.5,244,9106302,9HJG9,CELEBRITY MERCURY,16,SITKA
2008-07-25T07:08:08,249053000,58.29048333,-135.8837833,0,242.5,19.5,244,9106302,9HJG9,CELEBRITY MERCURY,16,SITKA
2008-07-25T07:07:49,249053000,58.29125,-135.8809167,0,243.1,19.5,244,9106302,9HJG9,CELEBRITY MERCURY,16,SITKA
2008-07-25T07:07:43,249053000,58.2915,-135.8800167,0,242.8,19.5,244,9106302,9HJG9,CELEBRITY MERCURY,16,SITKA
2008-07-25T07:07:32,249053000,58.29201667,-135.87805,0,242.8,19.5,244,9106302,9HJG9,CELEBRITY MERCURY,16,SITKA
2008-07-25T07:07:26,249053000,58.29221667,-135.8773167,0,242.8,19.5,244,9106302,9HJG9,CELEBRITY MERCURY,16,SITKA
2008-07-25T07:07:14,249053000,58.29276667,-135.8753333,0,242.8,19.5,244,9106302,9HJG9,CELEBRITY MERCURY,16,SITKA
2008-07-25T07:07:08,249053000,58.29305,-135.8742833,0,242.8,19.4,244,9106302,9HJG9,CELEBRITY MERCURY,16,SITKA
2008-07-25T07:07:06,249053000,58.29321667,-135.8735833,0,242.8,19.5,244,9106302,9HJG9,CELEBRITY MERCURY,16,SITKA
2008-07-25T07:06:56,249053000,58.29353333,-135.8723667,0,242.8,19.5,244,9106302,9HJG9,CELEBRITY MERCURY,16,SITKA
2008-07-25T07:06:50,249053000,58.29376667,-135.8715833,0,242.8,19.5,244,9106302,9HJG9,CELEBRITY MERCURY,16,SITKA
2008-07-25T07:06:43,249053000,58.29403333,-135.87055,0,243.1,19.5,244,9106302,9HJG9,CELEBRITY MERCURY,16,SITKA
2008-07-25T07:06:38,249053000,58.29423333,-135.8698167,0,242.4,19.5,243,9106302,9HJG9,CELEBRITY MERCURY,16,SITKA
2008-07-25T07:06:26,249053000,58.29471667,-135.8680167,0,242.1,19.5,243,9106302,9HJG9,CELEBRITY MERCURY,16,SITKA
2008-07-25T07:06:20,249053000,58.29496667,-135.8671333,0,242.4,19.5,243,9106302,9HJG9,CELEBRITY MERCURY,16,SITKA
2008-07-25T07:06:13,249053000,58.29525,-135.8660833,0,242.7,19.4,243,9106302,9HJG9,CELEBRITY MERCURY,16,SITKA
2008-07-25T07:06:02,249053000,58.29571667,-135.86445,0,242.4,19.4,243,9106302,9HJG9,CELEBRITY MERCURY,16,SITKA
2008-07-25T07:05:56,249053000,58.29595,-135.8635667,0,242.7,19.3,243,9106302,9HJG9,CELEBRITY MERCURY,16,SITKA
2008-07-25T07:05:50,249053000,58.29626667,-135.8623667,0,242.7,19.4,243,9106302,9HJG9,CELEBRITY MERCURY,16,SITKA
2008-07-25T07:05:43,249053000,58.29643333,-135.8617833,0,243.0,19.4,243,9106302,9HJG9,CELEBRITY MERCURY,16,SITKA
2008-07-25T07:05:39,249053000,58.29671667,-135.8607167,0,243.0,19.4,243,9106302,9HJG9,CELEBRITY MERCURY,16,SITKA
2008-07-25T07:05:31,249053000,58.29715,-135.8592333,0,241.7,19.3,242,9106302,9HJG9,CELEBRITY MERCURY,16,SITKA
2008-07-25T07:05:27,249053000,58.29721667,-135.8589333,0,241.7,19.3,242,9106302,9HJG9,CELEBRITY MERCURY,16,SITKA
2008-07-25T07:05:20,249053000,58.2975,-135.8579,0,241.4,19.3,242,9106302,9HJG9,CELEBRITY MERCURY,16,SITKA
2008-07-25T07:05:14,249053000,58.29776667,-135.8569833,0,241.7,19.2,242,9106302,9HJG9,CELEBRITY MERCURY,16,SITKA
2008-07-25T07:05:02,249053000,58.2982,-135.8554167,0,242.0,19.3,242,9106302,9HJG9,CELEBRITY MERCURY,16,SITKA
2008-07-25T07:04:56,249053000,58.2985,-135.8544,0,242.0,19.3,242,9106302,9HJG9,CELEBRITY MERCURY,16,SITKA
2008-07-25T07:04:49,249053000,58.29886667,-135.8530667,0,242.0,19.3,242,9106302,9HJG9,CELEBRITY MERCURY,16,SITKA
2008-07-25T07:04:43,249053000,58.29905,-135.85245,0,241.7,19.2,242,9106302,9HJG9,CELEBRITY MERCURY,16,SITKA
2008-07-25T07:04:37,249053000,58.29923333,-135.85175,0,241.7,19.2,242,9106302,9HJG9,CELEBRITY MERCURY,16,SITKA
2008-07-25T07:04:31,249053000,58.29948333,-135.8508833,0,241.7,19.1,242,9106302,9HJG9,CELEBRITY MERCURY,16,SITKA
2008-07-25T07:04:26,249053000,58.29968333,-135.8502,0,242.6,18.9,243,9106302,9HJG9,CELEBRITY MERCURY,16,SITKA
2008-07-25T07:04:20,249053000,58.29998333,-135.84915,0,242.6,18.9,243,9106302,9HJG9,CELEBRITY MERCURY,16,SITKA
2008-07-25T07:04:13,249053000,58.30021667,-135.8483,0,242.3,18.9,243,9106302,9HJG9,CELEBRITY MERCURY,16,SITKA
2008-07-25T07:04:07,249053000,58.30063333,-135.8468333,0,241.6,18.9,242,9106302,9HJG9,CELEBRITY MERCURY,16,SITKA
2008-07-25T07:04:02,249053000,58.30071667,-135.8466,0,242.0,18.9,242,9106302,9HJG9,CELEBRITY MERCURY,16,SITKA
2008-07-25T07:03:55,249053000,58.301,-135.84555,0,242.3,18.9,242,9106302,9HJG9,CELEBRITY MERCURY,16,SITKA
2008-07-25T07:03:49,249053000,58.30125,-135.8446667,0,242.3,18.9,242,9106302,9HJG9,CELEBRITY MERCURY,16,SITKA
2008-07-25T07:03:43,249053000,58.30148333,-135.8438,0,242.3,18.9,242,9106302,9HJG9,CELEBRITY MERCURY,16,SITKA
2008-07-25T07:03:40,249053000,58.30176667,-135.8427833,0,0.0,0.0,0,9106302,9HJG9,CELEBRITY MERCURY,16,SITKA
2008-07-25T07:03:37,249053000,58.30176667,-135.8427833,0,242.6,18.9,242,9106302,9HJG9,CELEBRITY MERCURY,16,SITKA
2008-07-25T07:03:31,249053000,58.30195,-135.8420667,0,242.6,18.9,242,9106302,9HJG9,CELEBRITY MERCURY,16,SITKA
2008-07-25T07:03:26,249053000,58.30238333,-135.8404667,0,242.9,18.9,242,9106302,9HJG9,CELEBRITY MERCURY,16,SITKA
2008-07-25T07:03:20,249053000,58.30248333,-135.8402,0,243.9,18.9,243,9106302,9HJG9,CELEBRITY MERCURY,16,SITKA
2008-07-25T07:03:13,249053000,58.30271667,-135.8393167,0,243.9,18.9,243,9106302,9HJG9,CELEBRITY MERCURY,16,SITKA
2008-07-25T07:03:07,249053000,58.30293333,-135.8384333,0,244.9,18.9,244,9106302,9HJG9,CELEBRITY MERCURY,16,SITKA
2008-07-25T07:03:02,249053000,58.30316667,-135.8375667,0,244.9,18.9,244,9106302,9HJG9,CELEBRITY MERCURY,16,SITKA
2008-07-25T07:02:56,249053000,58.30343333,-135.8365167,0,246.2,18.9,244,9106302,9HJG9,CELEBRITY MERCURY,16,SITKA
2008-07-25T07:02:49,249053000,58.30361667,-135.8358,0,245.9,18.9,245,9106302,9HJG9,CELEBRITY MERCURY,16,SITKA
2008-07-25T07:02:43,249053000,58.304,-135.83415,0,247.8,18.9,246,9106302,9HJG9,CELEBRITY MERCURY,16,SITKA
2008-07-25T07:02:37,249053000,58.30406667,-135.83385,0,247.9,18.9,247,9106302,9HJG9,CELEBRITY MERCURY,16,SITKA
2008-07-25T07:02:31,249053000,58.30426667,-135.83295,0,248.6,18.9,248,9106302,9HJG9,CELEBRITY MERCURY,16,SITKA
2008-07-25T07:02:27,249053000,58.30441667,-135.8322333,0,249.6,18.9,249,9106302,9HJG9,CELEBRITY MERCURY,16,SITKA
2008-07-25T07:02:19,249053000,58.30465,-135.83115,0,250.3,18.9,250,9106302,9HJG9,CELEBRITY MERCURY,16,SITKA
2008-07-25T07:02:13,249053000,58.30483333,-135.8302167,0,251.3,18.9,251,9106302,9HJG9,CELEBRITY MERCURY,16,SITKA
2008-07-25T07:02:07,249053000,58.30503333,-135.8291333,0,251.6,18.9,251,9106302,9HJG9,CELEBRITY MERCURY,16,SITKA
2008-07-25T07:02:02,249053000,58.30526667,-135.8279333,0,253.2,18.9,252,9106302,9HJG9,CELEBRITY MERCURY,16,SITKA
2008-07-25T07:01:56,249053000,58.30531667,-135.8276333,0,253.6,18.9,253,9106302,9HJG9,CELEBRITY MERCURY,16,SITKA
2008-07-25T07:01:49,249053000,58.3055,-135.8265333,0,254.9,18.9,254,9106302,9HJG9,CELEBRITY MERCURY,16,SITKA
2008-07-25T07:01:43,249053000,58.30565,-135.8254167,0,255.9,18.9,255,9106302,9HJG9,CELEBRITY MERCURY,16,SITKA
2008-07-25T07:01:37,249053000,58.30578333,-135.82445,0,256.6,18.9,256,9106302,9HJG9,CELEBRITY MERCURY,16,SITKA
2008-07-25T07:01:31,249053000,58.306,-135.8228667,0,257.3,18.9,257,9106302,9HJG9,CELEBRITY MERCURY,16,SITKA
2008-07-25T07:01:26,249053000,58.30606667,-135.8223667,0,258.0,18.9,258,9106302,9HJG9,CELEBRITY MERCURY,16,SITKA
2008-07-25T07:01:19,249053000,58.30616667,-135.82145,0,259.3,18.9,259,9106302,9HJG9,CELEBRITY MERCURY,16,SITKA
2008-07-25T07:01:14,249053000,58.30626667,-135.8206833,0,259.3,18.9,259,9106302,9HJG9,CELEBRITY MERCURY,16,SITKA
2008-07-25T07:01:07,249053000,58.30635,-135.8196833,0,261.3,18.9,260,9106302,9HJG9,CELEBRITY MERCURY,16,SITKA
2008-07-25T07:01:02,249053000,58.30645,-135.8185667,0,262.6,18.9,261,9106302,9HJG9,CELEBRITY MERCURY,16,SITKA
2008-07-25T07:00:55,249053000,58.30655,-135.8175833,0,263.3,18.9,262,9106302,9HJG9,CELEBRITY MERCURY,16,SITKA
2008-07-25T07:00:49,249053000,58.30661667,-135.8166333,0,264.6,18.9,263,9106302,9HJG9,CELEBRITY MERCURY,16,SITKA
2008-07-25T07:00:43,249053000,58.30671667,-135.8151333,0,265.9,18.9,265,9106302,9HJG9,CELEBRITY MERCURY,16,SITKA
2008-07-25T07:00:37,249053000,58.30673333,-135.8146833,0,265.9,18.9,265,9106302,9HJG9,CELEBRITY MERCURY,16,SITKA
2008-07-25T07:00:32,249053000,58.30676667,-135.8139,0,266.6,18.9,266,9106302,9HJG9,CELEBRITY MERCURY,16,SITKA
2008-07-25T07:00:25,249053000,58.30681667,-135.8127167,0,267.6,18.9,267,9106302,9HJG9,CELEBRITY MERCURY,16,SITKA
2008-07-25T07:00:19,249053000,58.30685,-135.8115833,0,268.6,18.9,268,9106302,9HJG9,CELEBRITY MERCURY,16,SITKA
2008-07-25T07:00:14,249053000,58.30686667,-135.8107833,0,269.3,18.9,269,9106302,9HJG9,CELEBRITY MERCURY,16,SITKA
2008-07-25T07:00:07,249053000,58.30686667,-135.8089833,0,271.1,19.1,270,9106302,9HJG9,CELEBRITY MERCURY,16,SITKA
2008-07-25T07:00:02,249053000,58.30685,-135.8081667,0,271.5,19.1,271,9106302,9HJG9,CELEBRITY MERCURY,16,SITKA
2008-07-25T06:59:49,249053000,58.30685,-135.8066667,0,273.2,19.1,273,9106302,9HJG9,CELEBRITY MERCURY,16,SITKA
2008-07-25T06:59:43,249053000,58.30681667,-135.8056833,0,274.2,19.1,274,9106302,9HJG9,CELEBRITY MERCURY,16,SITKA
2008-07-25T06:59:37,249053000,58.30676667,-135.80455,0,275.5,19.2,275,9106302,9HJG9,CELEBRITY MERCURY,16,SITKA
2008-07-25T06:59:32,249053000,58.30671667,-135.8033833,0,276.2,19.2,276,9106302,9HJG9,CELEBRITY MERCURY,16,SITKA
2008-07-25T06:59:25,249053000,58.30665,-135.8024167,0,277.5,19.2,277,9106302,9HJG9,CELEBRITY MERCURY,16,SITKA
2008-07-25T06:59:19,249053000,58.30663333,-135.8015833,0,278.2,19.2,278,9106302,9HJG9,CELEBRITY MERCURY,16,SITKA
2008-07-25T06:59:14,249053000,58.30658333,-135.8008,0,278.2,19.2,278,9106302,9HJG9,CELEBRITY MERCURY,16,SITKA
2008-07-25T06:59:07,249053000,58.3065,-135.7996167,0,279.7,19.2,280,9106302,9HJG9,CELEBRITY MERCURY,16,SITKA
2008-07-25T06:59:02,249053000,58.3064,-135.7986667,0,279.7,19.3,280,9106302,9HJG9,CELEBRITY MERCURY,16,SITKA
2008-07-25T06:58:56,249053000,58.30633333,-135.79785,0,280.7,19.3,281,9106302,9HJG9,CELEBRITY MERCURY,16,SITKA
2008-07-25T06:58:49,249053000,58.30616667,-135.7960667,0,282.5,19.2,282,9106302,9HJG9,CELEBRITY MERCURY,16,SITKA
2008-07-25T06:58:43,249053000,58.30611667,-135.79555,0,282.7,19.3,283,9106302,9HJG9,CELEBRITY MERCURY,16,SITKA
2008-07-25T06:58:37,249053000,58.306,-135.7946,0,283.7,19.3,284,9106302,9HJG9,CELEBRITY MERCURY,16,SITKA
2008-07-25T06:58:31,249053000,58.30586667,-135.7935,0,284.7,19.3,285,9106302,9HJG9,CELEBRITY MERCURY,16,SITKA
2008-07-25T06:58:25,249053000,58.30573333,-135.7925,0,285.1,19.3,285,9106302,9HJG9,CELEBRITY MERCURY,16,SITKA
2008-07-25T06:58:19,249053000,58.30561667,-135.7917,0,285.7,19.3,286,9106302,9HJG9,CELEBRITY MERCURY,16,SITKA
2008-07-25T06:58:14,249053000,58.30548333,-135.79075,0,286.7,19.3,287,9106302,9HJG9,CELEBRITY MERCURY,16,SITKA
2008-07-25T06:58:07,249053000,58.30533333,-135.78975,0,287.7,19.4,288,9106302,9HJG9,CELEBRITY MERCURY,16,SITKA
2008-07-25T06:58:02,249053000,58.30518333,-135.7888333,0,288.0,19.4,288,9106302,9HJG9,CELEBRITY MERCURY,16,SITKA
2008-07-25T06:57:56,249053000,58.30505,-135.7879,0,288.7,19.3,289,9106302,9HJG9,CELEBRITY MERCURY,16,SITKA
2008-07-25T06:57:49,249053000,58.30483333,-135.78675,0,289.4,19.3,290,9106302,9HJG9,CELEBRITY MERCURY,16,SITKA
2008-07-25T06:57:43,249053000,58.30468333,-135.7858,0,290.1,19.4,291,9106302,9HJG9,CELEBRITY MERCURY,16,SITKA
2008-07-25T06:57:42,249053000,58.3045,-135.7848833,0,0.0,0.0,0,9106302,9HJG9,CELEBRITY MERCURY,16,SITKA
2008-07-25T06:57:38,249053000,58.3045,-135.7848833,0,290.1,19.4,291,9106302,9HJG9,CELEBRITY MERCURY,16,SITKA
2008-07-25T06:57:31,249053000,58.30421667,-135.78345,0,289.8,19.4,291,9106302,9HJG9,CELEBRITY MERCURY,16,SITKA
2008-07-25T06:57:25,249053000,58.30411667,-135.7830167,0,289.8,19.4,291,9106302,9HJG9,CELEBRITY MERCURY,16,SITKA
2008-07-25T06:57:19,249053000,58.30391667,-135.7819167,0,290.8,19.3,292,9106302,9HJG9,CELEBRITY MERCURY,16,SITKA
2008-07-25T06:57:14,249053000,58.30378333,-135.7811667,0,290.8,19.4,292,9106302,9HJG9,CELEBRITY MERCURY,16,SITKA
2008-07-25T06:57:07,249053000,58.30341667,-135.7794167,0,291.1,19.4,292,9106302,9HJG9,CELEBRITY MERCURY,16,SITKA
2008-07-25T06:57:02,249053000,58.3034,-135.7793,0,291.1,19.3,292,9106302,9HJG9,CELEBRITY MERCURY,16,SITKA
2008-07-25T06:56:56,249053000,58.30323333,-135.7783833,0,291.4,19.3,292,9106302,9HJG9,CELEBRITY MERCURY,16,SITKA
2008-07-25T06:56:49,249053000,58.30296667,-135.7771333,0,291.4,19.4,292,9106302,9HJG9,CELEBRITY MERCURY,16,SITKA
2008-07-25T06:56:43,249053000,58.3028,-135.7763333,0,291.4,19.4,292,9106302,9HJG9,CELEBRITY MERCURY,16,SITKA
2008-07-25T06:56:38,249053000,58.30263333,-135.7754333,0,291.1,19.4,292,9106302,9HJG9,CELEBRITY MERCURY,16,SITKA
2008-07-25T06:56:31,249053000,58.30243333,-135.7745,0,291.4,19.4,292,9106302,9HJG9,CELEBRITY MERCURY,16,SITKA
2008-07-25T06:56:25,249053000,58.30223333,-135.7735833,0,291.1,19.4,292,9106302,9HJG9,CELEBRITY MERCURY,16,SITKA
2008-07-25T06:56:19,249053000,58.30203333,-135.77265,0,291.1,19.4,292,9106302,9HJG9,CELEBRITY MERCURY,16,SITKA
2008-07-25T06:56:14,249053000,58.30183333,-135.7715833,0,291.1,19.4,292,9106302,9HJG9,CELEBRITY MERCURY,16,SITKA
2008-07-25T06:56:07,249053000,58.30161667,-135.7706,0,291.1,19.4,292,9106302,9HJG9,CELEBRITY MERCURY,16,SITKA
2008-07-25T06:56:02,249053000,58.30143333,-135.7697,0,291.1,19.4,292,9106302,9HJG9,CELEBRITY MERCURY,16,SITKA
2008-07-25T06:55:56,249053000,58.3013,-135.7689167,0,290.8,19.3,292,9106302,9HJG9,CELEBRITY MERCURY,16,SITKA
2008-07-25T06:55:49,249053000,58.30098333,-135.7675167,0,291.1,19.3,292,9106302,9HJG9,CELEBRITY MERCURY,16,SITKA
2008-07-25T06:55:43,249053000,58.30081667,-135.7667333,0,291.1,19.3,292,9106302,9HJG9,CELEBRITY MERCURY,16,SITKA
2008-07-25T06:55:37,249053000,58.30061667,-135.7656833,0,290.8,19.3,292,9106302,9HJG9,CELEBRITY MERCURY,16,SITKA
2008-07-25T06:55:31,249053000,58.30043333,-135.76475,0,290.8,19.4,292,9106302,9HJG9,CELEBRITY MERCURY,16,SITKA
2008-07-25T06:55:25,249053000,58.30026667,-135.7639667,0,290.8,19.4,292,9106302,9HJG9,CELEBRITY MERCURY,16,SITKA
2008-07-25T06:55:19,249053000,58.30006667,-135.7630167,0,290.8,19.4,292,9106302,9HJG9,CELEBRITY MERCURY,16,SITKA
2008-07-25T06:55:13,249053000,58.29986667,-135.7620833,0,290.8,19.4,292,9106302,9HJG9,CELEBRITY MERCURY,16,SITKA
2008-07-25T06:55:07,249053000,58.29966667,-135.7609833,0,290.8,19.4,292,9106302,9HJG9,CELEBRITY MERCURY,16,SITKA
2008-07-25T06:55:02,249053000,58.29955,-135.7604167,0,290.8,19.4,292,9106302,9HJG9,CELEBRITY MERCURY,16,SITKA
2008-07-25T06:54:56,249053000,58.29928333,-135.75915,0,290.8,19.3,292,9106302,9HJG9,CELEBRITY MERCURY,16,SITKA
2008-07-25T06:54:49,249053000,58.29913333,-135.7583667,0,290.8,19.3,292,9106302,9HJG9,CELEBRITY MERCURY,16,SITKA
2008-07-25T06:54:43,249053000,58.29895,-135.75745,0,290.8,19.3,292,9106302,9HJG9,CELEBRITY MERCURY,16,SITKA
2008-07-25T06:54:37,249053000,58.29876667,-135.7565167,0,290.5,19.3,292,9106302,9HJG9,CELEBRITY MERCURY,16,SITKA
2008-07-25T06:54:31,249053000,58.29853333,-135.7554167,0,290.5,19.3,292,9106302,9HJG9,CELEBRITY MERCURY,16,SITKA
2008-07-25T06:54:25,249053000,58.29835,-135.7544833,0,290.5,19.4,292,9106302,9HJG9,CELEBRITY MERCURY,16,SITKA
2008-07-25T06:54:19,249053000,58.29813333,-135.7533667,0,290.8,19.4,292,9106302,9HJG9,CELEBRITY MERCURY,16,SITKA
2008-07-25T06:54:14,249053000,58.2979,-135.7522667,0,291.1,19.4,292,9106302,9HJG9,CELEBRITY MERCURY,16,SITKA
2008-07-25T06:54:07,249053000,58.29766667,-135.7511667,0,290.8,19.4,292,9106302,9HJG9,CELEBRITY MERCURY,16,SITKA
2008-07-25T06:54:02,249053000,58.29756667,-135.7505667,0,290.8,19.4,292,9106302,9HJG9,CELEBRITY MERCURY,16,SITKA
2008-07-25T06:53:56,249053000,58.29741667,-135.7497833,0,291.1,19.4,292,9106302,9HJG9,CELEBRITY MERCURY,16,SITKA
2008-07-25T06:53:49,249053000,58.2972,-135.7487,0,290.8,19.4,292,9106302,9HJG9,CELEBRITY MERCURY,16,SITKA
2008-07-25T06:53:43,249053000,58.297,-135.7477667,0,290.8,19.3,292,9106302,9HJG9,CELEBRITY MERCURY,16,SITKA
2008-07-25T06:53:37,249053000,58.2968,-135.74665,0,291.1,19.3,292,9106302,9HJG9,CELEBRITY MERCURY,16,SITKA
2008-07-25T06:53:31,249053000,58.29663333,-135.7458667,0,291.1,19.3,292,9106302,9HJG9,CELEBRITY MERCURY,16,SITKA
2008-07-25T06:53:25,249053000,58.29638333,-135.7447333,0,291.1,19.3,292,9106302,9HJG9,CELEBRITY MERCURY,16,SITKA
2008-07-25T06:53:19,249053000,58.29625,-135.744,0,291.1,19.4,292,9106302,9HJG9,CELEBRITY MERCURY,16,SITKA
2008-07-25T06:53:13,249053000,58.29601667,-135.7428667,0,291.1,19.4,292,9106302,9HJG9,CELEBRITY MERCURY,16,SITKA
2008-07-25T06:53:07,249053000,58.29581667,-135.7419333,0,291.1,19.3,292,9106302,9HJG9,CELEBRITY MERCURY,16,SITKA
2008-07-25T06:53:02,249053000,58.29563333,-135.7410167,0,291.1,19.3,292,9106302,9HJG9,CELEBRITY MERCURY,16,SITKA
2008-07-25T06:52:55,249053000,58.29538333,-135.7397667,0,291.1,19.3,292,9106302,9HJG9,CELEBRITY MERCURY,16,SITKA
2008-07-25T06:52:49,249053000,58.29526667,-135.73915,0,291.4,19.3,292,9106302,9HJG9,CELEBRITY MERCURY,16,SITKA
2008-07-25T06:52:43,249053000,58.29508333,-135.7382333,0,291.1,19.3,292,9106302,9HJG9,CELEBRITY MERCURY,16,SITKA
2008-07-25T06:52:38,249053000,58.29488333,-135.7373,0,291.1,19.3,292,9106302,9HJG9,CELEBRITY MERCURY,16,SITKA
2008-07-25T06:52:31,249053000,58.29465,-135.7362,0,290.8,19.4,292,9106302,9HJG9,CELEBRITY MERCURY,16,SITKA
2008-07-25T06:52:25,249053000,58.29451667,-135.7354333,0,290.8,19.3,292,9106302,9HJG9,CELEBRITY MERCURY,16,SITKA
2008-07-25T06:52:19,249053000,58.29413333,-135.7336667,0,290.5,19.3,292,9106302,9HJG9,CELEBRITY MERCURY,16,SITKA
2008-07-25T06:52:13,249053000,58.29405,-135.7332,0,290.5,19.3,292,9106302,9HJG9,CELEBRITY MERCURY,16,SITKA
2008-07-25T06:52:08,249053000,58.2939,-135.7324667,0,290.5,19.3,292,9106302,9HJG9,CELEBRITY MERCURY,16,SITKA
2008-07-25T06:52:02,249053000,58.29373333,-135.7315333,0,290.5,19.3,292,9106302,9HJG9,CELEBRITY MERCURY,16,SITKA
2008-07-25T06:51:55,249053000,58.29353333,-135.7306,0,290.5,19.3,292,9106302,9HJG9,CELEBRITY MERCURY,16,SITKA
2008-07-25T06:51:49,249053000,58.29331667,-135.7295167,0,290.5,19.3,292,9106302,9HJG9,CELEBRITY MERCURY,16,SITKA
2008-07-25T06:51:43,249053000,58.29315,-135.7287333,0,290.5,19.3,292,9106302,9HJG9,CELEBRITY MERCURY,16,SITKA
2008-07-25T06:51:40,249053000,58.29291667,-135.7274833,0,0.0,0.0,0,9106302,9HJG9,CELEBRITY MERCURY,16,SITKA
2008-07-25T06:51:37,249053000,58.29291667,-135.7274833,0,290.5,19.3,292,9106302,9HJG9,CELEBRITY MERCURY,16,SITKA
2008-07-25T06:51:31,249053000,58.29275,-135.7267167,0,290.5,19.3,292,9106302,9HJG9,CELEBRITY MERCURY,16,SITKA
2008-07-25T06:51:25,249053000,58.29251667,-135.7256,0,290.2,19.3,292,9106302,9HJG9,CELEBRITY MERCURY,16,SITKA
2008-07-25T06:51:19,249053000,58.29238333,-135.72485,0,290.2,19.3,292,9106302,9HJG9,CELEBRITY MERCURY,16,SITKA
2008-07-25T06:51:13,249053000,58.29216667,-135.7237667,0,289.9,19.2,292,9106302,9HJG9,CELEBRITY MERCURY,16,SITKA
2008-07-25T06:51:08,249053000,58.29201667,-135.723,0,290.2,19.2,292,9106302,9HJG9,CELEBRITY MERCURY,16,SITKA
2008-07-25T06:51:02,249053000,58.29186667,-135.7222333,0,289.9,19.2,292,9106302,9HJG9,CELEBRITY MERCURY,16,SITKA
2008-07-25T06:50:56,249053000,58.29161667,-135.7209667,0,290.2,19.2,292,9106302,9HJG9,CELEBRITY MERCURY,16,SITKA
2008-07-25T06:50:49,249053000,58.29148333,-135.7202,0,290.5,19.2,292,9106302,9HJG9,CELEBRITY MERCURY,16,SITKA
2008-07-25T06:50:43,249053000,58.29126667,-135.7191167,0,290.2,19.2,292,9106302,9HJG9,CELEBRITY MERCURY,16,SITKA
2008-07-25T06:50:37,249053000,58.29108333,-135.7181667,0,290.2,19.2,292,9106302,9HJG9,CELEBRITY MERCURY,16,SITKA
2008-07-25T06:50:31,249053000,58.29091667,-135.71725,0,289.9,19.3,292,9106302,9HJG9,CELEBRITY MERCURY,16,SITKA
2008-07-25T06:50:25,249053000,58.29073333,-135.7163,0,289.9,19.3,292,9106302,9HJG9,CELEBRITY MERCURY,16,SITKA
2008-07-25T06:50:19,249053000,58.29045,-135.7148667,0,289.6,19.3,292,9106302,9HJG9,CELEBRITY MERCURY,16,SITKA
2008-07-25T06:50:13,249053000,58.29031667,-135.71425,0,289.6,19.2,292,9106302,9HJG9,CELEBRITY MERCURY,16,SITKA
2008-07-25T06:50:08,249053000,58.29016667,-135.71335,0,289.6,19.2,292,9106302,9HJG9,CELEBRITY MERCURY,16,SITKA
2008-07-25T06:50:02,249053000,58.28993333,-135.71225,0,289.6,19.2,292,9106302,9HJG9,CELEBRITY MERCURY,16,SITKA
2008-07-25T06:49:55,249053000,58.2898,-135.7114667,0,289.6,19.2,292,9106302,9HJG9,CELEBRITY MERCURY,16,SITKA
2008-07-25T06:49:49,249053000,58.28951667,-135.7099,0,289.6,19.3,292,9106302,9HJG9,CELEBRITY MERCURY,16,SITKA
2008-07-25T06:49:43,249053000,58.28938333,-135.7092667,0,289.9,19.2,292,9106302,9HJG9,CELEBRITY MERCURY,16,SITKA
2008-07-25T06:49:38,249053000,58.28926667,-135.7086833,0,289.6,19.2,292,9106302,9HJG9,CELEBRITY MERCURY,16,SITKA
2008-07-25T06:49:32,249053000,58.2891,-135.70795,0,289.6,19.2,292,9106302,9HJG9,CELEBRITY MERCURY,16,SITKA
2008-07-25T06:49:25,249053000,58.2889,-135.7068333,0,289.6,19.2,292,9106302,9HJG9,CELEBRITY MERCURY,16,SITKA
2008-07-25T06:49:19,249053000,58.2887,-135.7057333,0,289.6,19.2,292,9106302,9HJG9,CELEBRITY MERCURY,16,SITKA
2008-07-25T06:49:13,249053000,58.28851667,-135.7047833,0,289.6,19.2,292,9106302,9HJG9,CELEBRITY MERCURY,16,SITKA
2008-07-25T06:49:08,249053000,58.28836667,-135.70405,0,289.6,19.2,292,9106302,9HJG9,CELEBRITY MERCURY,16,SITKA
2008-07-25T06:49:02,249053000,58.28803333,-135.7023333,0,289.6,19.2,292,9106302,9HJG9,CELEBRITY MERCURY,16,SITKA
2008-07-25T06:48:55,249053000,58.28796667,-135.7018333,0,289.6,19.2,292,9106302,9HJG9,CELEBRITY MERCURY,16,SITKA
2008-07-25T06:48:49,249053000,58.28781667,-135.7010833,0,289.6,19.2,292,9106302,9HJG9,CELEBRITY MERCURY,16,SITKA
2008-07-25T06:48:43,249053000,58.28761667,-135.7,0,289.6,19.2,292,9106302,9HJG9,CELEBRITY MERCURY,16,SITKA
2008-07-25T06:48:38,249053000,58.28743333,-135.6990833,0,289.3,19.2,292,9106302,9HJG9,CELEBRITY MERCURY,16,SITKA
2008-07-25T06:48:32,249053000,58.28726667,-135.69815,0,289.3,19.2,292,9106302,9HJG9,CELEBRITY MERCURY,16,SITKA
2008-07-25T06:48:26,249053000,58.28708333,-135.6972,0,289.6,19.1,292,9106302,9HJG9,CELEBRITY MERCURY,16,SITKA
2008-07-25T06:48:19,249053000,58.28686667,-135.69615,0,289.3,19.2,292,9106302,9HJG9,CELEBRITY MERCURY,16,SITKA
2008-07-25T06:48:13,249053000,58.2867,-135.6952,0,289.3,19.2,292,9106302,9HJG9,CELEBRITY MERCURY,16,SITKA
2008-07-25T06:48:08,249053000,58.28656667,-135.6944667,0,289.3,19.3,292,9106302,9HJG9,CELEBRITY MERCURY,16,SITKA
2008-07-25T06:48:02,249053000,58.28633333,-135.6933667,0,289.0,19.2,292,9106302,9HJG9,CELEBRITY MERCURY,16,SITKA
2008-07-25T06:47:55,249053000,58.28621667,-135.6925833,0,289.0,19.2,292,9106302,9HJG9,CELEBRITY MERCURY,16,SITKA
2008-07-25T06:47:49,249053000,58.286,-135.6915167,0,289.0,19.2,292,9106302,9HJG9,CELEBRITY MERCURY,16,SITKA
2008-07-25T06:47:43,249053000,58.28576667,-135.6901,0,289.0,19.3,292,9106302,9HJG9,CELEBRITY MERCURY,16,SITKA
2008-07-25T06:47:38,249053000,58.28565,-135.6896333,0,289.0,19.2,292,9106302,9HJG9,CELEBRITY MERCURY,16,SITKA
2008-07-25T06:47:32,249053000,58.28551667,-135.6888833,0,289.0,19.2,292,9106302,9HJG9,CELEBRITY MERCURY,16,SITKA
2008-07-25T06:47:25,249053000,58.28531667,-135.6877667,0,289.0,19.1,292,9106302,9HJG9,CELEBRITY MERCURY,16,SITKA
2008-07-25T06:47:19,249053000,58.28515,-135.6868167,0,289.0,19.2,292,9106302,9HJG9,CELEBRITY MERCURY,16,SITKA
2008-07-25T06:47:13,249053000,58.28501667,-135.6860833,0,289.0,19.2,292,9106302,9HJG9,CELEBRITY MERCURY,16,SITKA
2008-07-25T06:47:08,249053000,58.2848,-135.6849833,0,289.0,19.2,292,9106302,9HJG9,CELEBRITY MERCURY,16,SITKA
2008-07-25T06:47:02,249053000,58.28456667,-135.6837167,0,289.0,19.2,292,9106302,9HJG9,CELEBRITY MERCURY,16,SITKA
2008-07-25T06:46:49,249053000,58.28416667,-135.6815167,0,289.0,19.2,292,9106302,9HJG9,CELEBRITY MERCURY,16,SITKA
2008-07-25T06:46:38,249053000,58.2839,-135.6799667,0,289.3,19.2,292,9106302,9HJG9,CELEBRITY MERCURY,16,SITKA
2008-07-25T06:46:32,249053000,58.28376667,-135.6792167,0,289.3,19.2,292,9106302,9HJG9,CELEBRITY MERCURY,16,SITKA
2008-07-25T06:46:25,249053000,58.28343333,-135.6774667,0,289.6,19.2,292,9106302,9HJG9,CELEBRITY MERCURY,16,SITKA
2008-07-25T06:46:20,249053000,58.28335,-135.6769833,0,289.6,19.2,292,9106302,9HJG9,CELEBRITY MERCURY,16,SITKA
2008-07-25T06:46:13,249053000,58.28321667,-135.6762333,0,289.6,19.2,292,9106302,9HJG9,CELEBRITY MERCURY,16,SITKA
2008-07-25T06:46:08,249053000,58.28305,-135.6754833,0,289.6,19.2,292,9106302,9HJG9,CELEBRITY MERCURY,16,SITKA
2008-07-25T06:46:02,249053000,58.28286667,-135.67455,0,289.9,19.2,292,9106302,9HJG9,CELEBRITY MERCURY,16,SITKA
2008-07-25T06:45:55,249053000,58.28268333,-135.6734333,0,289.9,19.1,292,9106302,9HJG9,CELEBRITY MERCURY,16,SITKA
2008-07-25T06:45:50,249053000,58.28246667,-135.6723333,0,289.9,19.1,292,9106302,9HJG9,CELEBRITY MERCURY,16,SITKA
2008-07-25T06:45:44,249053000,58.28218333,-135.67095,0,289.9,19.2,292,9106302,9HJG9,CELEBRITY MERCURY,16,SITKA
2008-07-25T06:45:40,249053000,58.28213333,-135.67065,0,0.0,0.0,0,9106302,9HJG9,CELEBRITY MERCURY,16,SITKA
2008-07-25T06:45:38,249053000,58.28213333,-135.67065,0,289.9,19.2,292,9106302,9HJG9,CELEBRITY MERCURY,16,SITKA
2008-07-25T06:45:32,249053000,58.28196667,-135.6697167,0,289.6,19.2,292,9106302,9HJG9,CELEBRITY MERCURY,16,SITKA
2008-07-25T06:45:19,249053000,58.28156667,-135.6676,0,290.2,19.2,292,9106302,9HJG9,CELEBRITY MERCURY,16,SITKA
2008-07-25T06:45:13,249053000,58.28138333,-135.6667333,0,290.2,19.2,292,9106302,9HJG9,CELEBRITY MERCURY,16,SITKA
2008-07-25T06:45:08,249053000,58.28103333,-135.6648333,0,290.2,19.2,292,9106302,9HJG9,CELEBRITY MERCURY,16,SITKA
2008-07-25T06:44:55,249053000,58.28081667,-135.6637833,0,290.2,19.2,292,9106302,9HJG9,CELEBRITY MERCURY,16,SITKA
2008-07-25T06:44:50,249053000,58.28063333,-135.6628333,0,290.2,19.1,292,9106302,9HJG9,CELEBRITY MERCURY,16,SITKA
2008-07-25T06:44:38,249053000,58.28028333,-135.6609833,0,290.2,19.1,292,9106302,9HJG9,CELEBRITY MERCURY,16,SITKA
2008-07-25T06:44:32,249053000,58.28013333,-135.6602333,0,290.2,19.1,292,9106302,9HJG9,CELEBRITY MERCURY,16,SITKA
2008-07-25T06:44:25,249053000,58.2798,-135.6585167,0,290.2,19.1,292,9106302,9HJG9,CELEBRITY MERCURY,16,SITKA
2008-07-25T06:44:19,249053000,58.27971667,-135.6580333,0,290.2,19.1,292,9106302,9HJG9,CELEBRITY MERCURY,16,SITKA
2008-07-25T06:44:14,249053000,58.27953333,-135.6571333,0,290.2,19.1,292,9106302,9HJG9,CELEBRITY MERCURY,16,SITKA
2008-07-25T06:44:08,249053000,58.27938333,-135.6563833,0,290.2,19.1,292,9106302,9HJG9,CELEBRITY MERCURY,16,SITKA
2008-07-25T06:44:02,249053000,58.2792,-135.65545,0,289.8,18.9,292,9106302,9HJG9,CELEBRITY MERCURY,16,SITKA
2008-07-25T06:43:55,249053000,58.27896667,-135.6541833,0,289.8,18.9,292,9106302,9HJG9,CELEBRITY MERCURY,16,SITKA
2008-07-25T06:43:49,249053000,58.27875,-135.6531,0,289.8,18.9,292,9106302,9HJG9,CELEBRITY MERCURY,16,SITKA
2008-07-25T06:43:44,249053000,58.27856667,-135.6521833,0,289.5,18.9,292,9106302,9HJG9,CELEBRITY MERCURY,16,SITKA
2008-07-25T06:43:38,249053000,58.27848333,-135.6517333,0,289.6,19.1,292,9106302,9HJG9,CELEBRITY MERCURY,16,SITKA
2008-07-25T06:43:32,249053000,58.27831667,-135.6507833,0,289.6,19.1,292,9106302,9HJG9,CELEBRITY MERCURY,16,SITKA
2008-07-25T06:43:25,249053000,58.27813333,-135.6498667,0,288.8,18.9,291,9106302,9HJG9,CELEBRITY MERCURY,16,SITKA
2008-07-25T06:43:19,249053000,58.2779,-135.6486,0,289.1,18.9,291,9106302,9HJG9,CELEBRITY MERCURY,16,SITKA
2008-07-25T06:43:13,249053000,58.2777,-135.6475,0,289.4,18.9,291,9106302,9HJG9,CELEBRITY MERCURY,16,SITKA
2008-07-25T06:43:08,249053000,58.2775,-135.6462833,0,288.4,18.9,290,9106302,9HJG9,CELEBRITY MERCURY,16,SITKA
2008-07-25T06:43:02,249053000,58.27745,-135.6460333,0,288.4,18.9,290,9106302,9HJG9,CELEBRITY MERCURY,16,SITKA
2008-07-25T06:42:55,249053000,58.27723333,-135.6449,0,288.4,18.9,290,9106302,9HJG9,CELEBRITY MERCURY,16,SITKA
2008-07-25T06:42:49,249053000,58.27706667,-135.644,0,288.4,18.9,290,9106302,9HJG9,CELEBRITY MERCURY,16,SITKA
2008-07-25T06:42:44,249053000,58.2769,-135.6429167,0,288.4,18.9,290,9106302,9HJG9,CELEBRITY MERCURY,16,SITKA
2008-07-25T06:42:38,249053000,58.27676667,-135.6421833,0,288.4,18.9,290,9106302,9HJG9,CELEBRITY MERCURY,16,SITKA
2008-07-25T06:42:32,249053000,58.2766,-135.6412667,0,288.1,18.9,290,9106302,9HJG9,CELEBRITY MERCURY,16,SITKA
2008-07-25T06:42:25,249053000,58.27633333,-135.6398333,0,288.1,18.9,290,9106302,9HJG9,CELEBRITY MERCURY,16,SITKA
2008-07-25T06:42:19,249053000,58.27621667,-135.6390667,0,288.4,18.9,290,9106302,9HJG9,CELEBRITY MERCURY,16,SITKA
2008-07-25T06:42:13,249053000,58.27606667,-135.6383167,0,288.4,18.9,290,9106302,9HJG9,CELEBRITY MERCURY,16,SITKA
2008-07-25T06:42:07,249053000,58.27595,-135.63755,0,288.4,18.8,290,9106302,9HJG9,CELEBRITY MERCURY,16,SITKA
2008-07-25T06:42:02,249053000,58.27576667,-135.6364667,0,288.4,18.8,290,9106302,9HJG9,CELEBRITY MERCURY,16,SITKA
2008-07-25T06:41:55,249053000,58.27556667,-135.6353833,0,288.7,18.8,290,9106302,9HJG9,CELEBRITY MERCURY,16,SITKA
2008-07-25T06:41:49,249053000,58.27535,-135.63415,0,288.4,18.8,290,9106302,9HJG9,CELEBRITY MERCURY,16,SITKA
2008-07-25T06:41:43,249053000,58.27521667,-135.6334167,0,288.4,18.8,290,9106302,9HJG9,CELEBRITY MERCURY,16,SITKA
2008-07-25T06:41:38,249053000,58.27511667,-135.6328333,0,288.4,18.8,290,9106302,9HJG9,CELEBRITY MERCURY,16,SITKA
2008-07-25T06:41:32,249053000,58.27495,-135.6319,0,288.4,18.7,290,9106302,9HJG9,CELEBRITY MERCURY,16,SITKA
2008-07-25T06:41:25,249053000,58.27475,-135.6308,0,288.7,18.7,290,9106302,9HJG9,CELEBRITY MERCURY,16,SITKA
2008-07-25T06:41:19,249053000,58.27455,-135.6297333,0,288.7,18.7,290,9106302,9HJG9,CELEBRITY MERCURY,16,SITKA
2008-07-25T06:41:13,249053000,58.2744,-135.6288333,0,288.7,18.7,290,9106302,9HJG9,CELEBRITY MERCURY,16,SITKA
2008-07-25T06:41:07,249053000,58.27411667,-135.6272833,0,289.0,18.7,290,9106302,9HJG9,CELEBRITY MERCURY,16,SITKA
2008-07-25T06:41:02,249053000,58.2741,-135.6271833,0,289.0,18.7,290,9106302,9HJG9,CELEBRITY MERCURY,16,SITKA
2008-07-25T06:40:55,249053000,58.2739,-135.6261,0,288.7,18.7,290,9106302,9HJG9,CELEBRITY MERCURY,16,SITKA
2008-07-25T06:40:49,249053000,58.27373333,-135.6251833,0,288.7,18.6,290,9106302,9HJG9,CELEBRITY MERCURY,16,SITKA
2008-07-25T06:40:38,249053000,58.27343333,-135.62355,0,288.4,18.6,290,9106302,9HJG9,CELEBRITY MERCURY,16,SITKA
2008-07-25T06:40:32,249053000,58.27325,-135.6224833,0,288.7,18.6,290,9106302,9HJG9,CELEBRITY MERCURY,16,SITKA
2008-07-25T06:40:25,249053000,58.27293333,-135.6207667,0,288.7,18.6,290,9106302,9HJG9,CELEBRITY MERCURY,16,SITKA
2008-07-25T06:40:19,249053000,58.27285,-135.6203167,0,288.7,18.6,290,9106302,9HJG9,CELEBRITY MERCURY,16,SITKA
2008-07-25T06:40:13,249053000,58.27273333,-135.6195667,0,288.7,18.6,290,9106302,9HJG9,CELEBRITY MERCURY,16,SITKA
2008-07-25T06:40:07,249053000,58.27258333,-135.61885,0,288.7,18.6,290,9106302,9HJG9,CELEBRITY MERCURY,16,SITKA
2008-07-25T06:40:02,249053000,58.27246667,-135.6181167,0,288.7,18.6,290,9106302,9HJG9,CELEBRITY MERCURY,16,SITKA
2008-07-25T06:39:55,249053000,58.27223333,-135.6168333,0,288.7,18.6,290,9106302,9HJG9,CELEBRITY MERCURY,16,SITKA
2008-07-25T06:39:49,249053000,58.27205,-135.6157833,0,289.0,18.6,290,9106302,9HJG9,CELEBRITY MERCURY,16,SITKA
2008-07-25T06:39:43,249053000,58.2719,-135.6150667,0,289.0,18.6,290,9106302,9HJG9,CELEBRITY MERCURY,16,SITKA
2008-07-25T06:39:38,249053000,58.27175,-135.6141667,0,289.0,18.6,290,9106302,9HJG9,CELEBRITY MERCURY,16,SITKA
2008-07-25T06:39:37,249053000,58.27153333,-135.61295,0,0.0,0.0,0,9106302,9HJG9,CELEBRITY MERCURY,16,SITKA
2008-07-25T06:39:32,249053000,58.27153333,-135.61295,0,289.0,18.6,290,9106302,9HJG9,CELEBRITY MERCURY,16,SITKA
2008-07-25T06:39:25,249053000,58.27138333,-135.61215,0,289.0,18.7,290,9106302,9HJG9,CELEBRITY MERCURY,16,SITKA
2008-07-25T06:39:19,249053000,58.27121667,-135.6112667,0,289.0,18.7,290,9106302,9HJG9,CELEBRITY MERCURY,16,SITKA
2008-07-25T06:39:13,249053000,58.27106667,-135.61035,0,289.0,18.7,290,9106302,9HJG9,CELEBRITY MERCURY,16,SITKA
2008-07-25T06:39:08,249053000,58.2709,-135.6094333,0,289.0,18.7,290,9106302,9HJG9,CELEBRITY MERCURY,16,SITKA
2008-07-25T06:39:02,249053000,58.27066667,-135.60825,0,289.3,18.7,290,9106302,9HJG9,CELEBRITY MERCURY,16,SITKA
2008-07-25T06:38:55,249053000,58.27053333,-135.6074667,0,289.0,18.7,290,9106302,9HJG9,CELEBRITY MERCURY,16,SITKA
2008-07-25T06:38:49,249053000,58.27036667,-135.60655,0,289.0,18.7,290,9106302,9HJG9,CELEBRITY MERCURY,16,SITKA
2008-07-25T06:38:44,249053000,58.2702,-135.6056667,0,289.0,18.7,290,9106302,9HJG9,CELEBRITY MERCURY,16,SITKA
2008-07-25T06:38:38,249053000,58.27005,-135.6049333,0,289.3,18.7,290,9106302,9HJG9,CELEBRITY MERCURY,16,SITKA
2008-07-25T06:38:32,249053000,58.26988333,-135.6040333,0,289.3,18.7,290,9106302,9HJG9,CELEBRITY MERCURY,16,SITKA
2008-07-25T06:38:25,249053000,58.26955,-135.6021667,0,289.3,18.7,290,9106302,9HJG9,CELEBRITY MERCURY,16,SITKA
2008-07-25T06:38:19,249053000,58.2695,-135.6018833,0,289.0,18.6,290,9106302,9HJG9,CELEBRITY MERCURY,16,SITKA
2008-07-25T06:38:13,249053000,58.26935,-135.6009833,0,289.3,18.6,290,9106302,9HJG9,CELEBRITY MERCURY,16,SITKA
2008-07-25T06:38:07,249053000,58.2692,-135.60025,0,289.3,18.7,290,9106302,9HJG9,CELEBRITY MERCURY,16,SITKA
2008-07-25T06:38:03,249053000,58.269,-135.5992,0,289.0,18.7,290,9106302,9HJG9,CELEBRITY MERCURY,16,SITKA
2008-07-25T06:37:55,249053000,58.2688,-135.5981167,0,289.0,18.7,290,9106302,9HJG9,CELEBRITY MERCURY,16,SITKA
2008-07-25T06:37:49,249053000,58.26865,-135.59735,0,289.0,18.7,290,9106302,9HJG9,CELEBRITY MERCURY,16,SITKA
2008-07-25T06:37:44,249053000,58.26845,-135.5961333,0,289.0,18.6,290,9106302,9HJG9,CELEBRITY MERCURY,16,SITKA
2008-07-25T06:37:38,249053000,58.26831667,-135.59555,0,289.0,18.6,290,9106302,9HJG9,CELEBRITY MERCURY,16,SITKA
2008-07-25T06:37:32,249053000,58.2681,-135.5944667,0,289.0,18.6,290,9106302,9HJG9,CELEBRITY MERCURY,16,SITKA
2008-07-25T06:37:25,249053000,58.26796667,-135.59355,0,289.0,18.7,290,9106302,9HJG9,CELEBRITY MERCURY,16,SITKA
2008-07-25T06:37:19,249053000,58.26778333,-135.59265,0,289.0,18.6,290,9106302,9HJG9,CELEBRITY MERCURY,16,SITKA
2008-07-25T06:37:13,249053000,58.2676,-135.59175,0,289.3,18.6,290,9106302,9HJG9,CELEBRITY MERCURY,16,SITKA
2008-07-25T06:37:03,249053000,58.26725,-135.5898,0,289.3,18.6,290,9106302,9HJG9,CELEBRITY MERCURY,16,SITKA
2008-07-25T06:36:55,249053000,58.2671,-135.5890167,0,289.0,18.6,290,9106302,9HJG9,CELEBRITY MERCURY,16,SITKA
2008-07-25T06:36:50,249053000,58.2669,-135.58795,0,289.0,18.6,290,9106302,9HJG9,CELEBRITY MERCURY,16,SITKA
2008-07-25T06:36:43,249053000,58.26678333,-135.5872167,0,289.0,18.6,290,9106302,9HJG9,CELEBRITY MERCURY,16,SITKA
2008-07-25T06:36:38,249053000,58.26658333,-135.5861333,0,289.0,18.6,290,9106302,9HJG9,CELEBRITY MERCURY,16,SITKA
2008-07-25T06:36:32,249053000,58.26645,-135.5854167,0,289.0,18.6,290,9106302,9HJG9,CELEBRITY MERCURY,16,SITKA
2008-07-25T06:36:25,249053000,58.26608333,-135.58355,0,289.0,18.7,290,9106302,9HJG9,CELEBRITY MERCURY,16,SITKA
2008-07-25T06:36:19,249053000,58.26605,-135.5834167,0,289.0,18.6,290,9106302,9HJG9,CELEBRITY MERCURY,16,SITKA
2008-07-25T06:36:13,249053000,58.26595,-135.5826833,0,289.0,18.6,290,9106302,9HJG9,CELEBRITY MERCURY,16,SITKA
2008-07-25T06:36:07,249053000,58.2657,-135.58145,0,289.0,18.6,290,9106302,9HJG9,CELEBRITY MERCURY,16,SITKA
2008-07-25T06:36:02,249053000,58.26556667,-135.5807167,0,289.0,18.6,290,9106302,9HJG9,CELEBRITY MERCURY,16,SITKA
2008-07-25T06:35:55,249053000,58.2654,-135.5798,0,289.0,18.6,290,9106302,9HJG9,CELEBRITY MERCURY,16,SITKA
2008-07-25T06:35:49,249053000,58.26525,-135.5789167,0,289.0,18.6,290,9106302,9HJG9,CELEBRITY MERCURY,16,SITKA
2008-07-25T06:35:43,249053000,58.26496667,-135.57735,0,289.0,18.6,290,9106302,9HJG9,CELEBRITY MERCURY,16,SITKA
2008-07-25T06:35:37,249053000,58.26485,-135.5767667,0,289.0,18.6,290,9106302,9HJG9,CELEBRITY MERCURY,16,SITKA
2008-07-25T06:35:32,249053000,58.2647,-135.5760333,0,289.3,18.7,290,9106302,9HJG9,CELEBRITY MERCURY,16,SITKA
2008-07-25T06:35:25,249053000,58.2645,-135.57495,0,289.0,18.6,290,9106302,9HJG9,CELEBRITY MERCURY,16,SITKA
2008-07-25T06:35:19,249053000,58.26431667,-135.57405,0,289.0,18.6,290,9106302,9HJG9,CELEBRITY MERCURY,16,SITKA
2008-07-25T06:35:13,249053000,58.26411667,-135.5729833,0,289.3,18.6,290,9106302,9HJG9,CELEBRITY MERCURY,16,SITKA
2008-07-25T06:35:07,249053000,58.264,-135.57225,0,289.3,18.6,290,9106302,9HJG9,CELEBRITY MERCURY,16,SITKA
2008-07-25T06:35:02,249053000,58.26375,-135.5709333,0,289.3,18.6,290,9106302,9HJG9,CELEBRITY MERCURY,16,SITKA
2008-07-25T06:34:55,249053000,58.26368333,-135.5706167,0,289.3,18.6,290,9106302,9HJG9,CELEBRITY MERCURY,16,SITKA
2008-07-25T06:34:50,249053000,58.26351667,-135.5697333,0,289.3,18.6,290,9106302,9HJG9,CELEBRITY MERCURY,16,SITKA
2008-07-25T06:34:43,249053000,58.26331667,-135.5686667,0,289.0,18.6,290,9106302,9HJG9,CELEBRITY MERCURY,16,SITKA
2008-07-25T06:34:37,249053000,58.26315,-135.56775,0,288.7,18.6,290,9106302,9HJG9,CELEBRITY MERCURY,16,SITKA
2008-07-25T06:34:32,249053000,58.26298333,-135.5668333,0,288.7,18.7,290,9106302,9HJG9,CELEBRITY MERCURY,16,SITKA
2008-07-25T06:34:26,249053000,58.26281667,-135.5659167,0,288.7,18.7,290,9106302,9HJG9,CELEBRITY MERCURY,16,SITKA
2008-07-25T06:34:19,249053000,58.2626,-135.5647,0,288.4,18.7,290,9106302,9HJG9,CELEBRITY MERCURY,16,SITKA
2008-07-25T06:34:13,249053000,58.2625,-135.5641,0,289.4,18.7,291,9106302,9HJG9,CELEBRITY MERCURY,16,SITKA
2008-07-25T06:34:07,249053000,58.2623,-135.563,0,289.4,18.7,291,9106302,9HJG9,CELEBRITY MERCURY,16,SITKA
2008-07-25T06:34:02,249053000,58.26215,-135.5622833,0,288.4,18.7,290,9106302,9HJG9,CELEBRITY MERCURY,16,SITKA
2008-07-25T06:33:55,249053000,58.26193333,-135.5610167,0,288.4,18.7,290,9106302,9HJG9,CELEBRITY MERCURY,16,SITKA
2008-07-25T06:33:50,249053000,58.26171667,-135.5598333,0,288.4,18.7,290,9106302,9HJG9,CELEBRITY MERCURY,16,SITKA
2008-07-25T06:33:43,249053000,58.26148333,-135.55855,0,288.4,18.7,290,9106302,9HJG9,CELEBRITY MERCURY,16,SITKA
2008-07-25T06:33:41,249053000,58.26141667,-135.5581167,0,0.0,0.0,0,9106302,9HJG9,CELEBRITY MERCURY,16,SITKA
2008-07-25T06:33:37,249053000,58.26141667,-135.5581167,0,288.7,18.6,290,9106302,9HJG9,CELEBRITY MERCURY,16,SITKA
2008-07-25T06:33:32,249053000,58.26131667,-135.55755,0,288.7,18.7,290,9106302,9HJG9,CELEBRITY MERCURY,16,SITKA
2008-07-25T06:33:26,249053000,58.26115,-135.5566333,0,288.7,18.7,290,9106302,9HJG9,CELEBRITY MERCURY,16,SITKA
2008-07-25T06:33:19,249053000,58.26095,-135.55555,0,288.7,18.7,290,9106302,9HJG9,CELEBRITY MERCURY,16,SITKA
2008-07-25T06:33:13,249053000,58.26076667,-135.5544833,0,288.7,18.7,290,9106302,9HJG9,CELEBRITY MERCURY,16,SITKA
2008-07-25T06:33:07,249053000,58.26061667,-135.5535833,0,288.7,18.8,290,9106302,9HJG9,CELEBRITY MERCURY,16,SITKA
2008-07-25T06:33:02,249053000,58.26036667,-135.5522167,0,289.0,18.7,290,9106302,9HJG9,CELEBRITY MERCURY,16,SITKA
2008-07-25T06:32:55,249053000,58.26031667,-135.5519167,0,289.0,18.7,290,9106302,9HJG9,CELEBRITY MERCURY,16,SITKA
2008-07-25T06:32:50,249053000,58.26015,-135.5510167,0,289.0,18.7,290,9106302,9HJG9,CELEBRITY MERCURY,16,SITKA
2008-07-25T06:32:43,249053000,58.25995,-135.54995,0,289.0,18.6,290,9106302,9HJG9,CELEBRITY MERCURY,16,SITKA
2008-07-25T06:32:37,249053000,58.25981667,-135.5492333,0,289.0,18.7,290,9106302,9HJG9,CELEBRITY MERCURY,16,SITKA
2008-07-25T06:32:26,249053000,58.2595,-135.5474667,0,289.3,18.7,290,9106302,9HJG9,CELEBRITY MERCURY,16,SITKA
2008-07-25T06:32:19,249053000,58.2593,-135.5464,0,289.3,18.7,290,9106302,9HJG9,CELEBRITY MERCURY,16,SITKA
2008-07-25T06:32:14,249053000,58.25911667,-135.54535,0,289.0,18.7,290,9106302,9HJG9,CELEBRITY MERCURY,16,SITKA
2008-07-25T06:32:07,249053000,58.25895,-135.5444,0,289.0,18.7,290,9106302,9HJG9,CELEBRITY MERCURY,16,SITKA
2008-07-25T06:32:02,249053000,58.25881667,-135.5436667,0,289.0,18.8,290,9106302,9HJG9,CELEBRITY MERCURY,16,SITKA
2008-07-25T06:31:55,249053000,58.2586,-135.5425833,0,289.0,18.7,290,9106302,9HJG9,CELEBRITY MERCURY,16,SITKA
2008-07-25T06:31:43,249053000,58.25811667,-135.53985,0,289.3,18.7,290,9106302,9HJG9,CELEBRITY MERCURY,16,SITKA
2008-07-25T06:31:37,249053000,58.2581,-135.5397333,0,289.3,18.7,290,9106302,9HJG9,CELEBRITY MERCURY,16,SITKA
2008-07-25T06:31:32,249053000,58.25795,-135.539,0,289.3,18.7,290,9106302,9HJG9,CELEBRITY MERCURY,16,SITKA
2008-07-25T06:31:26,249053000,58.25778333,-135.5380833,0,289.3,18.7,290,9106302,9HJG9,CELEBRITY MERCURY,16,SITKA
2008-07-25T06:31:14,249053000,58.25741667,-135.5361,0,289.3,18.7,290,9106302,9HJG9,CELEBRITY MERCURY,16,SITKA
2008-07-25T06:31:07,249053000,58.25723333,-135.5351667,0,289.3,18.7,290,9106302,9HJG9,CELEBRITY MERCURY,16,SITKA
2008-07-25T06:31:02,249053000,58.25708333,-135.5344833,0,289.3,18.7,290,9106302,9HJG9,CELEBRITY MERCURY,16,SITKA
2008-07-25T06:30:55,249053000,58.2569,-135.5334,0,289.3,18.7,290,9106302,9HJG9,CELEBRITY MERCURY,16,SITKA
2008-07-25T06:30:50,249053000,58.2567,-135.5323333,0,289.3,18.8,290,9106302,9HJG9,CELEBRITY MERCURY,16,SITKA
2008-07-25T06:30:43,249053000,58.25655,-135.5315667,0,289.3,18.8,290,9106302,9HJG9,CELEBRITY MERCURY,16,SITKA
2008-07-25T06:30:38,249053000,58.25636667,-135.5306333,0,289.0,18.8,290,9106302,9HJG9,CELEBRITY MERCURY,16,SITKA
2008-07-25T06:30:25,249053000,58.25605,-135.5288333,0,289.0,18.8,290,9106302,9HJG9,CELEBRITY MERCURY,16,SITKA
2008-07-25T06:30:14,249053000,58.25566667,-135.52685,0,289.0,18.8,290,9106302,9HJG9,CELEBRITY MERCURY,16,SITKA
2008-07-25T06:30:07,249053000,58.25545,-135.5256,0,289.0,18.8,290,9106302,9HJG9,CELEBRITY MERCURY,16,SITKA
2008-07-25T06:30:02,249053000,58.25533333,-135.5250167,0,289.0,18.9,290,9106302,9HJG9,CELEBRITY MERCURY,16,SITKA
2008-07-25T06:29:55,249053000,58.25516667,-135.5241,0,289.3,18.9,290,9106302,9HJG9,CELEBRITY MERCURY,16,SITKA
2008-07-25T06:29:50,249053000,58.25501667,-135.5231833,0,289.0,18.9,290,9106302,9HJG9,CELEBRITY MERCURY,16,SITKA
2008-07-25T06:29:43,249053000,58.25481667,-135.5220833,0,289.0,18.9,290,9106302,9HJG9,CELEBRITY MERCURY,16,SITKA
2008-07-25T06:29:38,249053000,58.25456667,-135.5208833,0,290.0,18.9,290,9106302,9HJG9,CELEBRITY MERCURY,16,SITKA
2008-07-25T06:29:32,249053000,58.25445,-135.5202833,0,289.0,18.9,290,9106302,9HJG9,CELEBRITY MERCURY,16,SITKA
2008-07-25T06:29:25,249053000,58.25426667,-135.5191833,0,289.3,18.9,290,9106302,9HJG9,CELEBRITY MERCURY,16,SITKA
2008-07-25T06:29:19,249053000,58.25411667,-135.5184333,0,289.3,18.9,290,9106302,9HJG9,CELEBRITY MERCURY,16,SITKA
2008-07-25T06:29:14,249053000,58.25396667,-135.5176833,0,289.0,18.9,290,9106302,9HJG9,CELEBRITY MERCURY,16,SITKA
2008-07-25T06:29:07,249053000,58.25375,-135.5164167,0,289.4,19.1,290,9106302,9HJG9,CELEBRITY MERCURY,16,SITKA
2008-07-25T06:29:02,249053000,58.25363333,-135.5158333,0,289.7,19.2,290,9106302,9HJG9,CELEBRITY MERCURY,16,SITKA
2008-07-25T06:28:56,249053000,58.25338333,-135.51455,0,289.7,19.2,290,9106302,9HJG9,CELEBRITY MERCURY,16,SITKA
2008-07-25T06:28:49,249053000,58.25321667,-135.5136167,0,289.7,19.3,290,9106302,9HJG9,CELEBRITY MERCURY,16,SITKA
2008-07-25T06:28:43,249053000,58.25305,-135.5127,0,290.0,19.2,290,9106302,9HJG9,CELEBRITY MERCURY,16,SITKA
2008-07-25T06:28:38,249053000,58.25286667,-135.5117833,0,290.0,19.2,290,9106302,9HJG9,CELEBRITY MERCURY,16,SITKA
2008-07-25T06:28:32,249053000,58.25265,-135.5107,0,290.2,19.3,290,9106302,9HJG9,CELEBRITY MERCURY,16,SITKA
2008-07-25T06:28:25,249053000,58.2525,-135.5099167,0,290.2,19.3,290,9106302,9HJG9,CELEBRITY MERCURY,16,SITKA
2008-07-25T06:28:19,249053000,58.25218333,-135.5082167,0,290.2,19.3,290,9106302,9HJG9,CELEBRITY MERCURY,16,SITKA
2008-07-25T06:28:14,249053000,58.25211667,-135.5079167,0,290.2,19.3,290,9106302,9HJG9,CELEBRITY MERCURY,16,SITKA
2008-07-25T06:28:07,249053000,58.25193333,-135.5069833,0,290.0,19.3,290,9106302,9HJG9,CELEBRITY MERCURY,16,SITKA
2008-07-25T06:28:02,249053000,58.25163333,-135.5054167,0,290.0,19.4,290,9106302,9HJG9,CELEBRITY MERCURY,16,SITKA
2008-07-25T06:27:49,249053000,58.25133333,-135.50385,0,290.0,19.4,290,9106302,9HJG9,CELEBRITY MERCURY,16,SITKA
2008-07-25T06:27:43,249053000,58.25118333,-135.5031,0,289.7,19.4,290,9106302,9HJG9,CELEBRITY MERCURY,16,SITKA
2008-07-25T06:27:39,249053000,58.25095,-135.5018833,0,0.0,0.0,0,9106302,9HJG9,CELEBRITY MERCURY,16,SITKA
2008-07-25T06:27:38,249053000,58.25095,-135.5018833,0,289.7,19.5,290,9106302,9HJG9,CELEBRITY MERCURY,16,SITKA
2008-07-25T06:27:32,249053000,58.2509,-135.5015833,0,290.0,19.5,290,9106302,9HJG9,CELEBRITY MERCURY,16,SITKA
2008-07-25T06:27:25,249053000,58.25063333,-135.5003,0,290.0,19.5,290,9106302,9HJG9,CELEBRITY MERCURY,16,SITKA
2008-07-25T06:27:14,249053000,58.25033333,-135.4986333,0,290.0,19.5,290,9106302,9HJG9,CELEBRITY MERCURY,16,SITKA
2008-07-25T06:27:07,249053000,58.2501,-135.4975167,0,290.0,19.5,290,9106302,9HJG9,CELEBRITY MERCURY,16,SITKA
2008-07-25T06:27:01,249053000,58.24985,-135.4962333,0,290.2,19.5,290,9106302,9HJG9,CELEBRITY MERCURY,16,SITKA
2008-07-25T06:26:55,249053000,58.24971667,-135.4956167,0,290.2,19.5,290,9106302,9HJG9,CELEBRITY MERCURY,16,SITKA
2008-07-25T06:26:49,249053000,58.24955,-135.4946667,0,290.2,19.5,290,9106302,9HJG9,CELEBRITY MERCURY,16,SITKA
2008-07-25T06:26:43,249053000,58.24931667,-135.4935667,0,290.5,19.5,290,9106302,9HJG9,CELEBRITY MERCURY,16,SITKA
2008-07-25T06:26:38,249053000,58.24913333,-135.4926,0,290.5,19.5,290,9106302,9HJG9,CELEBRITY MERCURY,16,SITKA
2008-07-25T06:26:32,249053000,58.24895,-135.4916667,0,290.5,19.5,290,9106302,9HJG9,CELEBRITY MERCURY,16,SITKA
2008-07-25T06:26:25,249053000,58.24873333,-135.4905167,0,290.5,19.5,290,9106302,9HJG9,CELEBRITY MERCURY,16,SITKA
2008-07-25T06:26:19,249053000,58.24851667,-135.48945,0,290.5,19.5,290,9106302,9HJG9,CELEBRITY MERCURY,16,SITKA
2008-07-25T06:26:14,249053000,58.24838333,-135.4888167,0,290.5,19.7,290,9106302,9HJG9,CELEBRITY MERCURY,16,SITKA
2008-07-25T06:26:07,249053000,58.24818333,-135.4878667,0,290.8,19.7,290,9106302,9HJG9,CELEBRITY MERCURY,16,SITKA
2008-07-25T06:26:01,249053000,58.248,-135.4869333,0,290.8,19.7,290,9106302,9HJG9,CELEBRITY MERCURY,16,SITKA
2008-07-25T06:25:56,249053000,58.24778333,-135.4858,0,290.8,19.5,290,9106302,9HJG9,CELEBRITY MERCURY,16,SITKA
2008-07-25T06:25:49,249053000,58.24758333,-135.4848667,0,291.1,19.7,290,9106302,9HJG9,CELEBRITY MERCURY,16,SITKA
2008-07-25T06:25:43,249053000,58.24736667,-135.48375,0,291.1,19.5,290,9106302,9HJG9,CELEBRITY MERCURY,16,SITKA
2008-07-25T06:25:38,249053000,58.24726667,-135.4831667,0,291.1,19.5,290,9106302,9HJG9,CELEBRITY MERCURY,16,SITKA
2008-07-25T06:25:32,249053000,58.24706667,-135.4822333,0,291.4,19.5,290,9106302,9HJG9,CELEBRITY MERCURY,16,SITKA
2008-07-25T06:25:25,249053000,58.24681667,-135.4810833,0,291.4,19.5,290,9106302,9HJG9,CELEBRITY MERCURY,16,SITKA
2008-07-25T06:25:19,249053000,58.24665,-135.4801667,0,291.4,19.5,290,9106302,9HJG9,CELEBRITY MERCURY,16,SITKA
2008-07-25T06:25:14,249053000,58.24646667,-135.4792333,0,291.4,19.5,290,9106302,9HJG9,CELEBRITY MERCURY,16,SITKA
2008-07-25T06:25:07,249053000,58.24608333,-135.4774667,0,291.4,19.7,290,9106302,9HJG9,CELEBRITY MERCURY,16,SITKA
2008-07-25T06:25:01,249053000,58.24593333,-135.4766833,0,291.4,19.7,290,9106302,9HJG9,CELEBRITY MERCURY,16,SITKA
2008-07-25T06:24:55,249053000,58.24583333,-135.4762333,0,291.4,19.7,290,9106302,9HJG9,CELEBRITY MERCURY,16,SITKA
2008-07-25T06:24:49,249053000,58.24563333,-135.4753,0,291.4,19.5,290,9106302,9HJG9,CELEBRITY MERCURY,16,SITKA
2008-07-25T06:24:44,249053000,58.24543333,-135.4743333,0,291.4,19.5,290,9106302,9HJG9,CELEBRITY MERCURY,16,SITKA
2008-07-25T06:24:38,249053000,58.24525,-135.4734167,0,291.4,19.5,290,9106302,9HJG9,CELEBRITY MERCURY,16,SITKA
2008-07-25T06:24:32,249053000,58.2451,-135.4726333,0,291.4,19.7,290,9106302,9HJG9,CELEBRITY MERCURY,16,SITKA
2008-07-25T06:24:25,249053000,58.24475,-135.4710167,0,291.4,19.7,290,9106302,9HJG9,CELEBRITY MERCURY,16,SITKA
2008-07-25T06:24:19,249053000,58.24458333,-135.4702667,0,291.1,19.7,290,9106302,9HJG9,CELEBRITY MERCURY,16,SITKA
2008-07-25T06:24:13,249053000,58.2444,-135.4693167,0,291.4,19.5,290,9106302,9HJG9,CELEBRITY MERCURY,16,SITKA
2008-07-25T06:24:02,249053000,58.24403333,-135.4675833,0,291.7,19.5,290,9106302,9HJG9,CELEBRITY MERCURY,16,SITKA
2008-07-25T06:23:55,249053000,58.24383333,-135.46665,0,291.4,19.5,290,9106302,9HJG9,CELEBRITY MERCURY,16,SITKA
2008-07-25T06:23:43,249053000,58.2433,-135.4641333,0,291.4,19.5,290,9106302,9HJG9,CELEBRITY MERCURY,16,SITKA
2008-07-25T06:23:38,249053000,58.24311667,-135.46325,0,291.4,19.5,290,9106302,9HJG9,CELEBRITY MERCURY,16,SITKA
2008-07-25T06:23:32,249053000,58.24305,-135.4629167,0,291.7,19.5,290,9106302,9HJG9,CELEBRITY MERCURY,16,SITKA
2008-07-25T06:23:26,249053000,58.24286667,-135.4619833,0,291.7,19.5,290,9106302,9HJG9,CELEBRITY MERCURY,16,SITKA
2008-07-25T06:23:19,249053000,58.24263333,-135.4608667,0,291.7,19.5,290,9106302,9HJG9,CELEBRITY MERCURY,16,SITKA
2008-07-25T06:23:13,249053000,58.24241667,-135.4599,0,291.7,19.5,290,9106302,9HJG9,CELEBRITY MERCURY,16,SITKA
2008-07-25T06:23:07,249053000,58.24218333,-135.4588,0,291.4,19.5,290,9106302,9HJG9,CELEBRITY MERCURY,16,SITKA
2008-07-25T06:23:02,249053000,58.24195,-135.4575833,0,291.4,19.5,290,9106302,9HJG9,CELEBRITY MERCURY,16,SITKA
2008-07-25T06:22:55,249053000,58.24181667,-135.4569167,0,291.4,19.5,290,9106302,9HJG9,CELEBRITY MERCURY,16,SITKA
2008-07-25T06:22:49,249053000,58.24161667,-135.4559833,0,291.1,19.5,290,9106302,9HJG9,CELEBRITY MERCURY,16,SITKA
2008-07-25T06:22:43,249053000,58.24141667,-135.45505,0,291.1,19.5,290,9106302,9HJG9,CELEBRITY MERCURY,16,SITKA
2008-07-25T06:22:38,249053000,58.24123333,-135.4541,0,291.4,19.4,290,9106302,9HJG9,CELEBRITY MERCURY,16,SITKA
2008-07-25T06:22:26,249053000,58.24088333,-135.4524,0,291.4,19.5,290,9106302,9HJG9,CELEBRITY MERCURY,16,SITKA
2008-07-25T06:22:19,249053000,58.2406,-135.4511167,0,291.4,19.5,290,9106302,9HJG9,CELEBRITY MERCURY,16,SITKA
2008-07-25T06:22:13,249053000,58.24041667,-135.4501667,0,291.4,19.5,290,9106302,9HJG9,CELEBRITY MERCURY,16,SITKA
2008-07-25T06:22:07,249053000,58.24021667,-135.4492167,0,291.4,19.5,290,9106302,9HJG9,CELEBRITY MERCURY,16,SITKA
2008-07-25T06:22:02,249053000,58.24006667,-135.4484667,0,291.4,19.5,290,9106302,9HJG9,CELEBRITY MERCURY,16,SITKA
2008-07-25T06:21:55,249053000,58.23983333,-135.4473333,0,291.4,19.5,290,9106302,9HJG9,CELEBRITY MERCURY,16,SITKA
2008-07-25T06:21:49,249053000,58.23966667,-135.44655,0,291.7,19.5,290,9106302,9HJG9,CELEBRITY MERCURY,16,SITKA
2008-07-25T06:21:39,249053000,58.23926667,-135.44465,0,0.0,0.0,0,9106302,9HJG9,CELEBRITY MERCURY,16,SITKA
2008-07-25T06:21:38,249053000,58.23926667,-135.44465,0,291.7,19.5,290,9106302,9HJG9,CELEBRITY MERCURY,16,SITKA
2008-07-25T06:21:32,249053000,58.23903333,-135.44355,0,291.7,19.5,290,9106302,9HJG9,CELEBRITY MERCURY,16,SITKA
2008-07-25T06:21:26,249053000,58.23885,-135.4426167,0,291.7,19.5,290,9106302,9HJG9,CELEBRITY MERCURY,16,SITKA
2008-07-25T06:21:19,249053000,58.2386,-135.4415,0,291.7,19.5,290,9106302,9HJG9,CELEBRITY MERCURY,16,SITKA
2008-07-25T06:21:13,249053000,58.23838333,-135.44055,0,291.7,19.5,290,9106302,9HJG9,CELEBRITY MERCURY,16,SITKA
2008-07-25T06:21:07,249053000,58.23813333,-135.4393,0,291.7,19.5,290,9106302,9HJG9,CELEBRITY MERCURY,16,SITKA
2008-07-25T06:21:02,249053000,58.23801667,-135.4387167,0,291.4,19.5,290,9106302,9HJG9,CELEBRITY MERCURY,16,SITKA
2008-07-25T06:20:55,249053000,58.23776667,-135.4375833,0,291.7,19.5,290,9106302,9HJG9,CELEBRITY MERCURY,16,SITKA
2008-07-25T06:20:49,249053000,58.2376,-135.4368,0,291.7,19.5,290,9106302,9HJG9,CELEBRITY MERCURY,16,SITKA
2008-07-25T06:20:43,249053000,58.23735,-135.4355667,0,291.7,19.5,290,9106302,9HJG9,CELEBRITY MERCURY,16,SITKA
2008-07-25T06:20:37,249053000,58.23718333,-135.4347833,0,291.7,19.5,290,9106302,9HJG9,CELEBRITY MERCURY,16,SITKA
2008-07-25T06:20:32,249053000,58.23703333,-135.4340333,0,291.7,19.5,290,9106302,9HJG9,CELEBRITY MERCURY,16,SITKA
2008-07-25T06:20:26,249053000,58.2367,-135.43245,0,292.0,19.5,290,9106302,9HJG9,CELEBRITY MERCURY,16,SITKA
2008-07-25T06:20:19,249053000,58.2366,-135.4319833,0,291.7,19.5,290,9106302,9HJG9,CELEBRITY MERCURY,16,SITKA
2008-07-25T06:20:13,249053000,58.23636667,-135.4308833,0,291.7,19.5,290,9106302,9HJG9,CELEBRITY MERCURY,16,SITKA
2008-07-25T06:20:07,249053000,58.23621667,-135.4301333,0,291.7,19.5,290,9106302,9HJG9,CELEBRITY MERCURY,16,SITKA
2008-07-25T06:20:02,249053000,58.23601667,-135.4292333,0,291.7,19.5,290,9106302,9HJG9,CELEBRITY MERCURY,16,SITKA
2008-07-25T06:19:55,249053000,58.23575,-135.4279333,0,291.7,19.5,290,9106302,9HJG9,CELEBRITY MERCURY,16,SITKA
2008-07-25T06:19:49,249053000,58.23563333,-135.4273333,0,291.7,19.4,290,9106302,9HJG9,CELEBRITY MERCURY,16,SITKA
2008-07-25T06:19:43,249053000,58.23533333,-135.4260833,0,291.7,19.4,290,9106302,9HJG9,CELEBRITY MERCURY,16,SITKA
2008-07-25T06:19:38,249053000,58.23521667,-135.4254833,0,291.7,19.5,290,9106302,9HJG9,CELEBRITY MERCURY,16,SITKA
2008-07-25T06:19:32,249053000,58.235,-135.4244,0,291.7,19.5,290,9106302,9HJG9,CELEBRITY MERCURY,16,SITKA
2008-07-25T06:19:26,249053000,58.23475,-135.4232667,0,291.4,19.4,290,9106302,9HJG9,CELEBRITY MERCURY,16,SITKA
2008-07-25T06:19:19,249053000,58.23445,-135.4218667,0,291.4,19.5,290,9106302,9HJG9,CELEBRITY MERCURY,16,SITKA
2008-07-25T06:19:13,249053000,58.23433333,-135.4214167,0,291.4,19.5,290,9106302,9HJG9,CELEBRITY MERCURY,16,SITKA
2008-07-25T06:19:07,249053000,58.23401667,-135.41985,0,291.4,19.5,290,9106302,9HJG9,CELEBRITY MERCURY,16,SITKA
2008-07-25T06:19:02,249053000,58.234,-135.4197167,0,291.4,19.5,290,9106302,9HJG9,CELEBRITY MERCURY,16,SITKA
2008-07-25T06:18:55,249053000,58.23371667,-135.41845,0,291.7,19.5,290,9106302,9HJG9,CELEBRITY MERCURY,16,SITKA
2008-07-25T06:18:50,249053000,58.23355,-135.4176833,0,291.4,19.5,290,9106302,9HJG9,CELEBRITY MERCURY,16,SITKA
2008-07-25T06:18:43,249053000,58.23335,-135.41675,0,291.7,19.5,290,9106302,9HJG9,CELEBRITY MERCURY,16,SITKA
2008-07-25T06:18:38,249053000,58.23316667,-135.4158167,0,291.7,19.5,290,9106302,9HJG9,CELEBRITY MERCURY,16,SITKA
2008-07-25T06:18:32,249053000,58.233,-135.4150833,0,291.7,19.5,290,9106302,9HJG9,CELEBRITY MERCURY,16,SITKA
2008-07-25T06:18:26,249053000,58.2327,-135.4136333,0,291.7,19.5,290,9106302,9HJG9,CELEBRITY MERCURY,16,SITKA
2008-07-25T06:18:19,249053000,58.23253333,-135.4128333,0,292.0,19.5,290,9106302,9HJG9,CELEBRITY MERCURY,16,SITKA
2008-07-25T06:18:13,249053000,58.23233333,-135.4119,0,292.0,19.5,290,9106302,9HJG9,CELEBRITY MERCURY,16,SITKA
2008-07-25T06:18:07,249053000,58.23213333,-135.4109667,0,292.0,19.5,290,9106302,9HJG9,CELEBRITY MERCURY,16,SITKA
2008-07-25T06:18:02,249053000,58.23195,-135.4100667,0,291.7,19.5,290,9106302,9HJG9,CELEBRITY MERCURY,16,SITKA
2008-07-25T06:17:55,249053000,58.2318,-135.4093,0,291.7,19.5,290,9106302,9HJG9,CELEBRITY MERCURY,16,SITKA
2008-07-25T06:17:50,249053000,58.2314,-135.4074333,0,291.7,19.5,290,9106302,9HJG9,CELEBRITY MERCURY,16,SITKA
2008-07-25T06:17:43,249053000,58.23133333,-135.40715,0,291.7,19.5,290,9106302,9HJG9,CELEBRITY MERCURY,16,SITKA
2008-07-25T06:17:37,249053000,58.23113333,-135.4061833,0,292.0,19.5,290,9106302,9HJG9,CELEBRITY MERCURY,16,SITKA
2008-07-25T06:17:32,249053000,58.23098333,-135.4054333,0,291.7,19.5,290,9106302,9HJG9,CELEBRITY MERCURY,16,SITKA
2008-07-25T06:17:26,249053000,58.23078333,-135.4045,0,291.7,19.5,290,9106302,9HJG9,CELEBRITY MERCURY,16,SITKA
2008-07-25T06:17:19,249053000,58.23048333,-135.4032333,0,291.7,19.5,290,9106302,9HJG9,CELEBRITY MERCURY,16,SITKA
2008-07-25T06:17:13,249053000,58.23031667,-135.4023,0,291.4,19.5,290,9106302,9HJG9,CELEBRITY MERCURY,16,SITKA
2008-07-25T06:17:07,249053000,58.23008333,-135.4012167,0,291.4,19.5,290,9106302,9HJG9,CELEBRITY MERCURY,16,SITKA
2008-07-25T06:17:02,249053000,58.22995,-135.4006333,0,291.4,19.5,290,9106302,9HJG9,CELEBRITY MERCURY,16,SITKA
2008-07-25T06:16:55,249053000,58.2297,-135.3995,0,291.4,19.5,290,9106302,9HJG9,CELEBRITY MERCURY,16,SITKA
2008-07-25T06:16:50,249053000,58.22956667,-135.3987667,0,291.4,19.5,290,9106302,9HJG9,CELEBRITY MERCURY,16,SITKA
2008-07-25T06:16:43,249053000,58.22938333,-135.3978333,0,291.4,19.5,290,9106302,9HJG9,CELEBRITY MERCURY,16,SITKA
2008-07-25T06:16:38,249053000,58.22918333,-135.3969167,0,291.4,19.5,290,9106302,9HJG9,CELEBRITY MERCURY,16,SITKA
2008-07-25T06:16:32,249053000,58.22895,-135.3958667,0,291.4,19.5,290,9106302,9HJG9,CELEBRITY MERCURY,16,SITKA
2008-07-25T06:16:26,249053000,58.22876667,-135.3949167,0,291.4,19.5,290,9106302,9HJG9,CELEBRITY MERCURY,16,SITKA
2008-07-25T06:16:20,249053000,58.22845,-135.3934667,0,291.7,19.5,290,9106302,9HJG9,CELEBRITY MERCURY,16,SITKA
2008-07-25T06:16:13,249053000,58.22828333,-135.3927167,0,291.4,19.5,290,9106302,9HJG9,CELEBRITY MERCURY,16,SITKA
2008-07-25T06:16:07,249053000,58.2281,-135.3919167,0,291.7,19.5,290,9106302,9HJG9,CELEBRITY MERCURY,16,SITKA
2008-07-25T06:16:02,249053000,58.22796667,-135.3911833,0,291.4,19.5,290,9106302,9HJG9,CELEBRITY MERCURY,16,SITKA
2008-07-25T06:15:55,249053000,58.22773333,-135.3901,0,291.4,19.5,290,9106302,9HJG9,CELEBRITY MERCURY,16,SITKA
2008-07-25T06:15:50,249053000,58.22746667,-135.38885,0,291.4,19.5,290,9106302,9HJG9,CELEBRITY MERCURY,16,SITKA
2008-07-25T06:15:43,249053000,58.2273,-135.3880333,0,291.4,19.5,290,9106302,9HJG9,CELEBRITY MERCURY,16,SITKA
2008-07-25T06:15:38,249053000,58.2271,-135.3871,0,0.0,0.0,0,9106302,9HJG9,CELEBRITY MERCURY,16,SITKA
2008-07-25T06:15:37,249053000,58.2271,-135.3871,0,291.7,19.5,290,9106302,9HJG9,CELEBRITY MERCURY,16,SITKA
2008-07-25T06:15:32,249053000,58.22696667,-135.3863667,0,291.7,19.5,290,9106302,9HJG9,CELEBRITY MERCURY,16,SITKA
2008-07-25T06:15:25,249053000,58.22676667,-135.3854167,0,291.4,19.5,290,9106302,9HJG9,CELEBRITY MERCURY,16,SITKA
2008-07-25T06:15:19,249053000,58.22653333,-135.3842833,0,291.4,19.5,290,9106302,9HJG9,CELEBRITY MERCURY,16,SITKA
2008-07-25T06:15:13,249053000,58.22618333,-135.38255,0,291.4,19.5,290,9106302,9HJG9,CELEBRITY MERCURY,16,SITKA
2008-07-25T06:15:07,249053000,58.22613333,-135.3824167,0,291.7,19.5,290,9106302,9HJG9,CELEBRITY MERCURY,16,SITKA
2008-07-25T06:15:02,249053000,58.22595,-135.3815333,0,291.7,19.5,290,9106302,9HJG9,CELEBRITY MERCURY,16,SITKA
2008-07-25T06:14:55,249053000,58.22566667,-135.3801167,0,291.4,19.5,290,9106302,9HJG9,CELEBRITY MERCURY,16,SITKA
2008-07-25T06:14:50,249053000,58.22556667,-135.3796333,0,291.7,19.5,290,9106302,9HJG9,CELEBRITY MERCURY,16,SITKA
2008-07-25T06:14:43,249053000,58.22536667,-135.3787,0,291.7,19.5,290,9106302,9HJG9,CELEBRITY MERCURY,16,SITKA
2008-07-25T06:14:37,249053000,58.22518333,-135.3777667,0,291.4,19.5,290,9106302,9HJG9,CELEBRITY MERCURY,16,SITKA
2008-07-25T06:14:32,249053000,58.22488333,-135.3763667,0,291.4,19.5,290,9106302,9HJG9,CELEBRITY MERCURY,16,SITKA
2008-07-25T06:14:25,249053000,58.2248,-135.3759,0,291.1,19.5,290,9106302,9HJG9,CELEBRITY MERCURY,16,SITKA
2008-07-25T06:14:21,249053000,58.2246,-135.3749833,0,291.1,19.5,290,9106302,9HJG9,CELEBRITY MERCURY,16,SITKA
2008-07-25T06:14:14,249053000,58.22436667,-135.3738833,0,291.1,19.5,290,9106302,9HJG9,CELEBRITY MERCURY,16,SITKA
2008-07-25T06:14:07,249053000,58.22416667,-135.3729667,0,291.1,19.5,290,9106302,9HJG9,CELEBRITY MERCURY,16,SITKA
2008-07-25T06:13:55,249053000,58.22358333,-135.3701,0,291.1,19.5,290,9106302,9HJG9,CELEBRITY MERCURY,16,SITKA
2008-07-25T06:13:49,249053000,58.22355,-135.36995,0,291.1,19.5,290,9106302,9HJG9,CELEBRITY MERCURY,16,SITKA
2008-07-25T06:13:43,249053000,58.22336667,-135.369,0,291.1,19.5,290,9106302,9HJG9,CELEBRITY MERCURY,16,SITKA
2008-07-25T06:13:37,249053000,58.22313333,-135.3679,0,290.8,19.5,290,9106302,9HJG9,CELEBRITY MERCURY,16,SITKA
2008-07-25T06:13:32,249053000,58.223,-135.36715,0,290.8,19.5,290,9106302,9HJG9,CELEBRITY MERCURY,16,SITKA
2008-07-25T06:13:25,249053000,58.22276667,-135.3660667,0,290.8,19.5,290,9106302,9HJG9,CELEBRITY MERCURY,16,SITKA
2008-07-25T06:13:20,249053000,58.22261667,-135.3652833,0,290.8,19.5,290,9106302,9HJG9,CELEBRITY MERCURY,16,SITKA
2008-07-25T06:13:13,249053000,58.22233333,-135.36385,0,290.5,19.5,290,9106302,9HJG9,CELEBRITY MERCURY,16,SITKA
2008-07-25T06:13:07,249053000,58.22218333,-135.3631833,0,290.5,19.5,290,9106302,9HJG9,CELEBRITY MERCURY,16,SITKA
2008-07-25T06:13:02,249053000,58.22203333,-135.3624333,0,290.5,19.5,290,9106302,9HJG9,CELEBRITY MERCURY,16,SITKA
2008-07-25T06:12:55,249053000,58.22185,-135.3615,0,290.8,19.5,290,9106302,9HJG9,CELEBRITY MERCURY,16,SITKA
2008-07-25T06:12:49,249053000,58.22166667,-135.36055,0,290.8,19.5,290,9106302,9HJG9,CELEBRITY MERCURY,16,SITKA
2008-07-25T06:12:43,249053000,58.22143333,-135.35945,0,290.8,19.5,290,9106302,9HJG9,CELEBRITY MERCURY,16,SITKA
2008-07-25T06:12:37,249053000,58.22125,-135.3585333,0,290.5,19.5,290,9106302,9HJG9,CELEBRITY MERCURY,16,SITKA
2008-07-25T06:12:33,249053000,58.22103333,-135.3574167,0,290.5,19.5,290,9106302,9HJG9,CELEBRITY MERCURY,16,SITKA
2008-07-25T06:12:25,249053000,58.22088333,-135.3566667,0,290.8,19.5,290,9106302,9HJG9,CELEBRITY MERCURY,16,SITKA
2008-07-25T06:12:20,249053000,58.22068333,-135.3557,0,290.8,19.5,290,9106302,9HJG9,CELEBRITY MERCURY,16,SITKA
2008-07-25T06:12:14,249053000,58.22048333,-135.3547833,0,290.8,19.5,290,9106302,9HJG9,CELEBRITY MERCURY,16,SITKA
2008-07-25T06:12:07,249053000,58.22028333,-135.3536833,0,290.8,19.5,290,9106302,9HJG9,CELEBRITY MERCURY,16,SITKA
2008-07-25T06:12:02,249053000,58.21996667,-135.3522333,0,290.8,19.5,290,9106302,9HJG9,CELEBRITY MERCURY,16,SITKA
2008-07-25T06:11:55,249053000,58.21973333,-135.3511167,0,290.8,19.5,290,9106302,9HJG9,CELEBRITY MERCURY,16,SITKA
2008-07-25T06:11:51,249053000,58.21965,-135.3506667,0,290.8,19.5,290,9106302,9HJG9,CELEBRITY MERCURY,16,SITKA
2008-07-25T06:11:43,249053000,58.21945,-135.3497333,0,290.8,19.5,290,9106302,9HJG9,CELEBRITY MERCURY,16,SITKA
2008-07-25T06:11:37,249053000,58.2193,-135.3489667,0,290.8,19.5,290,9106302,9HJG9,CELEBRITY MERCURY,16,SITKA
2008-07-25T06:11:25,249053000,58.21893333,-135.3470833,0,290.8,19.5,290,9106302,9HJG9,CELEBRITY MERCURY,16,SITKA
2008-07-25T06:11:20,249053000,58.21871667,-135.3459833,0,290.5,19.5,290,9106302,9HJG9,CELEBRITY MERCURY,16,SITKA
2008-07-25T06:10:55,249053000,58.21786667,-135.3418667,0,290.8,19.4,290,9106302,9HJG9,CELEBRITY MERCURY,16,SITKA
2008-07-25T06:10:50,249053000,58.21773333,-135.3411167,0,290.5,19.4,290,9106302,9HJG9,CELEBRITY MERCURY,16,SITKA
2008-07-25T06:10:45,249053000,58.21756667,-135.3403333,0,290.5,19.5,290,9106302,9HJG9,CELEBRITY MERCURY,16,SITKA
2008-07-25T06:10:37,249053000,58.21733333,-135.3392333,0,290.5,19.4,290,9106302,9HJG9,CELEBRITY MERCURY,16,SITKA
2008-07-25T06:10:32,249053000,58.2172,-135.3384833,0,290.5,19.4,290,9106302,9HJG9,CELEBRITY MERCURY,16,SITKA
2008-07-25T06:10:26,249053000,58.21696667,-135.33735,0,290.5,19.4,290,9106302,9HJG9,CELEBRITY MERCURY,16,SITKA
2008-07-25T06:10:20,249053000,58.21675,-135.3362667,0,290.5,19.4,290,9106302,9HJG9,CELEBRITY MERCURY,16,SITKA
2008-07-25T06:10:13,249053000,58.21658333,-135.3354833,0,290.5,19.4,290,9106302,9HJG9,CELEBRITY MERCURY,16,SITKA
2008-07-25T06:10:07,249053000,58.21641667,-135.33455,0,290.5,19.4,290,9106302,9HJG9,CELEBRITY MERCURY,16,SITKA
2008-07-25T06:10:01,249053000,58.21616667,-135.3334333,0,290.5,19.3,290,9106302,9HJG9,CELEBRITY MERCURY,16,SITKA
2008-07-25T06:09:55,249053000,58.21591667,-135.3321833,0,290.2,19.3,290,9106302,9HJG9,CELEBRITY MERCURY,16,SITKA
2008-07-25T06:09:49,249053000,58.21578333,-135.3315667,0,290.2,19.3,290,9106302,9HJG9,CELEBRITY MERCURY,16,SITKA
2008-07-25T06:09:43,249053000,58.21563333,-135.3306667,0,290.2,19.4,290,9106302,9HJG9,CELEBRITY MERCURY,16,SITKA
2008-07-25T06:09:40,249053000,58.21545,-135.32975,0,0.0,0.0,0,9106302,9HJG9,CELEBRITY MERCURY,16,SITKA
2008-07-25T06:09:38,249053000,58.21545,-135.32975,0,290.5,19.4,290,9106302,9HJG9,CELEBRITY MERCURY,16,SITKA
2008-07-25T06:09:32,249053000,58.21525,-135.3288167,0,290.2,19.3,290,9106302,9HJG9,CELEBRITY MERCURY,16,SITKA
2008-07-25T06:09:26,249053000,58.21506667,-135.3278833,0,290.5,19.4,290,9106302,9HJG9,CELEBRITY MERCURY,16,SITKA
2008-07-25T06:09:20,249053000,58.21483333,-135.3266333,0,290.5,19.4,290,9106302,9HJG9,CELEBRITY MERCURY,16,SITKA
2008-07-25T06:09:14,249053000,58.2147,-135.3260333,0,290.2,19.3,290,9106302,9HJG9,CELEBRITY MERCURY,16,SITKA
2008-07-25T06:09:07,249053000,58.21451667,-135.3250833,0,290.2,19.3,290,9106302,9HJG9,CELEBRITY MERCURY,16,SITKA
2008-07-25T06:09:01,249053000,58.21433333,-135.32415,0,290.2,19.3,290,9106302,9HJG9,CELEBRITY MERCURY,16,SITKA
2008-07-25T06:08:55,249053000,58.21413333,-135.3230833,0,290.5,19.3,290,9106302,9HJG9,CELEBRITY MERCURY,16,SITKA
2008-07-25T06:08:49,249053000,58.21395,-135.32215,0,290.2,19.3,290,9106302,9HJG9,CELEBRITY MERCURY,16,SITKA
2008-07-25T06:08:43,249053000,58.21373333,-135.3210667,0,290.8,19.3,290,9106302,9HJG9,CELEBRITY MERCURY,16,SITKA
2008-07-25T06:08:37,249053000,58.2135,-135.3199667,0,290.8,19.3,290,9106302,9HJG9,CELEBRITY MERCURY,16,SITKA
2008-07-25T06:08:32,249053000,58.2134,-135.3193833,0,290.8,19.3,290,9106302,9HJG9,CELEBRITY MERCURY,16,SITKA
2008-07-25T06:08:26,249053000,58.21321667,-135.31845,0,291.1,19.3,290,9106302,9HJG9,CELEBRITY MERCURY,16,SITKA
2008-07-25T06:08:20,249053000,58.21298333,-135.31735,0,291.1,19.3,290,9106302,9HJG9,CELEBRITY MERCURY,16,SITKA
2008-07-25T06:08:13,249053000,58.2128,-135.3164333,0,292.4,19.3,291,9106302,9HJG9,CELEBRITY MERCURY,16,SITKA
2008-07-25T06:08:07,249053000,58.21256667,-135.31535,0,292.4,19.3,291,9106302,9HJG9,CELEBRITY MERCURY,16,SITKA
2008-07-25T06:07:55,249053000,58.21216667,-135.3135,0,292.5,19.3,292,9106302,9HJG9,CELEBRITY MERCURY,16,SITKA
2008-07-25T06:07:49,249053000,58.21201667,-135.3127833,0,293.2,19.3,293,9106302,9HJG9,CELEBRITY MERCURY,16,SITKA
2008-07-25T06:07:44,249053000,58.21181667,-135.3118833,0,293.2,19.3,293,9106302,9HJG9,CELEBRITY MERCURY,16,SITKA
2008-07-25T06:07:37,249053000,58.2115,-135.3104833,0,293.2,19.3,293,9106302,9HJG9,CELEBRITY MERCURY,16,SITKA
2008-07-25T06:07:32,249053000,58.21143333,-135.3102333,0,293.2,19.3,293,9106302,9HJG9,CELEBRITY MERCURY,16,SITKA
2008-07-25T06:07:20,249053000,58.21081667,-135.3074667,0,293.2,19.3,293,9106302,9HJG9,CELEBRITY MERCURY,16,SITKA
2008-07-25T06:07:13,249053000,58.21075,-135.3071667,0,293.2,19.3,293,9106302,9HJG9,CELEBRITY MERCURY,16,SITKA
2008-07-25T06:07:07,249053000,58.2105,-135.3061,0,293.0,19.3,293,9106302,9HJG9,CELEBRITY MERCURY,16,SITKA
2008-07-25T06:07:01,249053000,58.21033333,-135.30535,0,293.0,19.3,293,9106302,9HJG9,CELEBRITY MERCURY,16,SITKA
2008-07-25T06:06:55,249053000,58.21008333,-135.3043,0,293.0,19.3,293,9106302,9HJG9,CELEBRITY MERCURY,16,SITKA
2008-07-25T06:06:49,249053000,58.20991667,-135.3035333,0,293.0,19.3,293,9106302,9HJG9,CELEBRITY MERCURY,16,SITKA
2008-07-25T06:06:43,249053000,58.20966667,-135.3024833,0,293.0,19.3,293,9106302,9HJG9,CELEBRITY MERCURY,16,SITKA
2008-07-25T06:06:38,249053000,58.20941667,-135.3012333,0,292.7,19.3,293,9106302,9HJG9,CELEBRITY MERCURY,16,SITKA
2008-07-25T06:06:32,249053000,58.2093,-135.3008333,0,293.0,19.3,293,9106302,9HJG9,CELEBRITY MERCURY,16,SITKA
2008-07-25T06:06:26,249053000,58.20906667,-135.2997333,0,293.0,19.3,293,9106302,9HJG9,CELEBRITY MERCURY,16,SITKA
2008-07-25T06:06:19,249053000,58.20885,-135.2988167,0,293.0,19.2,293,9106302,9HJG9,CELEBRITY MERCURY,16,SITKA
2008-07-25T06:06:14,249053000,58.20851667,-135.2972667,0,293.0,19.2,293,9106302,9HJG9,CELEBRITY MERCURY,16,SITKA
2008-07-25T06:06:07,249053000,58.20841667,-135.29685,0,292.7,19.2,293,9106302,9HJG9,CELEBRITY MERCURY,16,SITKA
2008-07-25T06:06:01,249053000,58.20821667,-135.29595,0,293.0,19.2,293,9106302,9HJG9,CELEBRITY MERCURY,16,SITKA
2008-07-25T06:05:55,249053000,58.20796667,-135.29485,0,293.0,19.2,293,9106302,9HJG9,CELEBRITY MERCURY,16,SITKA
2008-07-25T06:05:50,249053000,58.2078,-135.2941333,0,293.0,19.2,293,9106302,9HJG9,CELEBRITY MERCURY,16,SITKA
2008-07-25T06:05:43,249053000,58.2076,-135.2932167,0,293.0,19.2,293,9106302,9HJG9,CELEBRITY MERCURY,16,SITKA
2008-07-25T06:05:38,249053000,58.20738333,-135.2923333,0,293.0,19.3,293,9106302,9HJG9,CELEBRITY MERCURY,16,SITKA
2008-07-25T06:05:32,249053000,58.20721667,-135.2916,0,293.0,19.3,293,9106302,9HJG9,CELEBRITY MERCURY,16,SITKA
2008-07-25T06:05:25,249053000,58.20698333,-135.2905,0,293.0,19.3,293,9106302,9HJG9,CELEBRITY MERCURY,16,SITKA
2008-07-25T06:05:19,249053000,58.20675,-135.28945,0,293.0,19.3,293,9106302,9HJG9,CELEBRITY MERCURY,16,SITKA
2008-07-25T06:05:13,249053000,58.20653333,-135.2885333,0,293.0,19.3,293,9106302,9HJG9,CELEBRITY MERCURY,16,SITKA
2008-07-25T06:05:07,249053000,58.20633333,-135.2876167,0,292.7,19.3,293,9106302,9HJG9,CELEBRITY MERCURY,16,SITKA
2008-07-25T06:05:01,249053000,58.20613333,-135.2867,0,292.7,19.2,293,9106302,9HJG9,CELEBRITY MERCURY,16,SITKA
2008-07-25T06:04:55,249053000,58.20593333,-135.2857833,0,293.0,19.2,293,9106302,9HJG9,CELEBRITY MERCURY,16,SITKA
2008-07-25T06:04:49,249053000,58.20571667,-135.2848833,0,293.0,19.3,293,9106302,9HJG9,CELEBRITY MERCURY,16,SITKA
2008-07-25T06:04:43,249053000,58.20548333,-135.2837833,0,293.0,19.3,293,9106302,9HJG9,CELEBRITY MERCURY,16,SITKA
2008-07-25T06:04:32,249053000,58.20511667,-135.28215,0,293.0,19.2,293,9106302,9HJG9,CELEBRITY MERCURY,16,SITKA
2008-07-25T06:04:25,249053000,58.20481667,-135.2808833,0,293.0,19.2,293,9106302,9HJG9,CELEBRITY MERCURY,16,SITKA
2008-07-25T06:04:19,249053000,58.20466667,-135.28015,0,293.0,19.2,293,9106302,9HJG9,CELEBRITY MERCURY,16,SITKA
2008-07-25T06:04:13,249053000,58.20446667,-135.2792667,0,293.2,19.2,293,9106302,9HJG9,CELEBRITY MERCURY,16,SITKA
2008-07-25T06:04:07,249053000,58.20426667,-135.2783333,0,293.2,19.2,293,9106302,9HJG9,CELEBRITY MERCURY,16,SITKA
2008-07-25T06:04:02,249053000,58.20405,-135.2774667,0,293.0,19.1,293,9106302,9HJG9,CELEBRITY MERCURY,16,SITKA
2008-07-25T06:03:55,249053000,58.2038,-135.2762167,0,293.0,19.1,293,9106302,9HJG9,CELEBRITY MERCURY,16,SITKA
2008-07-25T06:03:49,249053000,58.20363333,-135.2754667,0,293.2,19.1,293,9106302,9HJG9,CELEBRITY MERCURY,16,SITKA
2008-07-25T06:03:43,249053000,58.20341667,-135.2745667,0,293.0,19.1,293,9106302,9HJG9,CELEBRITY MERCURY,16,SITKA
2008-07-25T06:03:37,249053000,58.20321667,-135.27365,0,293.0,19.1,293,9106302,9HJG9,CELEBRITY MERCURY,16,SITKA
2008-07-25T06:03:37,249053000,58.20305,-135.27295,0,0.0,0.0,0,9106302,9HJG9,CELEBRITY MERCURY,16,SITKA
2008-07-25T06:03:32,249053000,58.20305,-135.27295,0,293.0,19.1,293,9106302,9HJG9,CELEBRITY MERCURY,16,SITKA
2008-07-25T06:03:25,249053000,58.20278333,-135.2716833,0,293.0,19.1,293,9106302,9HJG9,CELEBRITY MERCURY,16,SITKA
2008-07-25T06:03:19,249053000,58.2024,-135.2700333,0,293.0,19.1,293,9106302,9HJG9,CELEBRITY MERCURY,16,SITKA
2008-07-25T06:03:14,249053000,58.20236667,-135.2699167,0,293.0,19.1,293,9106302,9HJG9,CELEBRITY MERCURY,16,SITKA
2008-07-25T06:03:02,249053000,58.202,-135.26825,0,293.3,18.9,293,9106302,9HJG9,CELEBRITY MERCURY,16,SITKA
2008-07-25T06:02:55,249053000,58.20175,-135.26715,0,293.3,18.9,293,9106302,9HJG9,CELEBRITY MERCURY,16,SITKA
2008-07-25T06:02:50,249053000,58.20156667,-135.26625,0,293.3,18.9,293,9106302,9HJG9,CELEBRITY MERCURY,16,SITKA
2008-07-25T06:02:33,249053000,58.20095,-135.2637167,0,293.6,18.9,293,9106302,9HJG9,CELEBRITY MERCURY,16,SITKA
2008-07-25T06:02:25,249053000,58.20071667,-135.2626167,0,293.3,18.9,293,9106302,9HJG9,CELEBRITY MERCURY,16,SITKA
2008-07-25T06:02:19,249053000,58.20048333,-135.2615667,0,293.3,18.9,293,9106302,9HJG9,CELEBRITY MERCURY,16,SITKA
2008-07-25T06:02:15,249053000,58.20026667,-135.2606333,0,293.3,18.9,293,9106302,9HJG9,CELEBRITY MERCURY,16,SITKA
2008-07-25T06:02:07,249053000,58.20005,-135.2597333,0,293.3,18.9,293,9106302,9HJG9,CELEBRITY MERCURY,16,SITKA
2008-07-25T06:02:02,249053000,58.19986667,-135.259,0,293.3,18.9,293,9106302,9HJG9,CELEBRITY MERCURY,16,SITKA
2008-07-25T06:01:50,249053000,58.19935,-135.2567333,0,293.3,18.9,293,9106302,9HJG9,CELEBRITY MERCURY,16,SITKA
2008-07-25T06:01:43,249053000,58.19921667,-135.2561167,0,293.3,18.9,293,9106302,9HJG9,CELEBRITY MERCURY,16,SITKA
2008-07-25T06:01:37,249053000,58.19905,-135.2554167,0,293.3,18.9,293,9106302,9HJG9,CELEBRITY MERCURY,16,SITKA
2008-07-25T06:01:32,249053000,58.1988,-135.25435,0,293.3,18.9,293,9106302,9HJG9,CELEBRITY MERCURY,16,SITKA
2008-07-25T06:01:25,249053000,58.1986,-135.2534667,0,293.6,18.8,293,9106302,9HJG9,CELEBRITY MERCURY,16,SITKA
2008-07-25T06:01:19,249053000,58.19838333,-135.2525667,0,293.3,18.8,293,9106302,9HJG9,CELEBRITY MERCURY,16,SITKA
2008-07-25T06:01:14,249053000,58.19813333,-135.2513833,0,293.0,18.9,293,9106302,9HJG9,CELEBRITY MERCURY,16,SITKA
2008-07-25T06:01:07,249053000,58.19791667,-135.25045,0,293.0,18.9,293,9106302,9HJG9,CELEBRITY MERCURY,16,SITKA
2008-07-25T06:01:02,249053000,58.19778333,-135.2498833,0,293.3,18.8,293,9106302,9HJG9,CELEBRITY MERCURY,16,SITKA
2008-07-25T06:00:50,249053000,58.19731667,-135.2477833,0,293.3,18.8,293,9106302,9HJG9,CELEBRITY MERCURY,16,SITKA
2008-07-25T06:00:43,249053000,58.19711667,-135.2468833,0,293.0,18.8,293,9106302,9HJG9,CELEBRITY MERCURY,16,SITKA
2008-07-25T06:00:37,249053000,58.1969,-135.246,0,293.3,18.8,293,9106302,9HJG9,CELEBRITY MERCURY,16,SITKA
2008-07-25T06:00:32,249053000,58.1967,-135.2451333,0,293.6,18.8,293,9106302,9HJG9,CELEBRITY MERCURY,16,SITKA
2008-07-25T06:00:25,249053000,58.19636667,-135.2436,0,293.6,18.8,293,9106302,9HJG9,CELEBRITY MERCURY,16,SITKA
2008-07-25T06:00:19,249053000,58.1963,-135.2433333,0,293.3,18.8,293,9106302,9HJG9,CELEBRITY MERCURY,16,SITKA
2008-07-25T06:00:13,249053000,58.1961,-135.24245,0,293.3,18.8,293,9106302,9HJG9,CELEBRITY MERCURY,16,SITKA
2008-07-25T06:00:07,249053000,58.19586667,-135.2413833,0,293.3,18.8,293,9106302,9HJG9,CELEBRITY MERCURY,16,SITKA
2008-07-25T05:59:55,249053000,58.19545,-135.2395833,0,293.9,18.8,293,9106302,9HJG9,CELEBRITY MERCURY,16,SITKA
2008-07-25T05:59:50,249053000,58.19523333,-135.2387,0,293.9,18.8,293,9106302,9HJG9,CELEBRITY MERCURY,16,SITKA
2008-07-25T05:59:43,249053000,58.195,-135.23765,0,294.9,18.8,294,9106302,9HJG9,CELEBRITY MERCURY,16,SITKA
2008-07-25T05:59:37,249053000,58.19486667,-135.2371,0,294.9,18.8,294,9106302,9HJG9,CELEBRITY MERCURY,16,SITKA
2008-07-25T05:59:32,249053000,58.19463333,-135.2360667,0,295.9,18.8,295,9106302,9HJG9,CELEBRITY MERCURY,16,SITKA
2008-07-25T05:59:25,249053000,58.19445,-135.2353333,0,295.9,18.8,295,9106302,9HJG9,CELEBRITY MERCURY,16,SITKA
2008-07-25T05:59:19,249053000,58.19415,-135.2341667,0,296.9,18.8,296,9106302,9HJG9,CELEBRITY MERCURY,16,SITKA
2008-07-25T05:59:13,249053000,58.19391667,-135.2333,0,296.3,18.8,296,9106302,9HJG9,CELEBRITY MERCURY,16,SITKA
2008-07-25T05:59:07,249053000,58.19365,-135.2322833,0,297.0,18.8,297,9106302,9HJG9,CELEBRITY MERCURY,16,SITKA
2008-07-25T05:59:02,249053000,58.19351667,-135.23175,0,297.0,18.8,297,9106302,9HJG9,CELEBRITY MERCURY,16,SITKA
2008-07-25T05:58:55,249053000,58.1932,-135.2305833,0,297.0,18.8,297,9106302,9HJG9,CELEBRITY MERCURY,16,SITKA
2008-07-25T05:58:50,249053000,58.19296667,-135.2297167,0,297.0,18.8,297,9106302,9HJG9,CELEBRITY MERCURY,16,SITKA
2008-07-25T05:58:33,249053000,58.19233333,-135.2273333,0,296.6,18.8,297,9106302,9HJG9,CELEBRITY MERCURY,16,SITKA
2008-07-25T05:58:27,249053000,58.19198333,-135.2260333,0,296.6,18.8,297,9106302,9HJG9,CELEBRITY MERCURY,16,SITKA
2008-07-25T05:58:19,249053000,58.19181667,-135.2254167,0,296.6,18.8,297,9106302,9HJG9,CELEBRITY MERCURY,16,SITKA
2008-07-25T05:58:14,249053000,58.1916,-135.2246,0,296.6,18.8,297,9106302,9HJG9,CELEBRITY MERCURY,16,SITKA
2008-07-25T05:58:07,249053000,58.19135,-135.2237167,0,296.6,18.8,297,9106302,9HJG9,CELEBRITY MERCURY,16,SITKA
2008-07-25T05:58:02,249053000,58.19113333,-135.2228833,0,296.6,18.8,297,9106302,9HJG9,CELEBRITY MERCURY,16,SITKA
2008-07-25T05:57:55,249053000,58.1909,-135.222,0,296.6,18.8,297,9106302,9HJG9,CELEBRITY MERCURY,16,SITKA
2008-07-25T05:57:50,249053000,58.19066667,-135.22115,0,296.6,18.8,297,9106302,9HJG9,CELEBRITY MERCURY,16,SITKA
2008-07-25T05:57:43,249053000,58.19035,-135.2199667,0,296.3,18.9,297,9106302,9HJG9,CELEBRITY MERCURY,16,SITKA
2008-07-25T05:57:38,249053000,58.1902,-135.2194333,0,296.3,18.9,297,9106302,9HJG9,CELEBRITY MERCURY,16,SITKA
2008-07-25T05:57:35,249053000,58.18983333,-135.21795,0,0.0,0.0,0,9106302,9HJG9,CELEBRITY MERCURY,16,SITKA
2008-07-25T05:57:32,249053000,58.18983333,-135.21795,0,296.3,18.9,297,9106302,9HJG9,CELEBRITY MERCURY,16,SITKA
2008-07-25T05:57:25,249053000,58.18975,-135.2177,0,296.3,18.8,297,9106302,9HJG9,CELEBRITY MERCURY,16,SITKA
2008-07-25T05:57:19,249053000,58.18948333,-135.21665,0,296.3,18.9,297,9106302,9HJG9,CELEBRITY MERCURY,16,SITKA
2008-07-25T05:57:14,249053000,58.1892,-135.2156667,0,296.3,18.8,297,9106302,9HJG9,CELEBRITY MERCURY,16,SITKA
2008-07-25T05:57:07,249053000,58.18898333,-135.2148167,0,296.3,18.9,297,9106302,9HJG9,CELEBRITY MERCURY,16,SITKA
2008-07-25T05:57:02,249053000,58.18871667,-135.2138167,0,296.3,18.9,297,9106302,9HJG9,CELEBRITY MERCURY,16,SITKA
2008-07-25T05:56:55,249053000,58.18851667,-135.21305,0,296.3,18.9,297,9106302,9HJG9,CELEBRITY MERCURY,16,SITKA
2008-07-25T05:56:50,249053000,58.18828333,-135.2122167,0,296.3,18.8,297,9106302,9HJG9,CELEBRITY MERCURY,16,SITKA
2008-07-25T05:56:43,249053000,58.18803333,-135.2111833,0,296.3,18.8,297,9106302,9HJG9,CELEBRITY MERCURY,16,SITKA
2008-07-25T05:56:32,249053000,58.18766667,-135.2097667,0,296.0,18.9,297,9106302,9HJG9,CELEBRITY MERCURY,16,SITKA
2008-07-25T05:56:25,249053000,58.1874,-135.20875,0,296.0,18.8,297,9106302,9HJG9,CELEBRITY MERCURY,16,SITKA
2008-07-25T05:56:19,249053000,58.18706667,-135.20755,0,296.0,18.8,297,9106302,9HJG9,CELEBRITY MERCURY,16,SITKA
2008-07-25T05:56:13,249053000,58.18688333,-135.20685,0,296.3,18.8,297,9106302,9HJG9,CELEBRITY MERCURY,16,SITKA
2008-07-25T05:56:07,249053000,58.18665,-135.2059833,0,296.0,18.9,297,9106302,9HJG9,CELEBRITY MERCURY,16,SITKA
2008-07-25T05:56:02,249053000,58.18643333,-135.2051833,0,296.0,18.9,297,9106302,9HJG9,CELEBRITY MERCURY,16,SITKA
2008-07-25T05:55:55,249053000,58.18621667,-135.2042667,0,296.0,18.9,297,9106302,9HJG9,CELEBRITY MERCURY,16,SITKA
2008-07-25T05:55:49,249053000,58.18598333,-135.2034,0,296.3,18.9,297,9106302,9HJG9,CELEBRITY MERCURY,16,SITKA
2008-07-25T05:55:43,249053000,58.18571667,-135.2023833,0,296.0,18.9,297,9106302,9HJG9,CELEBRITY MERCURY,16,SITKA
2008-07-25T05:55:37,249053000,58.18543333,-135.2013667,0,296.3,18.9,297,9106302,9HJG9,CELEBRITY MERCURY,16,SITKA
2008-07-25T05:55:32,249053000,58.1853,-135.2007833,0,296.3,18.9,297,9106302,9HJG9,CELEBRITY MERCURY,16,SITKA
2008-07-25T05:55:25,249053000,58.18501667,-135.19975,0,296.3,18.9,297,9106302,9HJG9,CELEBRITY MERCURY,16,SITKA
2008-07-25T05:55:19,249053000,58.18478333,-135.1988833,0,296.0,18.9,297,9106302,9HJG9,CELEBRITY MERCURY,16,SITKA
2008-07-25T05:55:13,249053000,58.18456667,-135.1980333,0,296.0,18.9,297,9106302,9HJG9,CELEBRITY MERCURY,16,SITKA
2008-07-25T05:55:07,249053000,58.1843,-135.197,0,295.7,18.9,297,9106302,9HJG9,CELEBRITY MERCURY,16,SITKA
2008-07-25T05:55:02,249053000,58.18411667,-135.1963333,0,296.0,18.9,297,9106302,9HJG9,CELEBRITY MERCURY,16,SITKA
2008-07-25T05:54:55,249053000,58.1838,-135.1951667,0,296.0,18.9,297,9106302,9HJG9,CELEBRITY MERCURY,16,SITKA
2008-07-25T05:54:49,249053000,58.18358333,-135.19425,0,296.0,18.9,297,9106302,9HJG9,CELEBRITY MERCURY,16,SITKA
2008-07-25T05:54:43,249053000,58.18338333,-135.1935333,0,296.0,18.9,297,9106302,9HJG9,CELEBRITY MERCURY,16,SITKA
2008-07-25T05:54:32,249053000,58.18303333,-135.19215,0,296.0,18.9,297,9106302,9HJG9,CELEBRITY MERCURY,16,SITKA
2008-07-25T05:54:25,249053000,58.18273333,-135.1909333,0,296.0,18.9,297,9106302,9HJG9,CELEBRITY MERCURY,16,SITKA
2008-07-25T05:54:13,249053000,58.18215,-135.1887333,0,296.0,18.9,297,9106302,9HJG9,CELEBRITY MERCURY,16,SITKA
2008-07-25T05:54:07,249053000,58.18205,-135.1883333,0,296.0,18.9,297,9106302,9HJG9,CELEBRITY MERCURY,16,SITKA
2008-07-25T05:54:02,249053000,58.18185,-135.1876333,0,296.0,18.9,297,9106302,9HJG9,CELEBRITY MERCURY,16,SITKA
2008-07-25T05:53:55,249053000,58.18158333,-135.1865667,0,296.0,18.9,297,9106302,9HJG9,CELEBRITY MERCURY,16,SITKA
2008-07-25T05:53:49,249053000,58.18135,-135.1857,0,296.0,18.9,297,9106302,9HJG9,CELEBRITY MERCURY,16,SITKA
2008-07-25T05:53:43,249053000,58.18108333,-135.1846667,0,296.0,18.9,297,9106302,9HJG9,CELEBRITY MERCURY,16,SITKA
2008-07-25T05:53:37,249053000,58.18085,-135.18375,0,296.0,18.9,297,9106302,9HJG9,CELEBRITY MERCURY,16,SITKA
2008-07-25T05:53:32,249053000,58.1806,-135.1827667,0,296.0,18.9,297,9106302,9HJG9,CELEBRITY MERCURY,16,SITKA
2008-07-25T05:53:25,249053000,58.18035,-135.18185,0,296.0,18.9,297,9106302,9HJG9,CELEBRITY MERCURY,16,SITKA
2008-07-25T05:53:19,249053000,58.18013333,-135.1809833,0,296.0,18.9,297,9106302,9HJG9,CELEBRITY MERCURY,16,SITKA
2008-07-25T05:53:13,249053000,58.17973333,-135.1795167,0,295.7,18.9,297,9106302,9HJG9,CELEBRITY MERCURY,16,SITKA
2008-07-25T05:53:07,249053000,58.17971667,-135.1794167,0,296.0,18.9,297,9106302,9HJG9,CELEBRITY MERCURY,16,SITKA
2008-07-25T05:53:02,249053000,58.17948333,-135.1785167,0,296.3,18.9,297,9106302,9HJG9,CELEBRITY MERCURY,16,SITKA
2008-07-25T05:52:55,249053000,58.17926667,-135.17765,0,296.3,18.9,297,9106302,9HJG9,CELEBRITY MERCURY,16,SITKA
2008-07-25T05:52:49,249053000,58.17885,-135.17605,0,296.6,18.9,297,9106302,9HJG9,CELEBRITY MERCURY,16,SITKA
2008-07-25T05:52:37,249053000,58.17855,-135.1748833,0,296.3,18.9,297,9106302,9HJG9,CELEBRITY MERCURY,16,SITKA
2008-07-25T05:52:32,249053000,58.17835,-135.1741833,0,296.3,18.9,297,9106302,9HJG9,CELEBRITY MERCURY,16,SITKA
2008-07-25T05:52:25,249053000,58.17808333,-135.1731,0,296.3,18.9,297,9106302,9HJG9,CELEBRITY MERCURY,16,SITKA
2008-07-25T05:52:19,249053000,58.1778,-135.1720833,0,296.3,18.9,297,9106302,9HJG9,CELEBRITY MERCURY,16,SITKA
2008-07-25T05:52:13,249053000,58.17758333,-135.1712,0,296.3,18.9,297,9106302,9HJG9,CELEBRITY MERCURY,16,SITKA
2008-07-25T05:52:07,249053000,58.17726667,-135.1700333,0,296.4,19.1,297,9106302,9HJG9,CELEBRITY MERCURY,16,SITKA
2008-07-25T05:52:02,249053000,58.17711667,-135.16945,0,296.4,19.1,297,9106302,9HJG9,CELEBRITY MERCURY,16,SITKA
2008-07-25T05:51:55,249053000,58.17685,-135.1684167,0,296.3,18.9,297,9106302,9HJG9,CELEBRITY MERCURY,16,SITKA
2008-07-25T05:51:49,249053000,58.17665,-135.1677,0,296.3,18.9,297,9106302,9HJG9,CELEBRITY MERCURY,16,SITKA
2008-07-25T05:51:43,249053000,58.17636667,-135.1666167,0,296.3,18.9,297,9106302,9HJG9,CELEBRITY MERCURY,16,SITKA
2008-07-25T05:51:37,249053000,58.17615,-135.1657833,0,296.0,18.9,297,9106302,9HJG9,CELEBRITY MERCURY,16,SITKA
2008-07-25T05:51:36,249053000,58.176,-135.1652333,0,0.0,0.0,0,9106302,9HJG9,CELEBRITY MERCURY,16,SITKA
2008-07-25T05:51:32,249053000,58.176,-135.1652333,0,296.0,18.9,297,9106302,9HJG9,CELEBRITY MERCURY,16,SITKA
2008-07-25T05:51:25,249053000,58.17565,-135.16385,0,296.0,18.9,297,9106302,9HJG9,CELEBRITY MERCURY,16,SITKA
2008-07-25T05:51:19,249053000,58.17541667,-135.1629667,0,296.0,18.9,297,9106302,9HJG9,CELEBRITY MERCURY,16,SITKA
2008-07-25T05:51:13,249053000,58.17518333,-135.1621,0,296.0,18.9,297,9106302,9HJG9,CELEBRITY MERCURY,16,SITKA
2008-07-25T05:51:07,249053000,58.17496667,-135.1612333,0,296.0,18.9,297,9106302,9HJG9,CELEBRITY MERCURY,16,SITKA
2008-07-25T05:51:02,249053000,58.17481667,-135.1606833,0,295.7,18.9,297,9106302,9HJG9,CELEBRITY MERCURY,16,SITKA
2008-07-25T05:50:55,249053000,58.17451667,-135.1594833,0,295.7,18.9,297,9106302,9HJG9,CELEBRITY MERCURY,16,SITKA
2008-07-25T05:50:49,249053000,58.17426667,-135.1586167,0,295.7,18.9,297,9106302,9HJG9,CELEBRITY MERCURY,16,SITKA
2008-07-25T05:50:43,249053000,58.17391667,-135.1571333,0,295.7,18.9,297,9106302,9HJG9,CELEBRITY MERCURY,16,SITKA
2008-07-25T05:50:37,249053000,58.17383333,-135.15685,0,295.7,18.9,297,9106302,9HJG9,CELEBRITY MERCURY,16,SITKA
2008-07-25T05:50:32,249053000,58.17366667,-135.1561667,0,295.4,18.9,297,9106302,9HJG9,CELEBRITY MERCURY,16,SITKA
2008-07-25T05:50:25,249053000,58.1734,-135.1551,0,295.7,18.9,297,9106302,9HJG9,CELEBRITY MERCURY,16,SITKA
2008-07-25T05:50:19,249053000,58.17301667,-135.15365,0,295.7,18.9,297,9106302,9HJG9,CELEBRITY MERCURY,16,SITKA
2008-07-25T05:50:13,249053000,58.17291667,-135.1532,0,295.7,18.9,297,9106302,9HJG9,CELEBRITY MERCURY,16,SITKA
2008-07-25T05:50:07,249053000,58.17273333,-135.1524667,0,296.0,18.9,297,9106302,9HJG9,CELEBRITY MERCURY,16,SITKA
2008-07-25T05:50:02,249053000,58.17243333,-135.1513167,0,295.7,18.9,297,9106302,9HJG9,CELEBRITY MERCURY,16,SITKA
2008-07-25T05:49:55,249053000,58.17223333,-135.1505833,0,295.7,18.9,297,9106302,9HJG9,CELEBRITY MERCURY,16,SITKA
2008-07-25T05:49:49,249053000,58.17196667,-135.1495667,0,295.4,18.9,297,9106302,9HJG9,CELEBRITY MERCURY,16,SITKA
2008-07-25T05:49:43,249053000,58.17176667,-135.1486833,0,295.4,18.9,297,9106302,9HJG9,CELEBRITY MERCURY,16,SITKA
2008-07-25T05:49:37,249053000,58.17156667,-135.1479833,0,295.4,18.9,297,9106302,9HJG9,CELEBRITY MERCURY,16,SITKA
2008-07-25T05:49:32,249053000,58.1714,-135.1472833,0,295.4,18.9,297,9106302,9HJG9,CELEBRITY MERCURY,16,SITKA
2008-07-25T05:49:25,249053000,58.17113333,-135.1462167,0,295.1,18.9,297,9106302,9HJG9,CELEBRITY MERCURY,16,SITKA
2008-07-25T05:49:19,249053000,58.17083333,-135.14505,0,295.1,18.9,297,9106302,9HJG9,CELEBRITY MERCURY,16,SITKA
2008-07-25T05:49:13,249053000,58.17063333,-135.1442833,0,295.1,18.9,297,9106302,9HJG9,CELEBRITY MERCURY,16,SITKA
2008-07-25T05:49:07,249053000,58.17041667,-135.1434333,0,294.8,18.9,297,9106302,9HJG9,CELEBRITY MERCURY,16,SITKA
2008-07-25T05:49:02,249053000,58.17025,-135.1427167,0,295.1,18.9,297,9106302,9HJG9,CELEBRITY MERCURY,16,SITKA
2008-07-25T05:48:55,249053000,58.16998333,-135.1416667,0,294.8,18.9,297,9106302,9HJG9,CELEBRITY MERCURY,16,SITKA
2008-07-25T05:48:49,249053000,58.16976667,-135.14075,0,294.8,18.9,297,9106302,9HJG9,CELEBRITY MERCURY,16,SITKA
2008-07-25T05:48:44,249053000,58.1696,-135.1400667,0,294.8,18.9,297,9106302,9HJG9,CELEBRITY MERCURY,16,SITKA
2008-07-25T05:48:37,249053000,58.16918333,-135.1383667,0,293.8,18.9,296,9106302,9HJG9,CELEBRITY MERCURY,16,SITKA
2008-07-25T05:48:32,249053000,58.16908333,-135.1379333,0,294.1,18.9,296,9106302,9HJG9,CELEBRITY MERCURY,16,SITKA
2008-07-25T05:48:25,249053000,58.16886667,-135.1370333,0,293.1,18.9,295,9106302,9HJG9,CELEBRITY MERCURY,16,SITKA
2008-07-25T05:48:19,249053000,58.16866667,-135.1361333,0,293.4,18.9,295,9106302,9HJG9,CELEBRITY MERCURY,16,SITKA
2008-07-25T05:48:13,249053000,58.16845,-135.1352333,0,293.1,18.9,295,9106302,9HJG9,CELEBRITY MERCURY,16,SITKA
2008-07-25T05:48:08,249053000,58.16821667,-135.13415,0,293.1,18.9,295,9106302,9HJG9,CELEBRITY MERCURY,16,SITKA
2008-07-25T05:48:02,249053000,58.16803333,-135.1334333,0,293.1,18.9,295,9106302,9HJG9,CELEBRITY MERCURY,16,SITKA
2008-07-25T05:47:55,249053000,58.1677,-135.1319333,0,293.1,18.9,295,9106302,9HJG9,CELEBRITY MERCURY,16,SITKA
2008-07-25T05:47:49,249053000,58.16756667,-135.1313,0,292.8,18.9,295,9106302,9HJG9,CELEBRITY MERCURY,16,SITKA
2008-07-25T05:47:44,249053000,58.1674,-135.1306,0,293.1,18.9,295,9106302,9HJG9,CELEBRITY MERCURY,16,SITKA
2008-07-25T05:47:37,249053000,58.1672,-135.1297167,0,292.8,18.9,295,9106302,9HJG9,CELEBRITY MERCURY,16,SITKA
2008-07-25T05:47:32,249053000,58.167,-135.1288333,0,292.8,18.9,295,9106302,9HJG9,CELEBRITY MERCURY,16,SITKA
2008-07-25T05:47:25,249053000,58.16671667,-135.1276,0,293.1,18.9,295,9106302,9HJG9,CELEBRITY MERCURY,16,SITKA
2008-07-25T05:47:19,249053000,58.16658333,-135.1270167,0,293.1,18.9,295,9106302,9HJG9,CELEBRITY MERCURY,16,SITKA
2008-07-25T05:47:14,249053000,58.16626667,-135.12565,0,293.1,18.8,295,9106302,9HJG9,CELEBRITY MERCURY,16,SITKA
2008-07-25T05:47:07,249053000,58.16618333,-135.1252167,0,293.1,18.8,295,9106302,9HJG9,CELEBRITY MERCURY,16,SITKA
2008-07-25T05:47:01,249053000,58.16598333,-135.1243167,0,293.1,18.8,295,9106302,9HJG9,CELEBRITY MERCURY,16,SITKA
2008-07-25T05:46:56,249053000,58.16578333,-135.1234667,0,293.1,18.8,295,9106302,9HJG9,CELEBRITY MERCURY,16,SITKA
2008-07-25T05:46:44,249053000,58.16533333,-135.1215167,0,293.1,18.8,295,9106302,9HJG9,CELEBRITY MERCURY,16,SITKA
2008-07-25T05:46:37,249053000,58.16513333,-135.1206333,0,292.8,18.7,295,9106302,9HJG9,CELEBRITY MERCURY,16,SITKA
2008-07-25T05:46:32,249053000,58.16488333,-135.1194833,0,293.1,18.7,295,9106302,9HJG9,CELEBRITY MERCURY,16,SITKA
2008-07-25T05:46:26,249053000,58.16475,-135.1188833,0,293.1,18.7,295,9106302,9HJG9,CELEBRITY MERCURY,16,SITKA
2008-07-25T05:46:19,249053000,58.1645,-135.1178333,0,293.1,18.7,295,9106302,9HJG9,CELEBRITY MERCURY,16,SITKA
2008-07-25T05:46:13,249053000,58.1643,-135.1169667,0,293.1,18.7,295,9106302,9HJG9,CELEBRITY MERCURY,16,SITKA
2008-07-25T05:46:07,249053000,58.16406667,-135.1159,0,293.4,18.6,295,9106302,9HJG9,CELEBRITY MERCURY,16,SITKA
2008-07-25T05:46:01,249053000,58.16375,-135.1146167,0,293.4,18.6,295,9106302,9HJG9,CELEBRITY MERCURY,16,SITKA
2008-07-25T05:45:56,249053000,58.16366667,-135.1141833,0,293.1,18.6,295,9106302,9HJG9,CELEBRITY MERCURY,16,SITKA
2008-07-25T05:45:49,249053000,58.16343333,-135.1131167,0,292.8,18.5,295,9106302,9HJG9,CELEBRITY MERCURY,16,SITKA
2008-07-25T05:45:44,249053000,58.16328333,-135.1125833,0,292.8,18.5,295,9106302,9HJG9,CELEBRITY MERCURY,16,SITKA
2008-07-25T05:45:37,249053000,58.16305,-135.11155,0,292.8,18.5,295,9106302,9HJG9,CELEBRITY MERCURY,16,SITKA
2008-07-25T05:45:34,249053000,58.16295,-135.1110167,0,0.0,0.0,0,9106302,9HJG9,CELEBRITY MERCURY,16,SITKA
2008-07-25T05:45:32,249053000,58.16295,-135.1110167,0,292.5,18.5,295,9106302,9HJG9,CELEBRITY MERCURY,16,SITKA
2008-07-25T05:45:25,249053000,58.16266667,-135.1098167,0,292.5,18.4,295,9106302,9HJG9,CELEBRITY MERCURY,16,SITKA
2008-07-25T05:45:19,249053000,58.16246667,-135.10895,0,292.5,18.4,295,9106302,9HJG9,CELEBRITY MERCURY,16,SITKA
2008-07-25T05:45:13,249053000,58.16231667,-135.10825,0,292.5,18.4,295,9106302,9HJG9,CELEBRITY MERCURY,16,SITKA
2008-07-25T05:45:07,249053000,58.16201667,-135.1069,0,292.7,18.2,295,9106302,9HJG9,CELEBRITY MERCURY,16,SITKA
2008-07-25T05:45:01,249053000,58.16193333,-135.1065,0,292.7,18.2,295,9106302,9HJG9,CELEBRITY MERCURY,16,SITKA
2008-07-25T05:44:56,249053000,58.16173333,-135.1056333,0,292.7,18.2,295,9106302,9HJG9,CELEBRITY MERCURY,16,SITKA
2008-07-25T05:44:49,249053000,58.16148333,-135.1045833,0,292.4,18.2,295,9106302,9HJG9,CELEBRITY MERCURY,16,SITKA
2008-07-25T05:44:44,249053000,58.16126667,-135.1035667,0,292.4,18.2,295,9106302,9HJG9,CELEBRITY MERCURY,16,SITKA
2008-07-25T05:44:37,249053000,58.16106667,-135.1027167,0,292.4,18.1,295,9106302,9HJG9,CELEBRITY MERCURY,16,SITKA
2008-07-25T05:44:32,249053000,58.16085,-135.1017167,0,292.1,18.0,295,9106302,9HJG9,CELEBRITY MERCURY,16,SITKA
2008-07-25T05:44:25,249053000,58.16061667,-135.10065,0,292.1,18.0,295,9106302,9HJG9,CELEBRITY MERCURY,16,SITKA
2008-07-25T05:44:19,249053000,58.16046667,-135.0999333,0,292.1,18.0,295,9106302,9HJG9,CELEBRITY MERCURY,16,SITKA
2008-07-25T05:44:14,249053000,58.16031667,-135.0992667,0,292.1,17.9,295,9106302,9HJG9,CELEBRITY MERCURY,16,SITKA
2008-07-25T05:44:07,249053000,58.16008333,-135.0982167,0,293.1,17.8,296,9106302,9HJG9,CELEBRITY MERCURY,16,SITKA
2008-07-25T05:44:01,249053000,58.1599,-135.0974167,0,292.0,17.7,295,9106302,9HJG9,CELEBRITY MERCURY,16,SITKA
2008-07-25T05:43:56,249053000,58.15976667,-135.0967333,0,291.7,17.7,295,9106302,9HJG9,CELEBRITY MERCURY,16,SITKA
2008-07-25T05:43:49,249053000,58.15953333,-135.0957333,0,291.7,17.7,295,9106302,9HJG9,CELEBRITY MERCURY,16,SITKA
2008-07-25T05:43:44,249053000,58.15928333,-135.0944667,0,291.7,17.5,295,9106302,9HJG9,CELEBRITY MERCURY,16,SITKA
2008-07-25T05:43:37,249053000,58.15916667,-135.0940333,0,292.7,17.5,296,9106302,9HJG9,CELEBRITY MERCURY,16,SITKA
2008-07-25T05:43:31,249053000,58.15896667,-135.0930833,0,291.4,17.5,296,9106302,9HJG9,CELEBRITY MERCURY,16,SITKA
2008-07-25T05:43:25,249053000,58.15881667,-135.0923667,0,291.3,17.4,295,9106302,9HJG9,CELEBRITY MERCURY,16,SITKA
2008-07-25T05:43:19,249053000,58.15861667,-135.0913833,0,292.0,17.4,296,9106302,9HJG9,CELEBRITY MERCURY,16,SITKA
2008-07-25T05:43:14,249053000,58.15848333,-135.0907333,0,292.0,17.4,296,9106302,9HJG9,CELEBRITY MERCURY,16,SITKA
2008-07-25T05:43:07,249053000,58.15823333,-135.0895667,0,291.0,17.3,295,9106302,9HJG9,CELEBRITY MERCURY,16,SITKA
2008-07-25T05:43:01,249053000,58.15811667,-135.0890667,0,291.0,17.3,295,9106302,9HJG9,CELEBRITY MERCURY,16,SITKA
2008-07-25T05:42:56,249053000,58.15793333,-135.0882,0,290.6,17.2,295,9106302,9HJG9,CELEBRITY MERCURY,16,SITKA
2008-07-25T05:42:49,249053000,58.15773333,-135.0872,0,290.9,17.1,296,9106302,9HJG9,CELEBRITY MERCURY,16,SITKA
2008-07-25T05:42:43,249053000,58.15758333,-135.0863833,0,289.9,17.0,295,9106302,9HJG9,CELEBRITY MERCURY,16,SITKA
2008-07-25T05:42:37,249053000,58.15738333,-135.0854,0,289.9,17.0,295,9106302,9HJG9,CELEBRITY MERCURY,16,SITKA
2008-07-25T05:42:31,249053000,58.15725,-135.0847167,0,289.9,17.0,295,9106302,9HJG9,CELEBRITY MERCURY,16,SITKA
2008-07-25T05:42:25,249053000,58.15706667,-135.08375,0,289.5,16.8,295,9106302,9HJG9,CELEBRITY MERCURY,16,SITKA
2008-07-25T05:42:19,249053000,58.1569,-135.0829333,0,289.1,16.8,295,9106302,9HJG9,CELEBRITY MERCURY,16,SITKA
2008-07-25T05:42:14,249053000,58.15671667,-135.0819667,0,288.9,17.0,295,9106302,9HJG9,CELEBRITY MERCURY,16,SITKA
2008-07-25T05:42:07,249053000,58.1566,-135.0812833,0,287.9,17.0,294,9106302,9HJG9,CELEBRITY MERCURY,16,SITKA
2008-07-25T05:42:01,249053000,58.15643333,-135.0804667,0,287.9,17.0,294,9106302,9HJG9,CELEBRITY MERCURY,16,SITKA
2008-07-25T05:41:56,249053000,58.15631667,-135.0798,0,287.9,17.0,294,9106302,9HJG9,CELEBRITY MERCURY,16,SITKA
2008-07-25T05:41:49,249053000,58.15615,-135.0788167,0,286.9,17.0,293,9106302,9HJG9,CELEBRITY MERCURY,16,SITKA
2008-07-25T05:41:37,249053000,58.15586667,-135.0770167,0,284.5,17.0,292,9106302,9HJG9,CELEBRITY MERCURY,16,SITKA
2008-07-25T05:41:31,249053000,58.1557,-135.0758833,0,284.5,17.0,291,9106302,9HJG9,CELEBRITY MERCURY,16,SITKA
2008-07-25T05:41:25,249053000,58.15561667,-135.0753167,0,283.9,17.1,290,9106302,9HJG9,CELEBRITY MERCURY,16,SITKA
2008-07-25T05:41:19,249053000,58.1555,-135.07445,0,282.9,17.0,289,9106302,9HJG9,CELEBRITY MERCURY,16,SITKA
2008-07-25T05:41:13,249053000,58.15538333,-135.07345,0,282.9,17.1,289,9106302,9HJG9,CELEBRITY MERCURY,16,SITKA
2008-07-25T05:41:07,249053000,58.15526667,-135.0727667,0,281.6,17.1,288,9106302,9HJG9,CELEBRITY MERCURY,16,SITKA
2008-07-25T05:41:01,249053000,58.15518333,-135.0720667,0,281.2,17.1,288,9106302,9HJG9,CELEBRITY MERCURY,16,SITKA
2008-07-25T05:40:49,249053000,58.15493333,-135.0696,0,278.9,17.2,286,9106302,9HJG9,CELEBRITY MERCURY,16,SITKA
2008-07-25T05:40:43,249053000,58.15488333,-135.0691667,0,277.9,17.2,285,9106302,9HJG9,CELEBRITY MERCURY,16,SITKA
2008-07-25T05:40:37,249053000,58.1548,-135.0683,0,277.6,17.2,284,9106302,9HJG9,CELEBRITY MERCURY,16,SITKA
2008-07-25T05:40:31,249053000,58.15473333,-135.0674,0,275.3,17.3,283,9106302,9HJG9,CELEBRITY MERCURY,16,SITKA
2008-07-25T05:40:25,249053000,58.15466667,-135.0663833,0,274.3,17.3,281,9106302,9HJG9,CELEBRITY MERCURY,16,SITKA
2008-07-25T05:40:19,249053000,58.15463333,-135.0656167,0,273.4,17.4,280,9106302,9HJG9,CELEBRITY MERCURY,16,SITKA
2008-07-25T05:40:13,249053000,58.1546,-135.0645833,0,272.7,17.4,279,9106302,9HJG9,CELEBRITY MERCURY,16,SITKA
2008-07-25T05:40:07,249053000,58.15455,-135.06325,0,270.1,17.5,277,9106302,9HJG9,CELEBRITY MERCURY,16,SITKA
2008-07-25T05:40:02,249053000,58.15455,-135.0629833,0,270.0,17.5,276,9106302,9HJG9,CELEBRITY MERCURY,16,SITKA
2008-07-25T05:39:55,249053000,58.15455,-135.0619,0,268.7,17.5,275,9106302,9HJG9,CELEBRITY MERCURY,16,SITKA
2008-07-25T05:39:49,249053000,58.15455,-135.0610167,0,267.8,17.7,274,9106302,9HJG9,CELEBRITY MERCURY,16,SITKA
2008-07-25T05:39:43,249053000,58.15456667,-135.0602667,0,267.1,17.7,273,9106302,9HJG9,CELEBRITY MERCURY,16,SITKA
2008-07-25T05:39:37,249053000,58.15458333,-135.0592167,0,265.8,17.8,272,9106302,9HJG9,CELEBRITY MERCURY,16,SITKA
2008-07-25T05:39:35,249053000,58.15461667,-135.05845,0,0.0,0.0,0,9106302,9HJG9,CELEBRITY MERCURY,16,SITKA
2008-07-25T05:39:31,249053000,58.15461667,-135.05845,0,263.5,17.8,270,9106302,9HJG9,CELEBRITY MERCURY,16,SITKA
2008-07-25T05:39:25,249053000,58.15468333,-135.0569333,0,262.2,17.9,269,9106302,9HJG9,CELEBRITY MERCURY,16,SITKA
2008-07-25T05:39:19,249053000,58.15471667,-135.0563167,0,261.9,17.9,268,9106302,9HJG9,CELEBRITY MERCURY,16,SITKA
2008-07-25T05:39:13,249053000,58.15476667,-135.0553833,0,260.2,18.0,266,9106302,9HJG9,CELEBRITY MERCURY,16,SITKA
2008-07-25T05:39:02,249053000,58.15491667,-135.0537167,0,258.5,18.0,264,9106302,9HJG9,CELEBRITY MERCURY,16,SITKA
2008-07-25T05:38:55,249053000,58.15505,-135.0524667,0,257.2,18.0,263,9106302,9HJG9,CELEBRITY MERCURY,16,SITKA
2008-07-25T05:38:50,249053000,58.15525,-135.0506833,0,254.4,18.2,262,9106302,9HJG9,CELEBRITY MERCURY,16,SITKA
2008-07-25T05:38:37,249053000,58.15538333,-135.0497833,0,253.3,18.2,259,9106302,9HJG9,CELEBRITY MERCURY,16,SITKA
2008-07-25T05:38:32,249053000,58.1555,-135.0490833,0,252.6,18.2,258,9106302,9HJG9,CELEBRITY MERCURY,16,SITKA
2008-07-25T05:38:25,249053000,58.15565,-135.0479833,0,250.6,18.2,256,9106302,9HJG9,CELEBRITY MERCURY,16,SITKA
2008-07-25T05:38:19,249053000,58.15581667,-135.0470833,0,249.6,18.4,255,9106302,9HJG9,CELEBRITY MERCURY,16,SITKA
2008-07-25T05:38:13,249053000,58.15603333,-135.0460667,0,247.6,18.4,253,9106302,9HJG9,CELEBRITY MERCURY,16,SITKA
2008-07-25T05:38:02,249053000,58.15638333,-135.0443333,0,245.7,18.5,251,9106302,9HJG9,CELEBRITY MERCURY,16,SITKA
2008-07-25T05:37:55,249053000,58.1566,-135.04345,0,244.0,18.6,249,9106302,9HJG9,CELEBRITY MERCURY,16,SITKA
2008-07-25T05:37:50,249053000,58.15675,-135.0427667,0,242.7,18.6,248,9106302,9HJG9,CELEBRITY MERCURY,16,SITKA
2008-07-25T05:37:43,249053000,58.15696667,-135.0419167,0,242.3,18.7,247,9106302,9HJG9,CELEBRITY MERCURY,16,SITKA
2008-07-25T05:37:37,249053000,58.15721667,-135.0409167,0,241.4,18.8,246,9106302,9HJG9,CELEBRITY MERCURY,16,SITKA
2008-07-25T05:37:32,249053000,58.15745,-135.0402,0,239.7,18.8,244,9106302,9HJG9,CELEBRITY MERCURY,16,SITKA
2008-07-25T05:37:25,249053000,58.15791667,-135.0386833,0,239.0,18.6,243,9106302,9HJG9,CELEBRITY MERCURY,16,SITKA
2008-07-25T05:37:19,249053000,58.15813333,-135.0379833,0,237.1,18.8,242,9106302,9HJG9,CELEBRITY MERCURY,16,SITKA
2008-07-25T05:37:13,249053000,58.15825,-135.0375833,0,236.7,18.9,241,9106302,9HJG9,CELEBRITY MERCURY,16,SITKA
2008-07-25T05:37:08,249053000,58.15853333,-135.0367667,0,235.4,18.9,240,9106302,9HJG9,CELEBRITY MERCURY,16,SITKA
2008-07-25T05:37:02,249053000,58.15881667,-135.0359667,0,235.0,18.9,239,9106302,9HJG9,CELEBRITY MERCURY,16,SITKA
2008-07-25T05:36:55,249053000,58.15916667,-135.035,0,233.7,18.9,238,9106302,9HJG9,CELEBRITY MERCURY,16,SITKA
2008-07-25T05:36:50,249053000,58.15941667,-135.03435,0,232.7,18.9,237,9106302,9HJG9,CELEBRITY MERCURY,16,SITKA
2008-07-25T05:36:43,249053000,58.15983333,-135.0332833,0,232.0,18.9,236,9106302,9HJG9,CELEBRITY MERCURY,16,SITKA
2008-07-25T05:36:37,249053000,58.16013333,-135.0325,0,231.0,18.8,235,9106302,9HJG9,CELEBRITY MERCURY,16,SITKA
2008-07-25T05:36:32,249053000,58.1604,-135.0318833,0,230.1,19.1,234,9106302,9HJG9,CELEBRITY MERCURY,16,SITKA
2008-07-25T05:36:25,249053000,58.16078333,-135.031,0,229.1,19.1,233,9106302,9HJG9,CELEBRITY MERCURY,16,SITKA
2008-07-25T05:36:19,249053000,58.16106667,-135.0304,0,228.1,19.1,232,9106302,9HJG9,CELEBRITY MERCURY,16,SITKA
2008-07-25T05:36:13,249053000,58.16151667,-135.0293833,0,226.4,19.1,230,9106302,9HJG9,CELEBRITY MERCURY,16,SITKA
2008-07-25T05:36:08,249053000,58.16206667,-135.0283333,0,225.7,19.3,229,9106302,9HJG9,CELEBRITY MERCURY,16,SITKA
2008-07-25T05:36:02,249053000,58.1621,-135.0282,0,225.0,19.3,228,9106302,9HJG9,CELEBRITY MERCURY,16,SITKA
2008-07-25T05:35:55,249053000,58.1628,-135.0269,0,224.0,19.2,227,9106302,9HJG9,CELEBRITY MERCURY,16,SITKA
2008-07-25T05:35:50,249053000,58.1629,-135.0266833,0,223.0,19.2,226,9106302,9HJG9,CELEBRITY MERCURY,16,SITKA
2008-07-25T05:35:43,249053000,58.1633,-135.026,0,222.0,19.3,225,9106302,9HJG9,CELEBRITY MERCURY,16,SITKA
2008-07-25T05:35:37,249053000,58.1638,-135.0251,0,221.3,19.3,224,9106302,9HJG9,CELEBRITY MERCURY,16,SITKA
2008-07-25T05:35:32,249053000,58.16398333,-135.0247833,0,221.3,19.3,224,9106302,9HJG9,CELEBRITY MERCURY,16,SITKA
2008-07-25T05:35:25,249053000,58.16446667,-135.024,0,220.6,19.3,223,9106302,9HJG9,CELEBRITY MERCURY,16,SITKA
2008-07-25T05:35:19,249053000,58.16485,-135.02335,0,219.3,19.4,222,9106302,9HJG9,CELEBRITY MERCURY,16,SITKA
2008-07-25T05:35:13,249053000,58.16531667,-135.0225833,0,218.6,19.4,221,9106302,9HJG9,CELEBRITY MERCURY,16,SITKA
2008-07-25T05:35:08,249053000,58.16586667,-135.02175,0,218.6,19.4,221,9106302,9HJG9,CELEBRITY MERCURY,16,SITKA
2008-07-25T05:35:02,249053000,58.16615,-135.02135,0,217.6,19.3,220,9106302,9HJG9,CELEBRITY MERCURY,16,SITKA
2008-07-25T05:34:55,249053000,58.16663333,-135.0206167,0,216.6,19.4,219,9106302,9HJG9,CELEBRITY MERCURY,16,SITKA
2008-07-25T05:34:49,249053000,58.16706667,-135.0200333,0,215.6,19.4,218,9106302,9HJG9,CELEBRITY MERCURY,16,SITKA
2008-07-25T05:34:43,249053000,58.16756667,-135.0193167,0,214.6,19.4,218,9106302,9HJG9,CELEBRITY MERCURY,16,SITKA
2008-07-25T05:34:37,249053000,58.1682,-135.0184667,0,214.6,19.5,217,9106302,9HJG9,CELEBRITY MERCURY,16,SITKA
2008-07-25T05:34:32,249053000,58.16826667,-135.0183833,0,213.6,19.4,216,9106302,9HJG9,CELEBRITY MERCURY,16,SITKA
2008-07-25T05:34:25,249053000,58.16878333,-135.0177167,0,212.6,19.5,215,9106302,9HJG9,CELEBRITY MERCURY,16,SITKA
2008-07-25T05:34:19,249053000,58.16921667,-135.0171667,0,212.6,19.4,215,9106302,9HJG9,CELEBRITY MERCURY,16,SITKA
2008-07-25T05:34:13,249053000,58.16975,-135.0165,0,211.6,19.5,214,9106302,9HJG9,CELEBRITY MERCURY,16,SITKA
2008-07-25T05:34:08,249053000,58.17011667,-135.0160833,0,210.6,19.5,213,9106302,9HJG9,CELEBRITY MERCURY,16,SITKA
2008-07-25T05:34:02,249053000,58.17046667,-135.01565,0,210.9,19.5,213,9106302,9HJG9,CELEBRITY MERCURY,16,SITKA
2008-07-25T05:33:55,249053000,58.17118333,-135.01485,0,208.6,19.5,212,9106302,9HJG9,CELEBRITY MERCURY,16,SITKA
2008-07-25T05:33:49,249053000,58.17148333,-135.0145167,0,208.9,19.5,211,9106302,9HJG9,CELEBRITY MERCURY,16,SITKA
2008-07-25T05:33:43,249053000,58.17226667,-135.0137167,0,207.3,19.5,210,9106302,9HJG9,CELEBRITY MERCURY,16,SITKA
2008-07-25T05:33:37,249053000,58.17248333,-135.0135,0,206.6,19.5,209,9106302,9HJG9,CELEBRITY MERCURY,16,SITKA
2008-07-25T05:33:34,249053000,58.17296667,-135.0130333,0,0.0,0.0,0,9106302,9HJG9,CELEBRITY MERCURY,16,SITKA
2008-07-25T05:33:32,249053000,58.17296667,-135.0130333,0,206.6,19.5,209,9106302,9HJG9,CELEBRITY MERCURY,16,SITKA
2008-07-25T05:33:25,249053000,58.17343333,-135.0126,0,205.9,19.5,208,9106302,9HJG9,CELEBRITY MERCURY,16,SITKA
2008-07-25T05:33:19,249053000,58.17423333,-135.01185,0,204.3,19.5,207,9106302,9HJG9,CELEBRITY MERCURY,16,SITKA
2008-07-25T05:33:13,249053000,58.17455,-135.01155,0,203.9,19.5,206,9106302,9HJG9,CELEBRITY MERCURY,16,SITKA
2008-07-25T05:33:07,249053000,58.17495,-135.0112,0,202.9,19.5,206,9106302,9HJG9,CELEBRITY MERCURY,16,SITKA
2008-07-25T05:33:02,249053000,58.17533333,-135.0108667,0,202.9,19.5,205,9106302,9HJG9,CELEBRITY MERCURY,16,SITKA
2008-07-25T05:32:55,249053000,58.17625,-135.0101333,0,201.6,19.5,204,9106302,9HJG9,CELEBRITY MERCURY,16,SITKA
2008-07-25T05:32:49,249053000,58.17675,-135.00975,0,200.9,19.5,203,9106302,9HJG9,CELEBRITY MERCURY,16,SITKA
2008-07-25T05:32:43,249053000,58.1769,-135.00965,0,200.9,19.5,203,9106302,9HJG9,CELEBRITY MERCURY,16,SITKA
2008-07-25T05:32:37,249053000,58.17738333,-135.0092833,0,199.6,19.5,202,9106302,9HJG9,CELEBRITY MERCURY,16,SITKA
2008-07-25T05:32:32,249053000,58.17825,-135.0087,0,198.9,19.7,201,9106302,9HJG9,CELEBRITY MERCURY,16,SITKA
2008-07-25T05:32:25,249053000,58.17848333,-135.0085333,0,198.6,19.5,201,9106302,9HJG9,CELEBRITY MERCURY,16,SITKA
2008-07-25T05:32:19,249053000,58.179,-135.0082,0,198.2,19.5,200,9106302,9HJG9,CELEBRITY MERCURY,16,SITKA
2008-07-25T05:32:13,249053000,58.1795,-135.0079,0,196.9,19.5,199,9106302,9HJG9,CELEBRITY MERCURY,16,SITKA
2008-07-25T05:32:07,249053000,58.18026667,-135.0074333,0,195.3,19.7,198,9106302,9HJG9,CELEBRITY MERCURY,16,SITKA
2008-07-25T05:32:02,249053000,58.18043333,-135.00735,0,195.9,19.7,198,9106302,9HJG9,CELEBRITY MERCURY,16,SITKA
2008-07-25T05:31:55,249053000,58.18105,-135.0070167,0,194.9,19.5,197,9106302,9HJG9,CELEBRITY MERCURY,16,SITKA
2008-07-25T05:31:49,249053000,58.18165,-135.0067167,0,194.2,19.7,196,9106302,9HJG9,CELEBRITY MERCURY,16,SITKA
2008-07-25T05:31:43,249053000,58.18225,-135.0064,0,192.6,19.7,195,9106302,9HJG9,CELEBRITY MERCURY,16,SITKA
2008-07-25T05:31:37,249053000,58.18268333,-135.0062167,0,192.2,19.7,195,9106302,9HJG9,CELEBRITY MERCURY,16,SITKA
2008-07-25T05:31:32,249053000,58.18318333,-135.0059833,0,192.2,19.7,194,9106302,9HJG9,CELEBRITY MERCURY,16,SITKA
2008-07-25T05:31:25,249053000,58.18371667,-135.0057833,0,191.8,19.8,193,9106302,9HJG9,CELEBRITY MERCURY,16,SITKA
2008-07-25T05:31:19,249053000,58.18433333,-135.0055333,0,190.2,19.8,192,9106302,9HJG9,CELEBRITY MERCURY,16,SITKA
2008-07-25T05:31:13,249053000,58.18488333,-135.00535,0,189.5,19.9,191,9106302,9HJG9,CELEBRITY MERCURY,16,SITKA
2008-07-25T05:31:07,249053000,58.1855,-135.0051333,0,188.5,19.9,191,9106302,9HJG9,CELEBRITY MERCURY,16,SITKA
2008-07-25T05:31:02,249053000,58.18591667,-135.0050167,0,188.2,19.9,190,9106302,9HJG9,CELEBRITY MERCURY,16,SITKA
2008-07-25T05:30:55,249053000,58.18663333,-135.0048,0,187.2,20.0,189,9106302,9HJG9,CELEBRITY MERCURY,16,SITKA
2008-07-25T05:30:49,249053000,58.187,-135.0047167,0,186.5,20.0,188,9106302,9HJG9,CELEBRITY MERCURY,16,SITKA
2008-07-25T05:30:43,249053000,58.18753333,-135.0045833,0,186.5,19.9,188,9106302,9HJG9,CELEBRITY MERCURY,16,SITKA
2008-07-25T05:30:37,249053000,58.18806667,-135.0044667,0,185.5,20.0,187,9106302,9HJG9,CELEBRITY MERCURY,16,SITKA
2008-07-25T05:30:32,249053000,58.18873333,-135.00435,0,184.8,20.0,186,9106302,9HJG9,CELEBRITY MERCURY,16,SITKA
2008-07-25T05:30:25,249053000,58.18915,-135.0042667,0,184.1,20.1,185,9106302,9HJG9,CELEBRITY MERCURY,16,SITKA
2008-07-25T05:30:19,249053000,58.18971667,-135.0041667,0,184.1,20.0,185,9106302,9HJG9,CELEBRITY MERCURY,16,SITKA
2008-07-25T05:30:13,249053000,58.19041667,-135.0040667,0,183.7,20.1,184,9106302,9HJG9,CELEBRITY MERCURY,16,SITKA
2008-07-25T05:30:07,249053000,58.1909,-135.0040167,0,182.4,20.0,183,9106302,9HJG9,CELEBRITY MERCURY,16,SITKA
2008-07-25T05:30:02,249053000,58.19133333,-135.0039833,0,181.7,20.0,182,9106302,9HJG9,CELEBRITY MERCURY,16,SITKA
2008-07-25T05:29:55,249053000,58.19186667,-135.0039333,0,181.0,20.0,181,9106302,9HJG9,CELEBRITY MERCURY,16,SITKA
2008-07-25T05:29:49,249053000,58.19251667,-135.0039167,0,181.2,20.0,181,9106302,9HJG9,CELEBRITY MERCURY,16,SITKA
2008-07-25T05:29:43,249053000,58.19343333,-135.0038833,0,180.2,20.0,180,9106302,9HJG9,CELEBRITY MERCURY,16,SITKA
2008-07-25T05:29:38,249053000,58.19361667,-135.0038833,0,180.2,20.0,180,9106302,9HJG9,CELEBRITY MERCURY,16,SITKA
2008-07-25T05:29:32,249053000,58.19415,-135.0038667,0,180.5,19.9,180,9106302,9HJG9,CELEBRITY MERCURY,16,SITKA
2008-07-25T05:29:25,249053000,58.19488333,-135.00385,0,180.5,19.9,180,9106302,9HJG9,CELEBRITY MERCURY,16,SITKA
2008-07-25T05:29:19,249053000,58.19533333,-135.00385,0,180.2,19.9,180,9106302,9HJG9,CELEBRITY MERCURY,16,SITKA
2008-07-25T05:29:13,249053000,58.196,-135.0038333,0,180.2,19.9,180,9106302,9HJG9,CELEBRITY MERCURY,16,SITKA
2008-07-25T05:29:07,249053000,58.197,-135.0038167,0,180.2,19.9,180,9106302,9HJG9,CELEBRITY MERCURY,16,SITKA
2008-07-25T05:29:02,249053000,58.19695,-135.0038167,0,181.2,19.9,181,9106302,9HJG9,CELEBRITY MERCURY,16,SITKA
2008-07-25T05:28:55,249053000,58.19758333,-135.0038,0,181.0,19.9,181,9106302,9HJG9,CELEBRITY MERCURY,16,SITKA
2008-07-25T05:28:49,249053000,58.19805,-135.0037833,0,181.0,19.9,181,9106302,9HJG9,CELEBRITY MERCURY,16,SITKA
2008-07-25T05:28:43,249053000,58.19896667,-135.0037833,0,180.0,19.9,180,9106302,9HJG9,CELEBRITY MERCURY,16,SITKA
2008-07-25T05:28:38,249053000,58.19911667,-135.0037833,0,180.0,19.9,180,9106302,9HJG9,CELEBRITY MERCURY,16,SITKA
2008-07-25T05:28:25,249053000,58.2003,-135.0037667,0,180.2,19.8,180,9106302,9HJG9,CELEBRITY MERCURY,16,SITKA
2008-07-25T05:28:20,249053000,58.201,-135.00375,0,180.0,19.8,180,9106302,9HJG9,CELEBRITY MERCURY,16,SITKA
2008-07-25T05:28:13,249053000,58.20146667,-135.00375,0,180.0,19.8,180,9106302,9HJG9,CELEBRITY MERCURY,16,SITKA
2008-07-25T05:28:07,249053000,58.20218333,-135.00375,0,179.7,19.8,180,9106302,9HJG9,CELEBRITY MERCURY,16,SITKA
2008-07-25T05:28:02,249053000,58.20263333,-135.00375,0,179.7,19.8,180,9106302,9HJG9,CELEBRITY MERCURY,16,SITKA
2008-07-25T05:27:55,249053000,58.20308333,-135.00375,0,179.7,19.8,180,9106302,9HJG9,CELEBRITY MERCURY,16,SITKA
2008-07-25T05:27:49,249053000,58.20363333,-135.00375,0,179.7,19.7,180,9106302,9HJG9,CELEBRITY MERCURY,16,SITKA
2008-07-25T05:27:43,249053000,58.20416667,-135.00375,0,179.7,19.7,180,9106302,9HJG9,CELEBRITY MERCURY,16,SITKA
2008-07-25T05:27:38,249053000,58.20515,-135.00375,0,179.7,19.7,180,9106302,9HJG9,CELEBRITY MERCURY,16,SITKA
2008-07-25T05:27:37,249053000,58.20578333,-135.00375,0,0.0,0.0,0,9106302,9HJG9,CELEBRITY MERCURY,16,SITKA
2008-07-25T05:27:25,249053000,58.20578333,-135.00375,0,179.4,19.7,180,9106302,9HJG9,CELEBRITY MERCURY,16,SITKA
2008-07-25T05:27:20,249053000,58.2064,-135.00375,0,179.4,19.7,180,9106302,9HJG9,CELEBRITY MERCURY,16,SITKA
2008-07-25T05:27:13,249053000,58.20713333,-135.0037667,0,179.4,19.5,180,9106302,9HJG9,CELEBRITY MERCURY,16,SITKA
2008-07-25T05:27:07,249053000,58.20748333,-135.0037667,0,179.4,19.5,180,9106302,9HJG9,CELEBRITY MERCURY,16,SITKA
2008-07-25T05:27:02,249053000,58.20791667,-135.0037667,0,179.4,19.5,180,9106302,9HJG9,CELEBRITY MERCURY,16,SITKA
2008-07-25T05:26:56,249053000,58.20855,-135.0037833,0,179.4,19.5,180,9106302,9HJG9,CELEBRITY MERCURY,16,SITKA
2008-07-25T05:26:49,249053000,58.20925,-135.0038,0,179.4,19.5,180,9106302,9HJG9,CELEBRITY MERCURY,16,SITKA
2008-07-25T05:26:43,249053000,58.20971667,-135.0038167,0,179.4,19.5,180,9106302,9HJG9,CELEBRITY MERCURY,16,SITKA
2008-07-25T05:26:38,249053000,58.21005,-135.0038167,0,179.4,19.5,180,9106302,9HJG9,CELEBRITY MERCURY,16,SITKA
2008-07-25T05:26:31,249053000,58.21083333,-135.00385,0,179.1,19.5,180,9106302,9HJG9,CELEBRITY MERCURY,16,SITKA
2008-07-25T05:26:25,249053000,58.21131667,-135.0038667,0,178.4,19.5,179,9106302,9HJG9,CELEBRITY MERCURY,16,SITKA
2008-07-25T05:26:20,249053000,58.21173333,-135.0038833,0,179.0,19.5,179,9106302,9HJG9,CELEBRITY MERCURY,16,SITKA
2008-07-25T05:26:14,249053000,58.21236667,-135.0039,0,178.2,19.5,178,9106302,9HJG9,CELEBRITY MERCURY,16,SITKA
2008-07-25T05:26:07,249053000,58.21325,-135.00395,0,178.0,19.4,178,9106302,9HJG9,CELEBRITY MERCURY,16,SITKA
2008-07-25T05:26:02,249053000,58.21331667,-135.0039667,0,177.2,19.4,177,9106302,9HJG9,CELEBRITY MERCURY,16,SITKA
2008-07-25T05:25:43,249053000,58.21526667,-135.00415,0,176.2,19.3,176,9106302,9HJG9,CELEBRITY MERCURY,16,SITKA
2008-07-25T05:25:38,249053000,58.21561667,-135.0041667,0,176.2,19.3,176,9106302,9HJG9,CELEBRITY MERCURY,16,SITKA
2008-07-25T05:25:31,249053000,58.21615,-135.0042333,0,176.2,19.2,176,9106302,9HJG9,CELEBRITY MERCURY,16,SITKA
2008-07-25T05:25:25,249053000,58.21666667,-135.0043,0,176.5,19.1,176,9106302,9HJG9,CELEBRITY MERCURY,16,SITKA
2008-07-25T05:25:20,249053000,58.21745,-135.0043667,0,176.5,19.1,176,9106302,9HJG9,CELEBRITY MERCURY,16,SITKA
2008-07-25T05:25:14,249053000,58.2176,-135.0043833,0,176.5,19.1,176,9106302,9HJG9,CELEBRITY MERCURY,16,SITKA
2008-07-25T05:25:07,249053000,58.21821667,-135.0044667,0,176.3,18.9,176,9106302,9HJG9,CELEBRITY MERCURY,16,SITKA
2008-07-25T05:25:02,249053000,58.21943333,-135.0045833,0,176.6,18.9,176,9106302,9HJG9,CELEBRITY MERCURY,16,SITKA
2008-07-25T05:24:56,249053000,58.21941667,-135.0045833,0,176.3,18.8,176,9106302,9HJG9,CELEBRITY MERCURY,16,SITKA
2008-07-25T05:24:49,249053000,58.21985,-135.00465,0,176.3,18.8,176,9106302,9HJG9,CELEBRITY MERCURY,16,SITKA
2008-07-25T05:24:43,249053000,58.22036667,-135.0047,0,176.6,18.7,176,9106302,9HJG9,CELEBRITY MERCURY,16,SITKA
2008-07-25T05:24:37,249053000,58.22076667,-135.0047333,0,176.6,18.7,176,9106302,9HJG9,CELEBRITY MERCURY,16,SITKA
2008-07-25T05:24:31,249053000,58.22146667,-135.0048,0,176.6,18.6,176,9106302,9HJG9,CELEBRITY MERCURY,16,SITKA
2008-07-25T05:24:26,249053000,58.22186667,-135.00485,0,176.6,18.6,176,9106302,9HJG9,CELEBRITY MERCURY,16,SITKA
2008-07-25T05:24:20,249053000,58.22228333,-135.0049,0,176.6,18.5,176,9106302,9HJG9,CELEBRITY MERCURY,16,SITKA
2008-07-25T05:24:14,249053000,58.22298333,-135.005,0,176.6,18.5,176,9106302,9HJG9,CELEBRITY MERCURY,16,SITKA
2008-07-25T05:24:07,249053000,58.22348333,-135.00505,0,176.9,18.5,176,9106302,9HJG9,CELEBRITY MERCURY,16,SITKA
2008-07-25T05:24:02,249053000,58.2239,-135.0050667,0,176.9,18.5,176,9106302,9HJG9,CELEBRITY MERCURY,16,SITKA
2008-07-25T05:23:56,249053000,58.2245,-135.0051667,0,176.9,18.5,176,9106302,9HJG9,CELEBRITY MERCURY,16,SITKA
2008-07-25T05:23:49,249053000,58.22516667,-135.00525,0,176.9,18.6,176,9106302,9HJG9,CELEBRITY MERCURY,16,SITKA
2008-07-25T05:23:43,249053000,58.22551667,-135.0052833,0,176.6,18.6,176,9106302,9HJG9,CELEBRITY MERCURY,16,SITKA
2008-07-25T05:23:31,249053000,58.22658333,-135.0054,0,176.6,18.5,176,9106302,9HJG9,CELEBRITY MERCURY,16,SITKA
2008-07-25T05:23:26,249053000,58.2275,-135.0055,0,176.9,18.5,176,9106302,9HJG9,CELEBRITY MERCURY,16,SITKA
2008-07-25T05:23:20,249053000,58.2275,-135.0055,0,176.9,18.5,176,9106302,9HJG9,CELEBRITY MERCURY,16,SITKA
2008-07-25T05:23:14,249053000,58.228,-135.0055333,0,176.9,18.5,176,9106302,9HJG9,CELEBRITY MERCURY,16,SITKA
2008-07-25T05:23:07,249053000,58.22858333,-135.0055833,0,177.2,18.5,176,9106302,9HJG9,CELEBRITY MERCURY,16,SITKA
2008-07-25T05:23:02,249053000,58.22898333,-135.0056333,0,177.2,18.5,176,9106302,9HJG9,CELEBRITY MERCURY,16,SITKA
2008-07-25T05:22:56,249053000,58.22958333,-135.0057167,0,177.2,18.4,176,9106302,9HJG9,CELEBRITY MERCURY,16,SITKA
2008-07-25T05:22:49,249053000,58.2302,-135.0057833,0,177.2,18.4,176,9106302,9HJG9,CELEBRITY MERCURY,16,SITKA
2008-07-25T05:22:43,249053000,58.2307,-135.0058333,0,177.5,18.4,176,9106302,9HJG9,CELEBRITY MERCURY,16,SITKA
2008-07-25T05:22:37,249053000,58.23108333,-135.0058667,0,177.5,18.4,176,9106302,9HJG9,CELEBRITY MERCURY,16,SITKA
2008-07-25T05:22:31,249053000,58.23168333,-135.0059333,0,177.5,18.5,176,9106302,9HJG9,CELEBRITY MERCURY,16,SITKA
2008-07-25T05:22:26,249053000,58.23218333,-135.0059667,0,178.5,18.4,177,9106302,9HJG9,CELEBRITY MERCURY,16,SITKA
2008-07-25T05:22:20,249053000,58.23268333,-135.006,0,178.2,18.4,177,9106302,9HJG9,CELEBRITY MERCURY,16,SITKA
2008-07-25T05:22:07,249053000,58.23386667,-135.0060833,0,179.2,18.4,178,9106302,9HJG9,CELEBRITY MERCURY,16,SITKA
2008-07-25T05:22:02,249053000,58.23418333,-135.0060833,0,179.2,18.5,178,9106302,9HJG9,CELEBRITY MERCURY,16,SITKA
2008-07-25T05:21:56,249053000,58.23468333,-135.0061167,0,180.2,18.5,179,9106302,9HJG9,CELEBRITY MERCURY,16,SITKA
2008-07-25T05:21:49,249053000,58.2353,-135.0061333,0,179.9,18.4,179,9106302,9HJG9,CELEBRITY MERCURY,16,SITKA
2008-07-25T05:21:43,249053000,58.2359,-135.0061333,0,180.6,18.4,180,9106302,9HJG9,CELEBRITY MERCURY,16,SITKA
2008-07-25T05:21:37,249053000,58.23631667,-135.0061333,0,180.6,18.4,180,9106302,9HJG9,CELEBRITY MERCURY,16,SITKA
2008-07-25T05:21:33,249053000,58.23671667,-135.0061333,0,0.0,0.0,0,9106302,9HJG9,CELEBRITY MERCURY,16,SITKA
2008-07-25T05:21:31,249053000,58.23671667,-135.0061333,0,180.6,18.4,180,9106302,9HJG9,CELEBRITY MERCURY,16,SITKA
2008-07-25T05:21:26,249053000,58.23728333,-135.0061333,0,180.6,18.4,180,9106302,9HJG9,CELEBRITY MERCURY,16,SITKA
2008-07-25T05:21:20,249053000,58.23796667,-135.0061167,0,180.6,18.4,180,9106302,9HJG9,CELEBRITY MERCURY,16,SITKA
2008-07-25T05:21:13,249053000,58.2383,-135.0061167,0,180.9,18.4,180,9106302,9HJG9,CELEBRITY MERCURY,16,SITKA
2008-07-25T05:21:07,249053000,58.23886667,-135.0061,0,180.6,18.4,180,9106302,9HJG9,CELEBRITY MERCURY,16,SITKA
2008-07-25T05:21:02,249053000,58.2392,-135.0060833,0,180.6,18.4,180,9106302,9HJG9,CELEBRITY MERCURY,16,SITKA
2008-07-25T05:20:58,249053000,58.24005,-135.0060667,0,180.6,18.4,180,9106302,9HJG9,CELEBRITY MERCURY,16,SITKA
2008-07-25T05:20:50,249053000,58.24035,-135.0060667,0,180.6,18.4,180,9106302,9HJG9,CELEBRITY MERCURY,16,SITKA
2008-07-25T05:20:43,249053000,58.2408,-135.00605,0,181.3,18.2,181,9106302,9HJG9,CELEBRITY MERCURY,16,SITKA
2008-07-25T05:20:37,249053000,58.24136667,-135.0060333,0,180.6,18.2,180,9106302,9HJG9,CELEBRITY MERCURY,16,SITKA
2008-07-25T05:20:31,249053000,58.24213333,-135.0060167,0,180.9,18.2,180,9106302,9HJG9,CELEBRITY MERCURY,16,SITKA
2008-07-25T05:20:26,249053000,58.24238333,-135.0060167,0,180.9,18.2,180,9106302,9HJG9,CELEBRITY MERCURY,16,SITKA
2008-07-25T05:20:19,249053000,58.24331667,-135.006,0,181.2,18.2,180,9106302,9HJG9,CELEBRITY MERCURY,16,SITKA
2008-07-25T05:20:02,249053000,58.24436667,-135.0059667,0,182.2,18.2,181,9106302,9HJG9,CELEBRITY MERCURY,16,SITKA
2008-07-25T05:19:56,249053000,58.24493333,-135.0059333,0,182.2,18.2,181,9106302,9HJG9,CELEBRITY MERCURY,16,SITKA
2008-07-25T05:19:50,249053000,58.24545,-135.0059167,0,182.5,18.2,181,9106302,9HJG9,CELEBRITY MERCURY,16,SITKA
2008-07-25T05:19:43,249053000,58.2462,-135.00585,0,183.2,18.2,182,9106302,9HJG9,CELEBRITY MERCURY,16,SITKA
2008-07-25T05:19:31,249053000,58.24693333,-135.0058,0,183.6,18.2,183,9106302,9HJG9,CELEBRITY MERCURY,16,SITKA
2008-07-25T05:19:25,249053000,58.24753333,-135.0057333,0,184.6,18.2,184,9106302,9HJG9,CELEBRITY MERCURY,16,SITKA
2008-07-25T05:19:20,249053000,58.24826667,-135.0056167,0,185.6,18.2,185,9106302,9HJG9,CELEBRITY MERCURY,16,SITKA
2008-07-25T05:19:13,249053000,58.2485,-135.0055667,0,185.3,18.1,185,9106302,9HJG9,CELEBRITY MERCURY,16,SITKA
2008-07-25T05:19:07,249053000,58.24898333,-135.0054833,0,185.3,18.1,185,9106302,9HJG9,CELEBRITY MERCURY,16,SITKA
2008-07-25T05:19:02,249053000,58.2494,-135.0054167,0,185.3,18.1,185,9106302,9HJG9,CELEBRITY MERCURY,16,SITKA
2008-07-25T05:18:55,249053000,58.25023333,-135.0052833,0,185.3,18.1,185,9106302,9HJG9,CELEBRITY MERCURY,16,SITKA
2008-07-25T05:18:50,249053000,58.25046667,-135.00525,0,185.6,18.1,185,9106302,9HJG9,CELEBRITY MERCURY,16,SITKA
2008-07-25T05:18:43,249053000,58.25113333,-135.00515,0,185.6,18.1,185,9106302,9HJG9,CELEBRITY MERCURY,16,SITKA
2008-07-25T05:18:38,249053000,58.25155,-135.0050667,0,185.6,18.1,185,9106302,9HJG9,CELEBRITY MERCURY,16,SITKA
2008-07-25T05:18:32,249053000,58.25236667,-135.0049333,0,186.2,18.0,185,9106302,9HJG9,CELEBRITY MERCURY,16,SITKA
2008-07-25T05:18:25,249053000,58.25261667,-135.0048833,0,186.2,18.0,185,9106302,9HJG9,CELEBRITY MERCURY,16,SITKA
2008-07-25T05:18:07,249053000,58.25441667,-135.0045167,0,187.5,18.0,186,9106302,9HJG9,CELEBRITY MERCURY,16,SITKA
2008-07-25T05:18:02,249053000,58.25455,-135.0044833,0,187.2,18.0,186,9106302,9HJG9,CELEBRITY MERCURY,16,SITKA
2008-07-25T05:17:55,249053000,58.25515,-135.00435,0,188.2,17.9,187,9106302,9HJG9,CELEBRITY MERCURY,16,SITKA
2008-07-25T05:17:50,249053000,58.25553333,-135.0042667,0,187.9,17.9,187,9106302,9HJG9,CELEBRITY MERCURY,16,SITKA
2008-07-25T05:17:43,249053000,58.25601667,-135.0041333,0,187.9,17.9,187,9106302,9HJG9,CELEBRITY MERCURY,16,SITKA
2008-07-25T05:17:38,249053000,58.2565,-135.004,0,188.9,17.9,188,9106302,9HJG9,CELEBRITY MERCURY,16,SITKA
2008-07-25T05:17:25,249053000,58.25753333,-135.0036833,0,190.3,17.8,189,9106302,9HJG9,CELEBRITY MERCURY,16,SITKA
2008-07-25T05:17:19,249053000,58.25793333,-135.0035667,0,190.0,17.7,190,9106302,9HJG9,CELEBRITY MERCURY,16,SITKA
2008-07-25T05:17:07,249053000,58.25895,-135.0032333,0,190.0,17.7,190,9106302,9HJG9,CELEBRITY MERCURY,16,SITKA
2008-07-25T05:17:02,249053000,58.25933333,-135.0031,0,190.0,17.5,190,9106302,9HJG9,CELEBRITY MERCURY,16,SITKA
2008-07-25T05:16:50,249053000,58.26076667,-135.0026,0,190.0,17.5,190,9106302,9HJG9,CELEBRITY MERCURY,16,SITKA
2008-07-25T05:16:43,249053000,58.26091667,-135.00255,0,189.6,17.5,190,9106302,9HJG9,CELEBRITY MERCURY,16,SITKA
2008-07-25T05:16:38,249053000,58.2613,-135.0024167,0,190.0,17.5,190,9106302,9HJG9,CELEBRITY MERCURY,16,SITKA
2008-07-25T05:16:32,249053000,58.26168333,-135.0022833,0,189.6,17.5,190,9106302,9HJG9,CELEBRITY MERCURY,16,SITKA
2008-07-25T05:16:25,249053000,58.26273333,-135.0019333,0,189.6,17.5,190,9106302,9HJG9,CELEBRITY MERCURY,16,SITKA
2008-07-25T05:16:19,249053000,58.26288333,-135.0018833,0,189.6,17.5,190,9106302,9HJG9,CELEBRITY MERCURY,16,SITKA
2008-07-25T05:16:13,249053000,58.26326667,-135.00175,0,189.6,17.5,190,9106302,9HJG9,CELEBRITY MERCURY,16,SITKA
2008-07-25T05:16:02,249053000,58.2642,-135.00145,0,189.6,17.5,190,9106302,9HJG9,CELEBRITY MERCURY,16,SITKA
2008-07-25T05:15:55,249053000,58.26483333,-135.0012333,0,189.6,17.4,190,9106302,9HJG9,CELEBRITY MERCURY,16,SITKA
2008-07-25T05:15:50,249053000,58.26513333,-135.0011333,0,190.0,17.4,190,9106302,9HJG9,CELEBRITY MERCURY,16,SITKA
2008-07-25T05:15:43,249053000,58.2656,-135.0009667,0,190.0,17.4,190,9106302,9HJG9,CELEBRITY MERCURY,16,SITKA
2008-07-25T05:15:38,249053000,58.26606667,-135.0008167,0,189.6,17.4,190,9106302,9HJG9,CELEBRITY MERCURY,16,SITKA
2008-07-25T05:15:33,249053000,58.26668333,-135.0006167,0,0.0,0.0,0,9106302,9HJG9,CELEBRITY MERCURY,16,SITKA
2008-07-25T05:15:32,249053000,58.26668333,-135.0006167,0,189.6,17.4,190,9106302,9HJG9,CELEBRITY MERCURY,16,SITKA
2008-07-25T05:15:26,249053000,58.26698333,-135.0005167,0,190.0,17.4,190,9106302,9HJG9,CELEBRITY MERCURY,16,SITKA
2008-07-25T05:15:19,249053000,58.26753333,-135.0003167,0,190.0,17.4,190,9106302,9HJG9,CELEBRITY MERCURY,16,SITKA
2008-07-25T05:15:13,249053000,58.26801667,-135.00015,0,190.0,17.4,190,9106302,9HJG9,CELEBRITY MERCURY,16,SITKA
2008-07-25T05:15:07,249053000,58.26861667,-134.99995,0,190.0,17.3,190,9106302,9HJG9,CELEBRITY MERCURY,16,SITKA
2008-07-25T05:15:02,249053000,58.26893333,-134.99985,0,190.0,17.3,190,9106302,9HJG9,CELEBRITY MERCURY,16,SITKA
2008-07-25T05:14:55,249053000,58.2694,-134.9996833,0,190.0,17.3,190,9106302,9HJG9,CELEBRITY MERCURY,16,SITKA
2008-07-25T05:14:50,249053000,58.26993333,-134.9995,0,190.0,17.3,190,9106302,9HJG9,CELEBRITY MERCURY,16,SITKA
2008-07-25T05:14:43,249053000,58.2704,-134.99935,0,189.6,17.3,190,9106302,9HJG9,CELEBRITY MERCURY,16,SITKA
2008-07-25T05:14:38,249053000,58.27095,-134.9991667,0,190.0,17.3,190,9106302,9HJG9,CELEBRITY MERCURY,16,SITKA
2008-07-25T05:14:32,249053000,58.27131667,-134.99905,0,190.0,17.2,190,9106302,9HJG9,CELEBRITY MERCURY,16,SITKA
2008-07-25T05:14:26,249053000,58.27178333,-134.9989,0,190.0,17.2,190,9106302,9HJG9,CELEBRITY MERCURY,16,SITKA
2008-07-25T05:14:19,249053000,58.27233333,-134.9987167,0,190.0,17.2,190,9106302,9HJG9,CELEBRITY MERCURY,16,SITKA
2008-07-25T05:14:13,249053000,58.27293333,-134.9985,0,189.3,17.2,190,9106302,9HJG9,CELEBRITY MERCURY,16,SITKA
2008-07-25T05:14:07,249053000,58.27348333,-134.9983167,0,189.6,17.2,190,9106302,9HJG9,CELEBRITY MERCURY,16,SITKA
2008-07-25T05:14:02,249053000,58.27371667,-134.99825,0,189.6,17.2,190,9106302,9HJG9,CELEBRITY MERCURY,16,SITKA
2008-07-25T05:13:55,249053000,58.27416667,-134.9981,0,189.6,17.1,190,9106302,9HJG9,CELEBRITY MERCURY,16,SITKA
2008-07-25T05:13:50,249053000,58.27453333,-134.9979833,0,189.6,17.1,190,9106302,9HJG9,CELEBRITY MERCURY,16,SITKA
2008-07-25T05:13:43,249053000,58.2751,-134.9978,0,189.6,17.0,190,9106302,9HJG9,CELEBRITY MERCURY,16,SITKA
2008-07-25T05:13:38,249053000,58.27555,-134.9976667,0,189.6,17.0,190,9106302,9HJG9,CELEBRITY MERCURY,16,SITKA
2008-07-25T05:13:32,249053000,58.27593333,-134.99755,0,190.0,17.1,190,9106302,9HJG9,CELEBRITY MERCURY,16,SITKA
2008-07-25T05:13:26,249053000,58.27646667,-134.9973667,0,190.0,17.1,190,9106302,9HJG9,CELEBRITY MERCURY,16,SITKA
2008-07-25T05:13:19,249053000,58.277,-134.9971667,0,190.0,17.0,190,9106302,9HJG9,CELEBRITY MERCURY,16,SITKA
2008-07-25T05:13:13,249053000,58.27746667,-134.9970167,0,190.0,17.0,190,9106302,9HJG9,CELEBRITY MERCURY,16,SITKA
2008-07-25T05:13:07,249053000,58.27791667,-134.9968667,0,190.0,17.0,190,9106302,9HJG9,CELEBRITY MERCURY,16,SITKA
2008-07-25T05:13:02,249053000,58.27836667,-134.9967167,0,190.3,17.1,190,9106302,9HJG9,CELEBRITY MERCURY,16,SITKA
2008-07-25T05:12:55,249053000,58.27906667,-134.9964833,0,190.0,17.0,190,9106302,9HJG9,CELEBRITY MERCURY,16,SITKA
2008-07-25T05:12:50,249053000,58.27928333,-134.9964167,0,190.0,17.0,190,9106302,9HJG9,CELEBRITY MERCURY,16,SITKA
2008-07-25T05:12:43,249053000,58.27983333,-134.9962333,0,190.0,17.0,190,9106302,9HJG9,CELEBRITY MERCURY,16,SITKA
2008-07-25T05:12:38,249053000,58.28045,-134.9960333,0,189.6,17.0,190,9106302,9HJG9,CELEBRITY MERCURY,16,SITKA
2008-07-25T05:12:32,249053000,58.28066667,-134.9959667,0,189.6,17.0,190,9106302,9HJG9,CELEBRITY MERCURY,16,SITKA
2008-07-25T05:12:26,249053000,58.2812,-134.9957833,0,189.6,17.0,190,9106302,9HJG9,CELEBRITY MERCURY,16,SITKA
2008-07-25T05:12:19,249053000,58.28165,-134.9956333,0,189.6,17.1,190,9106302,9HJG9,CELEBRITY MERCURY,16,SITKA
2008-07-25T05:12:13,249053000,58.28211667,-134.9954667,0,190.0,17.0,190,9106302,9HJG9,CELEBRITY MERCURY,16,SITKA
2008-07-25T05:12:08,249053000,58.28265,-134.9953167,0,190.0,16.8,190,9106302,9HJG9,CELEBRITY MERCURY,16,SITKA
2008-07-25T05:12:02,249053000,58.28301667,-134.9951833,0,190.0,17.0,190,9106302,9HJG9,CELEBRITY MERCURY,16,SITKA
2008-07-25T05:11:55,249053000,58.28348333,-134.9950167,0,189.6,17.0,190,9106302,9HJG9,CELEBRITY MERCURY,16,SITKA
2008-07-25T05:11:50,249053000,58.28393333,-134.9948833,0,190.0,16.8,190,9106302,9HJG9,CELEBRITY MERCURY,16,SITKA
2008-07-25T05:11:43,249053000,58.28446667,-134.9947,0,190.0,16.8,190,9106302,9HJG9,CELEBRITY MERCURY,16,SITKA
2008-07-25T05:11:37,249053000,58.28501667,-134.9945167,0,189.6,16.8,190,9106302,9HJG9,CELEBRITY MERCURY,16,SITKA
2008-07-25T05:11:32,249053000,58.28536667,-134.9943833,0,190.0,16.8,190,9106302,9HJG9,CELEBRITY MERCURY,16,SITKA
2008-07-25T05:11:26,249053000,58.28575,-134.9942667,0,190.0,16.8,190,9106302,9HJG9,CELEBRITY MERCURY,16,SITKA
2008-07-25T05:11:19,249053000,58.28636667,-134.99405,0,190.0,16.8,190,9106302,9HJG9,CELEBRITY MERCURY,16,SITKA
2008-07-25T05:11:13,249053000,58.28673333,-134.9939333,0,190.0,16.8,190,9106302,9HJG9,CELEBRITY MERCURY,16,SITKA
2008-07-25T05:11:08,249053000,58.28726667,-134.99375,0,190.3,16.8,190,9106302,9HJG9,CELEBRITY MERCURY,16,SITKA
2008-07-25T05:11:02,249053000,58.28776667,-134.9935667,0,190.3,16.8,190,9106302,9HJG9,CELEBRITY MERCURY,16,SITKA
2008-07-25T05:10:55,249053000,58.28823333,-134.9934167,0,190.6,16.7,190,9106302,9HJG9,CELEBRITY MERCURY,16,SITKA
2008-07-25T05:10:49,249053000,58.28861667,-134.9932833,0,190.3,16.7,190,9106302,9HJG9,CELEBRITY MERCURY,16,SITKA
2008-07-25T05:10:43,249053000,58.28935,-134.9930167,0,190.6,16.7,190,9106302,9HJG9,CELEBRITY MERCURY,16,SITKA
2008-07-25T05:10:37,249053000,58.2896,-134.99295,0,191.3,16.6,191,9106302,9HJG9,CELEBRITY MERCURY,16,SITKA
2008-07-25T05:10:32,249053000,58.28993333,-134.9928167,0,191.3,16.6,191,9106302,9HJG9,CELEBRITY MERCURY,16,SITKA
2008-07-25T05:10:26,249053000,58.29031667,-134.9926833,0,191.3,16.6,191,9106302,9HJG9,CELEBRITY MERCURY,16,SITKA
2008-07-25T05:10:19,249053000,58.2909,-134.99245,0,192.3,16.5,192,9106302,9HJG9,CELEBRITY MERCURY,16,SITKA
2008-07-25T05:10:14,249053000,58.2914,-134.99225,0,192.0,16.6,192,9106302,9HJG9,CELEBRITY MERCURY,16,SITKA
2008-07-25T05:10:08,249053000,58.2917,-134.9921333,0,191.6,16.5,192,9106302,9HJG9,CELEBRITY MERCURY,16,SITKA
2008-07-25T05:10:02,249053000,58.29215,-134.99195,0,192.6,16.5,193,9106302,9HJG9,CELEBRITY MERCURY,16,SITKA
2008-07-25T05:09:55,249053000,58.29266667,-134.9917333,0,191.9,16.4,193,9106302,9HJG9,CELEBRITY MERCURY,16,SITKA
2008-07-25T05:09:49,249053000,58.29338333,-134.9914333,0,191.9,16.4,193,9106302,9HJG9,CELEBRITY MERCURY,16,SITKA
2008-07-25T05:09:43,249053000,58.2936,-134.99135,0,191.9,16.5,193,9106302,9HJG9,CELEBRITY MERCURY,16,SITKA
2008-07-25T05:09:37,249053000,58.29403333,-134.9911667,0,191.9,16.5,193,9106302,9HJG9,CELEBRITY MERCURY,16,SITKA
2008-07-25T05:09:33,249053000,58.29453333,-134.99095,0,0.0,0.0,0,9106302,9HJG9,CELEBRITY MERCURY,16,SITKA
2008-07-25T05:09:32,249053000,58.29453333,-134.99095,0,191.9,16.5,193,9106302,9HJG9,CELEBRITY MERCURY,16,SITKA
2008-07-25T05:09:19,249053000,58.2955,-134.9905667,0,189.6,16.5,191,9106302,9HJG9,CELEBRITY MERCURY,16,SITKA
2008-07-25T05:09:14,249053000,58.29581667,-134.9904667,0,189.9,16.5,191,9106302,9HJG9,CELEBRITY MERCURY,16,SITKA
2008-07-25T05:09:02,249053000,58.2966,-134.9902,0,188.9,16.5,190,9106302,9HJG9,CELEBRITY MERCURY,16,SITKA
2008-07-25T05:08:55,249053000,58.29751667,-134.98995,0,187.9,16.5,189,9106302,9HJG9,CELEBRITY MERCURY,16,SITKA
2008-07-25T05:08:49,249053000,58.29771667,-134.9898833,0,187.9,16.5,189,9106302,9HJG9,CELEBRITY MERCURY,16,SITKA
2008-07-25T05:08:43,249053000,58.29808333,-134.9897833,0,186.9,16.5,188,9106302,9HJG9,CELEBRITY MERCURY,16,SITKA
2008-07-25T05:08:37,249053000,58.29853333,-134.9896833,0,186.3,16.5,187,9106302,9HJG9,CELEBRITY MERCURY,16,SITKA
2008-07-25T05:08:31,249053000,58.29905,-134.98955,0,186.3,16.5,187,9106302,9HJG9,CELEBRITY MERCURY,16,SITKA
2008-07-25T05:08:26,249053000,58.29941667,-134.9894667,0,185.3,16.5,186,9106302,9HJG9,CELEBRITY MERCURY,16,SITKA
2008-07-25T05:08:19,249053000,58.29986667,-134.9893833,0,185.3,16.6,186,9106302,9HJG9,CELEBRITY MERCURY,16,SITKA
2008-07-25T05:08:14,249053000,58.30023333,-134.9893167,0,184.3,16.6,185,9106302,9HJG9,CELEBRITY MERCURY,16,SITKA
2008-07-25T05:08:08,249053000,58.30076667,-134.98925,0,183.3,16.6,184,9106302,9HJG9,CELEBRITY MERCURY,16,SITKA
2008-07-25T05:08:02,249053000,58.30166667,-134.9891333,0,183.3,16.6,184,9106302,9HJG9,CELEBRITY MERCURY,16,SITKA
2008-07-25T05:07:55,249053000,58.30175,-134.9891167,0,182.3,16.7,183,9106302,9HJG9,CELEBRITY MERCURY,16,SITKA
2008-07-25T05:07:49,249053000,58.30218333,-134.9890833,0,182.6,16.7,183,9106302,9HJG9,CELEBRITY MERCURY,16,SITKA
2008-07-25T05:07:43,249053000,58.30266667,-134.98905,0,182.0,16.7,182,9106302,9HJG9,CELEBRITY MERCURY,16,SITKA
2008-07-25T05:07:37,249053000,58.30311667,-134.9890167,0,181.0,16.7,181,9106302,9HJG9,CELEBRITY MERCURY,16,SITKA
2008-07-25T05:07:31,249053000,58.30365,-134.9889833,0,181.0,16.7,181,9106302,9HJG9,CELEBRITY MERCURY,16,SITKA
2008-07-25T05:07:26,249053000,58.3041,-134.9889833,0,180.3,16.7,180,9106302,9HJG9,CELEBRITY MERCURY,16,SITKA
2008-07-25T05:07:19,249053000,58.30455,-134.9889667,0,180.3,16.7,180,9106302,9HJG9,CELEBRITY MERCURY,16,SITKA
2008-07-25T05:07:14,249053000,58.30493333,-134.9889667,0,180.3,16.7,180,9106302,9HJG9,CELEBRITY MERCURY,16,SITKA
2008-07-25T05:07:09,249053000,58.3057,-134.98895,0,180.3,16.6,180,9106302,9HJG9,CELEBRITY MERCURY,16,SITKA
2008-07-25T05:06:50,249053000,58.30691667,-134.98895,0,180.3,16.7,180,9106302,9HJG9,CELEBRITY MERCURY,16,SITKA
2008-07-25T05:06:43,249053000,58.30743333,-134.9889333,0,180.3,16.7,180,9106302,9HJG9,CELEBRITY MERCURY,16,SITKA
2008-07-25T05:06:31,249053000,58.30818333,-134.9889333,0,180.3,16.7,180,9106302,9HJG9,CELEBRITY MERCURY,16,SITKA
2008-07-25T05:06:19,249053000,58.3091,-134.9889167,0,180.0,16.7,180,9106302,9HJG9,CELEBRITY MERCURY,16,SITKA
2008-07-25T05:06:14,249053000,58.30995,-134.9889167,0,180.0,16.7,180,9106302,9HJG9,CELEBRITY MERCURY,16,SITKA
2008-07-25T05:06:08,249053000,58.31008333,-134.9889167,0,180.0,16.7,180,9106302,9HJG9,CELEBRITY MERCURY,16,SITKA
2008-07-25T05:06:02,249053000,58.31046667,-134.9889167,0,180.6,16.7,181,9106302,9HJG9,CELEBRITY MERCURY,16,SITKA
2008-07-25T05:05:55,249053000,58.31106667,-134.9889,0,180.6,16.7,181,9106302,9HJG9,CELEBRITY MERCURY,16,SITKA
2008-07-25T05:05:50,249053000,58.31153333,-134.9889,0,180.3,16.8,181,9106302,9HJG9,CELEBRITY MERCURY,16,SITKA
2008-07-25T05:05:43,249053000,58.312,-134.9889,0,180.3,16.8,181,9106302,9HJG9,CELEBRITY MERCURY,16,SITKA
2008-07-25T05:05:41,249053000,58.31238333,-134.9889,0,179.3,16.8,180,9106302,9HJG9,CELEBRITY MERCURY,16,SITKA
2008-07-25T05:05:32,249053000,58.31293333,-134.9889167,0,179.3,16.8,180,9106302,9HJG9,CELEBRITY MERCURY,16,SITKA
2008-07-25T05:05:26,249053000,58.31338333,-134.9889167,0,178.9,16.8,180,9106302,9HJG9,CELEBRITY MERCURY,16,SITKA
2008-07-25T05:05:14,249053000,58.31428333,-134.98895,0,177.9,16.8,179,9106302,9HJG9,CELEBRITY MERCURY,16,SITKA
2008-07-25T05:05:07,249053000,58.31483333,-134.9889833,0,178.3,16.8,179,9106302,9HJG9,CELEBRITY MERCURY,16,SITKA
2008-07-25T05:05:02,249053000,58.31551667,-134.9890167,0,177.3,16.8,178,9106302,9HJG9,CELEBRITY MERCURY,16,SITKA
2008-07-25T05:04:55,249053000,58.31573333,-134.9890333,0,177.6,16.8,178,9106302,9HJG9,CELEBRITY MERCURY,16,SITKA
2008-07-25T05:04:50,249053000,58.31611667,-134.98905,0,176.3,17.1,177,9106302,9HJG9,CELEBRITY MERCURY,16,SITKA
2008-07-25T05:04:43,249053000,58.31666667,-134.9891333,0,175.6,17.0,176,9106302,9HJG9,CELEBRITY MERCURY,16,SITKA
2008-07-25T05:04:26,249053000,58.3181,-134.9893167,0,175.0,17.0,175,9106302,9HJG9,CELEBRITY MERCURY,16,SITKA
2008-07-25T05:04:19,249053000,58.31858333,-134.9893833,0,175.3,17.0,175,9106302,9HJG9,CELEBRITY MERCURY,16,SITKA
2008-07-25T05:04:14,249053000,58.31895,-134.9894333,0,175.0,17.0,175,9106302,9HJG9,CELEBRITY MERCURY,16,SITKA
2008-07-25T05:04:07,249053000,58.31948333,-134.9895,0,175.0,17.0,175,9106302,9HJG9,CELEBRITY MERCURY,16,SITKA
2008-07-25T05:04:02,249053000,58.32018333,-134.9896167,0,175.0,17.0,175,9106302,9HJG9,CELEBRITY MERCURY,16,SITKA
2008-07-25T05:03:50,249053000,58.32086667,-134.9897167,0,175.0,17.0,175,9106302,9HJG9,CELEBRITY MERCURY,16,SITKA
2008-07-25T05:03:37,249053000,58.32186667,-134.9898833,0,175.0,17.1,175,9106302,9HJG9,CELEBRITY MERCURY,16,SITKA
2008-07-25T05:03:32,249053000,58.32223333,-134.9899167,0,175.0,17.1,175,9106302,9HJG9,CELEBRITY MERCURY,16,SITKA
2008-07-25T05:03:32,249053000,58.3227,-134.99,0,0.0,0.0,0,9106302,9HJG9,CELEBRITY MERCURY,16,SITKA
2008-07-25T05:03:26,249053000,58.3227,-134.99,0,175.0,17.1,175,9106302,9HJG9,CELEBRITY MERCURY,16,SITKA
2008-07-25T05:03:14,249053000,58.32361667,-134.99015,0,175.0,17.2,175,9106302,9HJG9,CELEBRITY MERCURY,16,SITKA
2008-07-25T05:03:07,249053000,58.3245,-134.9902833,0,175.3,17.2,175,9106302,9HJG9,CELEBRITY MERCURY,16,SITKA
2008-07-25T05:03:02,249053000,58.32465,-134.9903167,0,175.3,17.2,175,9106302,9HJG9,CELEBRITY MERCURY,16,SITKA
2008-07-25T05:02:55,249053000,58.3251,-134.9903833,0,175.3,17.2,175,9106302,9HJG9,CELEBRITY MERCURY,16,SITKA
2008-07-25T05:02:50,249053000,58.32558333,-134.9904667,0,175.3,17.2,175,9106302,9HJG9,CELEBRITY MERCURY,16,SITKA
2008-07-25T05:02:43,249053000,58.32645,-134.9905833,0,175.3,17.2,175,9106302,9HJG9,CELEBRITY MERCURY,16,SITKA
2008-07-25T05:02:37,249053000,58.3265,-134.9906,0,175.3,17.2,175,9106302,9HJG9,CELEBRITY MERCURY,16,SITKA
2008-07-25T05:02:33,249053000,58.32695,-134.9906833,0,175.0,17.2,175,9106302,9HJG9,CELEBRITY MERCURY,16,SITKA
2008-07-25T05:02:26,249053000,58.32751667,-134.9907667,0,175.0,17.2,175,9106302,9HJG9,CELEBRITY MERCURY,16,SITKA
2008-07-25T05:02:19,249053000,58.32815,-134.9908833,0,175.0,17.3,175,9106302,9HJG9,CELEBRITY MERCURY,16,SITKA
2008-07-25T05:02:14,249053000,58.32845,-134.9909333,0,175.0,17.3,175,9106302,9HJG9,CELEBRITY MERCURY,16,SITKA
2008-07-25T05:02:07,249053000,58.3289,-134.991,0,175.0,17.3,175,9106302,9HJG9,CELEBRITY MERCURY,16,SITKA
2008-07-25T05:02:02,249053000,58.32936667,-134.9910833,0,175.0,17.3,175,9106302,9HJG9,CELEBRITY MERCURY,16,SITKA
2008-07-25T05:01:56,249053000,58.32993333,-134.9911833,0,174.6,17.4,175,9106302,9HJG9,CELEBRITY MERCURY,16,SITKA
2008-07-25T05:01:49,249053000,58.33056667,-134.9913,0,175.0,17.4,175,9106302,9HJG9,CELEBRITY MERCURY,16,SITKA
2008-07-25T05:01:43,249053000,58.33095,-134.9913833,0,175.0,17.4,175,9106302,9HJG9,CELEBRITY MERCURY,16,SITKA
2008-07-25T05:01:37,249053000,58.33141667,-134.99145,0,175.0,17.4,175,9106302,9HJG9,CELEBRITY MERCURY,16,SITKA
2008-07-25T05:01:32,249053000,58.3318,-134.9915,0,175.0,17.4,175,9106302,9HJG9,CELEBRITY MERCURY,16,SITKA
2008-07-25T05:01:26,249053000,58.33251667,-134.9916167,0,174.6,17.5,175,9106302,9HJG9,CELEBRITY MERCURY,16,SITKA
2008-07-25T05:01:19,249053000,58.33285,-134.99165,0,175.0,17.5,175,9106302,9HJG9,CELEBRITY MERCURY,16,SITKA
2008-07-25T05:01:14,249053000,58.33321667,-134.9917333,0,175.0,17.5,175,9106302,9HJG9,CELEBRITY MERCURY,16,SITKA
2008-07-25T05:01:02,249053000,58.3345,-134.99195,0,175.0,17.5,175,9106302,9HJG9,CELEBRITY MERCURY,16,SITKA
2008-07-25T05:00:55,249053000,58.33466667,-134.9919833,0,175.3,17.5,175,9106302,9HJG9,CELEBRITY MERCURY,16,SITKA
2008-07-25T05:00:50,249053000,58.33521667,-134.9920833,0,175.3,17.5,175,9106302,9HJG9,CELEBRITY MERCURY,16,SITKA
2008-07-25T05:00:43,249053000,58.33578333,-134.9921833,0,175.3,17.5,175,9106302,9HJG9,CELEBRITY MERCURY,16,SITKA
2008-07-25T05:00:37,249053000,58.33626667,-134.99225,0,175.3,17.5,175,9106302,9HJG9,CELEBRITY MERCURY,16,SITKA
2008-07-25T05:00:32,249053000,58.33663333,-134.9923167,0,175.3,17.5,175,9106302,9HJG9,CELEBRITY MERCURY,16,SITKA
2008-07-25T05:00:26,249053000,58.33746667,-134.9924333,0,176.3,17.7,176,9106302,9HJG9,CELEBRITY MERCURY,16,SITKA
2008-07-25T05:00:14,249053000,58.33833333,-134.99255,0,177.3,17.7,177,9106302,9HJG9,CELEBRITY MERCURY,16,SITKA
2008-07-25T05:00:08,249053000,58.33865,-134.9925667,0,177.0,17.7,177,9106302,9HJG9,CELEBRITY MERCURY,16,SITKA
2008-07-25T05:00:02,249053000,58.33913333,-134.9926167,0,178.0,17.7,178,9106302,9HJG9,CELEBRITY MERCURY,16,SITKA
2008-07-25T04:59:55,249053000,58.33961667,-134.99265,0,178.0,17.8,178,9106302,9HJG9,CELEBRITY MERCURY,16,SITKA
2008-07-25T04:59:50,249053000,58.34008333,-134.9926833,0,178.0,17.9,178,9106302,9HJG9,CELEBRITY MERCURY,16,SITKA
2008-07-25T04:59:43,249053000,58.34068333,-134.9927167,0,178.0,17.9,178,9106302,9HJG9,CELEBRITY MERCURY,16,SITKA
2008-07-25T04:59:37,249053000,58.34115,-134.99275,0,178.0,17.9,178,9106302,9HJG9,CELEBRITY MERCURY,16,SITKA
2008-07-25T04:59:32,249053000,58.34153333,-134.9927667,0,177.6,18.0,178,9106302,9HJG9,CELEBRITY MERCURY,16,SITKA
2008-07-25T04:59:26,249053000,58.34213333,-134.9928167,0,178.0,18.0,178,9106302,9HJG9,CELEBRITY MERCURY,16,SITKA
2008-07-25T04:59:19,249053000,58.34278333,-134.99285,0,178.0,18.1,178,9106302,9HJG9,CELEBRITY MERCURY,16,SITKA
2008-07-25T04:59:08,249053000,58.34358333,-134.9929167,0,178.0,18.1,178,9106302,9HJG9,CELEBRITY MERCURY,16,SITKA
2008-07-25T04:59:02,249053000,58.34408333,-134.99295,0,178.0,18.2,178,9106302,9HJG9,CELEBRITY MERCURY,16,SITKA
2008-07-25T04:58:55,249053000,58.34473333,-134.9929833,0,178.0,18.2,178,9106302,9HJG9,CELEBRITY MERCURY,16,SITKA
2008-07-25T04:58:50,249053000,58.34525,-134.9930333,0,178.3,18.2,178,9106302,9HJG9,CELEBRITY MERCURY,16,SITKA
2008-07-25T04:58:38,249053000,58.34613333,-134.9930833,0,178.3,18.4,178,9106302,9HJG9,CELEBRITY MERCURY,16,SITKA
2008-07-25T04:58:32,249053000,58.34688333,-134.9931167,0,178.3,18.4,178,9106302,9HJG9,CELEBRITY MERCURY,16,SITKA
2008-07-25T04:58:26,249053000,58.34715,-134.99315,0,178.0,18.5,178,9106302,9HJG9,CELEBRITY MERCURY,16,SITKA
2008-07-25T04:58:08,249053000,58.34881667,-134.99325,0,178.6,18.6,179,9106302,9HJG9,CELEBRITY MERCURY,16,SITKA
2008-07-25T04:58:02,249053000,58.34915,-134.9932833,0,177.6,18.6,178,9106302,9HJG9,CELEBRITY MERCURY,16,SITKA
2008-07-25T04:57:55,249053000,58.34985,-134.9933167,0,178.0,18.7,178,9106302,9HJG9,CELEBRITY MERCURY,16,SITKA
2008-07-25T04:57:50,249053000,58.35025,-134.99335,0,177.6,18.8,178,9106302,9HJG9,CELEBRITY MERCURY,16,SITKA
2008-07-25T04:57:43,249053000,58.35085,-134.9933833,0,178.3,18.8,178,9106302,9HJG9,CELEBRITY MERCURY,16,SITKA
2008-07-25T04:57:38,249053000,58.35128333,-134.9934167,0,178.3,18.8,178,9106302,9HJG9,CELEBRITY MERCURY,16,SITKA
2008-07-25T04:57:32,249053000,58.35176667,-134.99345,0,178.3,18.8,178,9106302,9HJG9,CELEBRITY MERCURY,16,SITKA
2008-07-25T04:57:30,249053000,58.35325,-134.99355,0,0.0,0.0,0,9106302,9HJG9,CELEBRITY MERCURY,16,SITKA
2008-07-25T04:57:19,249053000,58.35325,-134.99355,0,178.3,18.9,178,9106302,9HJG9,CELEBRITY MERCURY,16,SITKA
2008-07-25T04:57:13,249053000,58.35331667,-134.99355,0,178.3,18.9,178,9106302,9HJG9,CELEBRITY MERCURY,16,SITKA
2008-07-25T04:57:08,249053000,58.35391667,-134.9935833,0,178.3,18.9,178,9106302,9HJG9,CELEBRITY MERCURY,16,SITKA
2008-07-25T04:57:02,249053000,58.35431667,-134.9936167,0,178.3,18.9,178,9106302,9HJG9,CELEBRITY MERCURY,16,SITKA
2008-07-25T04:56:55,249053000,58.35495,-134.99365,0,178.3,18.9,178,9106302,9HJG9,CELEBRITY MERCURY,16,SITKA
2008-07-25T04:56:43,249053000,58.35596667,-134.9937167,0,178.3,18.9,178,9106302,9HJG9,CELEBRITY MERCURY,16,SITKA
2008-07-25T04:56:32,249053000,58.35688333,-134.9937667,0,178.3,18.9,178,9106302,9HJG9,CELEBRITY MERCURY,16,SITKA
2008-07-25T04:56:19,249053000,58.35811667,-134.9938333,0,178.0,18.9,178,9106302,9HJG9,CELEBRITY MERCURY,16,SITKA
2008-07-25T04:56:13,249053000,58.35896667,-134.9938833,0,178.0,18.9,178,9106302,9HJG9,CELEBRITY MERCURY,16,SITKA
2008-07-25T04:56:08,249053000,58.35913333,-134.9938833,0,177.6,18.9,178,9106302,9HJG9,CELEBRITY MERCURY,16,SITKA
2008-07-25T04:55:50,249053000,58.36093333,-134.9940167,0,178.3,18.9,178,9106302,9HJG9,CELEBRITY MERCURY,16,SITKA
2008-07-25T04:55:43,249053000,58.36161667,-134.99405,0,178.3,18.9,178,9106302,9HJG9,CELEBRITY MERCURY,16,SITKA
2008-07-25T04:55:38,249053000,58.36178333,-134.99405,0,178.3,18.9,178,9106302,9HJG9,CELEBRITY MERCURY,16,SITKA
2008-07-25T04:55:25,249053000,58.36296667,-134.9941167,0,179.6,18.9,179,9106302,9HJG9,CELEBRITY MERCURY,16,SITKA
2008-07-25T04:55:19,249053000,58.36333333,-134.9941333,0,179.6,18.9,179,9106302,9HJG9,CELEBRITY MERCURY,16,SITKA
2008-07-25T04:55:13,249053000,58.36393333,-134.99415,0,179.6,18.9,179,9106302,9HJG9,CELEBRITY MERCURY,16,SITKA
2008-07-25T04:55:08,249053000,58.36435,-134.9941667,0,180.6,18.9,180,9106302,9HJG9,CELEBRITY MERCURY,16,SITKA
2008-07-25T04:55:02,249053000,58.36505,-134.99415,0,180.6,18.9,180,9106302,9HJG9,CELEBRITY MERCURY,16,SITKA
2008-07-25T04:54:55,249053000,58.36548333,-134.99415,0,181.3,18.9,181,9106302,9HJG9,CELEBRITY MERCURY,16,SITKA
2008-07-25T04:54:43,249053000,58.36651667,-134.9941167,0,182.2,19.1,182,9106302,9HJG9,CELEBRITY MERCURY,16,SITKA
2008-07-25T04:54:38,249053000,58.36701667,-134.9940833,0,183.2,19.1,183,9106302,9HJG9,CELEBRITY MERCURY,16,SITKA
2008-07-25T04:54:32,249053000,58.36763333,-134.9940167,0,183.5,19.2,183,9106302,9HJG9,CELEBRITY MERCURY,16,SITKA
2008-07-25T04:54:25,249053000,58.36806667,-134.994,0,184.8,19.2,184,9106302,9HJG9,CELEBRITY MERCURY,16,SITKA
2008-07-25T04:54:13,249053000,58.3692,-134.9938333,0,185.5,19.3,185,9106302,9HJG9,CELEBRITY MERCURY,16,SITKA
2008-07-25T04:54:07,249053000,58.36991667,-134.9936833,0,185.5,19.3,185,9106302,9HJG9,CELEBRITY MERCURY,16,SITKA
2008-07-25T04:53:55,249053000,58.37113333,-134.9934667,0,186.5,19.4,186,9106302,9HJG9,CELEBRITY MERCURY,16,SITKA
2008-07-25T04:53:50,249053000,58.37128333,-134.9934333,0,187.2,19.4,187,9106302,9HJG9,CELEBRITY MERCURY,16,SITKA
2008-07-25T04:53:43,249053000,58.37181667,-134.9933167,0,187.0,19.5,187,9106302,9HJG9,CELEBRITY MERCURY,16,SITKA
2008-07-25T04:53:37,249053000,58.3724,-134.9931667,0,186.7,19.5,187,9106302,9HJG9,CELEBRITY MERCURY,16,SITKA
2008-07-25T04:53:25,249053000,58.37346667,-134.9929333,0,187.2,19.5,187,9106302,9HJG9,CELEBRITY MERCURY,16,SITKA
2008-07-25T04:53:19,249053000,58.37398333,-134.9928,0,187.2,19.5,187,9106302,9HJG9,CELEBRITY MERCURY,16,SITKA
2008-07-25T04:53:13,249053000,58.3746,-134.99265,0,187.2,19.7,187,9106302,9HJG9,CELEBRITY MERCURY,16,SITKA
2008-07-25T04:53:07,249053000,58.37523333,-134.9925,0,187.5,19.7,187,9106302,9HJG9,CELEBRITY MERCURY,16,SITKA
2008-07-25T04:53:02,249053000,58.37546667,-134.9924333,0,187.5,19.7,187,9106302,9HJG9,CELEBRITY MERCURY,16,SITKA
2008-07-25T04:52:50,249053000,58.37671667,-134.9921333,0,187.5,19.8,187,9106302,9HJG9,CELEBRITY MERCURY,16,SITKA
2008-07-25T04:52:43,249053000,58.37725,-134.992,0,187.5,19.9,187,9106302,9HJG9,CELEBRITY MERCURY,16,SITKA
2008-07-25T04:52:37,249053000,58.3778,-134.9918667,0,187.5,19.9,187,9106302,9HJG9,CELEBRITY MERCURY,16,SITKA
2008-07-25T04:52:32,249053000,58.37833333,-134.9917167,0,187.5,20.0,187,9106302,9HJG9,CELEBRITY MERCURY,16,SITKA
2008-07-25T04:52:25,249053000,58.37925,-134.9915167,0,187.2,20.0,187,9106302,9HJG9,CELEBRITY MERCURY,16,SITKA
2008-07-25T04:52:20,249053000,58.37951667,-134.99145,0,187.2,20.0,187,9106302,9HJG9,CELEBRITY MERCURY,16,SITKA
2008-07-25T04:52:13,249053000,58.37995,-134.9913333,0,187.2,20.1,187,9106302,9HJG9,CELEBRITY MERCURY,16,SITKA
2008-07-25T04:52:07,249053000,58.38058333,-134.9911667,0,187.2,20.1,187,9106302,9HJG9,CELEBRITY MERCURY,16,SITKA
2008-07-25T04:52:01,249053000,58.3813,-134.9909667,0,187.2,20.2,187,9106302,9HJG9,CELEBRITY MERCURY,16,SITKA
2008-07-25T04:51:55,249053000,58.38168333,-134.9908833,0,187.2,20.2,187,9106302,9HJG9,CELEBRITY MERCURY,16,SITKA
2008-07-25T04:51:49,249053000,58.38221667,-134.99075,0,187.2,20.2,187,9106302,9HJG9,CELEBRITY MERCURY,16,SITKA
2008-07-25T04:51:43,249053000,58.38276667,-134.9906167,0,187.2,20.2,187,9106302,9HJG9,CELEBRITY MERCURY,16,SITKA
2008-07-25T04:51:32,249053000,58.38375,-134.9903667,0,187.2,20.2,187,9106302,9HJG9,CELEBRITY MERCURY,16,SITKA
2008-07-25T04:51:27,249053000,58.3845,-134.9901833,0,0.0,0.0,0,9106302,9HJG9,CELEBRITY MERCURY,16,SITKA
2008-07-25T04:51:25,249053000,58.3845,-134.9901833,0,187.2,20.4,187,9106302,9HJG9,CELEBRITY MERCURY,16,SITKA
2008-07-25T04:51:19,249053000,58.38505,-134.9900333,0,187.2,20.4,187,9106302,9HJG9,CELEBRITY MERCURY,16,SITKA
2008-07-25T04:51:13,249053000,58.3856,-134.9899,0,187.0,20.5,187,9106302,9HJG9,CELEBRITY MERCURY,16,SITKA
2008-07-25T04:51:07,249053000,58.38626667,-134.98975,0,187.0,20.6,187,9106302,9HJG9,CELEBRITY MERCURY,16,SITKA
2008-07-25T04:51:01,249053000,58.38696667,-134.9895667,0,187.2,20.6,187,9106302,9HJG9,CELEBRITY MERCURY,16,SITKA
2008-07-25T04:50:55,249053000,58.38755,-134.9894333,0,187.2,20.6,187,9106302,9HJG9,CELEBRITY MERCURY,16,SITKA
2008-07-25T04:50:49,249053000,58.38781667,-134.9893667,0,187.2,20.7,187,9106302,9HJG9,CELEBRITY MERCURY,16,SITKA
2008-07-25T04:50:43,249053000,58.38846667,-134.9892167,0,187.2,20.6,187,9106302,9HJG9,CELEBRITY MERCURY,16,SITKA
2008-07-25T04:50:37,249053000,58.3895,-134.9889333,0,188.2,20.7,188,9106302,9HJG9,CELEBRITY MERCURY,16,SITKA
2008-07-25T04:50:32,249053000,58.38948333,-134.9889333,0,188.0,20.7,188,9106302,9HJG9,CELEBRITY MERCURY,16,SITKA
2008-07-25T04:50:26,249053000,58.39015,-134.9887833,0,187.2,20.7,187,9106302,9HJG9,CELEBRITY MERCURY,16,SITKA
2008-07-25T04:50:19,249053000,58.3907,-134.9886333,0,187.2,20.7,187,9106302,9HJG9,CELEBRITY MERCURY,16,SITKA
2008-07-25T04:50:13,249053000,58.39163333,-134.9883833,0,187.5,20.7,187,9106302,9HJG9,CELEBRITY MERCURY,16,SITKA
2008-07-25T04:50:01,249053000,58.39238333,-134.9882167,0,188.2,20.7,187,9106302,9HJG9,CELEBRITY MERCURY,16,SITKA
2008-07-25T04:49:55,249053000,58.39303333,-134.98805,0,187.2,20.7,187,9106302,9HJG9,CELEBRITY MERCURY,16,SITKA
2008-07-25T04:49:49,249053000,58.3937,-134.9878667,0,187.5,20.7,187,9106302,9HJG9,CELEBRITY MERCURY,16,SITKA
2008-07-25T04:49:43,249053000,58.39425,-134.9877333,0,187.5,20.7,187,9106302,9HJG9,CELEBRITY MERCURY,16,SITKA
2008-07-25T04:49:37,249053000,58.3947,-134.9876167,0,187.5,20.7,187,9106302,9HJG9,CELEBRITY MERCURY,16,SITKA
2008-07-25T04:49:32,249053000,58.39515,-134.9875,0,187.5,20.7,187,9106302,9HJG9,CELEBRITY MERCURY,16,SITKA
2008-07-25T04:49:25,249053000,58.39581667,-134.9873333,0,187.5,20.7,187,9106302,9HJG9,CELEBRITY MERCURY,16,SITKA
2008-07-25T04:49:20,249053000,58.39636667,-134.9872,0,187.5,20.7,187,9106302,9HJG9,CELEBRITY MERCURY,16,SITKA
2008-07-25T04:49:13,249053000,58.39683333,-134.9870833,0,187.5,20.6,187,9106302,9HJG9,CELEBRITY MERCURY,16,SITKA
2008-07-25T04:49:07,249053000,58.39778333,-134.9868333,0,187.8,20.7,187,9106302,9HJG9,CELEBRITY MERCURY,16,SITKA
2008-07-25T04:49:01,249053000,58.39815,-134.9867333,0,187.8,20.6,187,9106302,9HJG9,CELEBRITY MERCURY,16,SITKA
2008-07-25T04:48:55,249053000,58.3987,-134.9865833,0,187.5,20.6,187,9106302,9HJG9,CELEBRITY MERCURY,16,SITKA
2008-07-25T04:48:49,249053000,58.39935,-134.9864167,0,187.8,20.6,187,9106302,9HJG9,CELEBRITY MERCURY,16,SITKA
2008-07-25T04:48:43,249053000,58.39981667,-134.9862833,0,187.8,20.6,187,9106302,9HJG9,CELEBRITY MERCURY,16,SITKA
2008-07-25T04:48:37,249053000,58.40046667,-134.9861167,0,188.1,20.5,187,9106302,9HJG9,CELEBRITY MERCURY,16,SITKA
2008-07-25T04:48:25,249053000,58.40165,-134.9858,0,188.4,20.4,187,9106302,9HJG9,CELEBRITY MERCURY,16,SITKA
2008-07-25T04:48:20,249053000,58.40201667,-134.9857,0,188.6,20.4,187,9106302,9HJG9,CELEBRITY MERCURY,16,SITKA
2008-07-25T04:48:07,249053000,58.40321667,-134.98535,0,188.9,20.2,187,9106302,9HJG9,CELEBRITY MERCURY,16,SITKA
2008-07-25T04:48:02,249053000,58.40411667,-134.9850833,0,189.2,20.2,187,9106302,9HJG9,CELEBRITY MERCURY,16,SITKA
2008-07-25T04:47:56,249053000,58.4042,-134.98505,0,189.2,20.2,187,9106302,9HJG9,CELEBRITY MERCURY,16,SITKA
2008-07-25T04:47:49,249053000,58.40521667,-134.98475,0,189.5,20.0,187,9106302,9HJG9,CELEBRITY MERCURY,16,SITKA
2008-07-25T04:47:43,249053000,58.40538333,-134.9847,0,189.2,20.0,187,9106302,9HJG9,CELEBRITY MERCURY,16,SITKA
2008-07-25T04:47:37,249053000,58.40611667,-134.98445,0,189.5,19.9,187,9106302,9HJG9,CELEBRITY MERCURY,16,SITKA
2008-07-25T04:47:31,249053000,58.40645,-134.98435,0,189.8,19.9,187,9106302,9HJG9,CELEBRITY MERCURY,16,SITKA
2008-07-25T04:47:25,249053000,58.40698333,-134.9841667,0,189.8,19.8,187,9106302,9HJG9,CELEBRITY MERCURY,16,SITKA
2008-07-25T04:47:20,249053000,58.40755,-134.984,0,189.9,19.7,187,9106302,9HJG9,CELEBRITY MERCURY,16,SITKA
2008-07-25T04:47:13,249053000,58.40816667,-134.9838,0,189.9,19.5,187,9106302,9HJG9,CELEBRITY MERCURY,16,SITKA
2008-07-25T04:47:07,249053000,58.40871667,-134.9836167,0,189.9,19.5,187,9106302,9HJG9,CELEBRITY MERCURY,16,SITKA
2008-07-25T04:47:02,249053000,58.4092,-134.9834833,0,190.2,19.4,187,9106302,9HJG9,CELEBRITY MERCURY,16,SITKA
2008-07-25T04:46:56,249053000,58.40991667,-134.9832333,0,190.8,19.3,187,9106302,9HJG9,CELEBRITY MERCURY,16,SITKA
2008-07-25T04:46:49,249053000,58.41045,-134.9830333,0,191.1,19.3,187,9106302,9HJG9,CELEBRITY MERCURY,16,SITKA
2008-07-25T04:46:43,249053000,58.41086667,-134.9828833,0,191.1,19.2,187,9106302,9HJG9,CELEBRITY MERCURY,16,SITKA
2008-07-25T04:46:37,249053000,58.41136667,-134.9827,0,191.2,19.0,187,9106302,9HJG9,CELEBRITY MERCURY,16,SITKA
2008-07-25T04:46:31,249053000,58.41231667,-134.9823333,0,191.8,18.9,187,9106302,9HJG9,CELEBRITY MERCURY,16,SITKA
2008-07-25T04:46:25,249053000,58.41246667,-134.9822667,0,192.4,18.8,187,9106302,9HJG9,CELEBRITY MERCURY,16,SITKA
2008-07-25T04:46:20,249053000,58.4128,-134.98215,0,193.4,18.8,188,9106302,9HJG9,CELEBRITY MERCURY,16,SITKA
2008-07-25T04:46:13,249053000,58.41346667,-134.9818667,0,194.1,18.7,188,9106302,9HJG9,CELEBRITY MERCURY,16,SITKA
2008-07-25T04:46:07,249053000,58.41405,-134.9815833,0,194.4,18.7,188,9106302,9HJG9,CELEBRITY MERCURY,16,SITKA
2008-07-25T04:46:02,249053000,58.41435,-134.9814333,0,195.7,18.6,189,9106302,9HJG9,CELEBRITY MERCURY,16,SITKA
2008-07-25T04:45:56,249053000,58.41485,-134.9812,0,196.2,18.5,190,9106302,9HJG9,CELEBRITY MERCURY,16,SITKA
2008-07-25T04:45:49,249053000,58.41543333,-134.9809,0,197.5,18.5,191,9106302,9HJG9,CELEBRITY MERCURY,16,SITKA
2008-07-25T04:45:43,249053000,58.416,-134.9805667,0,198.5,18.5,192,9106302,9HJG9,CELEBRITY MERCURY,16,SITKA
2008-07-25T04:45:37,249053000,58.41648333,-134.9802667,0,200.4,18.6,194,9106302,9HJG9,CELEBRITY MERCURY,16,SITKA
2008-07-25T04:45:31,249053000,58.41685,-134.98,0,202.1,18.6,196,9106302,9HJG9,CELEBRITY MERCURY,16,SITKA
2008-07-25T04:45:29,249053000,58.41731667,-134.9796667,0,0.0,0.0,0,9106302,9HJG9,CELEBRITY MERCURY,16,SITKA
2008-07-25T04:45:25,249053000,58.41731667,-134.9796667,0,204.4,18.6,197,9106302,9HJG9,CELEBRITY MERCURY,16,SITKA
2008-07-25T04:45:07,249053000,58.4188,-134.9784,0,209.1,18.6,203,9106302,9HJG9,CELEBRITY MERCURY,16,SITKA
2008-07-25T04:45:02,249053000,58.41923333,-134.9779667,0,210.1,18.6,204,9106302,9HJG9,CELEBRITY MERCURY,16,SITKA
2008-07-25T04:44:56,249053000,58.41961667,-134.9775667,0,212.4,18.7,206,9106302,9HJG9,CELEBRITY MERCURY,16,SITKA
2008-07-25T04:44:49,249053000,58.42041667,-134.9766333,0,214.1,18.7,207,9106302,9HJG9,CELEBRITY MERCURY,16,SITKA
2008-07-25T04:44:43,249053000,58.42083333,-134.9760833,0,217.3,18.8,210,9106302,9HJG9,CELEBRITY MERCURY,16,SITKA
2008-07-25T04:44:37,249053000,58.42103333,-134.9758333,0,217.1,18.8,211,9106302,9HJG9,CELEBRITY MERCURY,16,SITKA
2008-07-25T04:44:31,249053000,58.42138333,-134.9753667,0,219.1,18.8,213,9106302,9HJG9,CELEBRITY MERCURY,16,SITKA
2008-07-25T04:44:25,249053000,58.42186667,-134.9746667,0,221.1,18.8,214,9106302,9HJG9,CELEBRITY MERCURY,16,SITKA
2008-07-25T04:44:20,249053000,58.42243333,-134.97375,0,222.3,18.9,216,9106302,9HJG9,CELEBRITY MERCURY,16,SITKA
2008-07-25T04:44:14,249053000,58.42263333,-134.9734333,0,224.3,18.9,218,9106302,9HJG9,CELEBRITY MERCURY,16,SITKA
2008-07-25T04:44:07,249053000,58.42295,-134.9728833,0,225.3,18.9,219,9106302,9HJG9,CELEBRITY MERCURY,16,SITKA
2008-07-25T04:44:02,249053000,58.42336667,-134.9720667,0,227.0,18.9,221,9106302,9HJG9,CELEBRITY MERCURY,16,SITKA
2008-07-25T04:43:56,249053000,58.42375,-134.9713667,0,229.0,18.9,223,9106302,9HJG9,CELEBRITY MERCURY,16,SITKA
2008-07-25T04:43:49,249053000,58.42408333,-134.9706167,0,231.0,19.1,225,9106302,9HJG9,CELEBRITY MERCURY,16,SITKA
2008-07-25T04:43:43,249053000,58.42455,-134.9696,0,233.3,19.1,226,9106302,9HJG9,CELEBRITY MERCURY,16,SITKA
2008-07-25T04:43:37,249053000,58.4248,-134.9689667,0,234.9,19.2,228,9106302,9HJG9,CELEBRITY MERCURY,16,SITKA
2008-07-25T04:43:31,249053000,58.42508333,-134.9683167,0,235.6,19.2,230,9106302,9HJG9,CELEBRITY MERCURY,16,SITKA
2008-07-25T04:43:25,249053000,58.42543333,-134.9673667,0,236.7,19.2,232,9106302,9HJG9,CELEBRITY MERCURY,16,SITKA
2008-07-25T04:43:19,249053000,58.42568333,-134.9666833,0,238.7,19.2,233,9106302,9HJG9,CELEBRITY MERCURY,16,SITKA
2008-07-25T04:43:14,249053000,58.42606667,-134.9655667,0,240.6,19.2,235,9106302,9HJG9,CELEBRITY MERCURY,16,SITKA
2008-07-25T04:43:07,249053000,58.42633333,-134.9646833,0,241.7,19.2,237,9106302,9HJG9,CELEBRITY MERCURY,16,SITKA
2008-07-25T04:43:02,249053000,58.42658333,-134.9638167,0,243.0,19.2,238,9106302,9HJG9,CELEBRITY MERCURY,16,SITKA
2008-07-25T04:42:56,249053000,58.4268,-134.9630833,0,244.1,19.2,240,9106302,9HJG9,CELEBRITY MERCURY,16,SITKA
2008-07-25T04:42:49,249053000,58.42713333,-134.9618833,0,246.7,19.3,242,9106302,9HJG9,CELEBRITY MERCURY,16,SITKA
2008-07-25T04:42:43,249053000,58.4273,-134.9611,0,248.1,19.3,244,9106302,9HJG9,CELEBRITY MERCURY,16,SITKA
2008-07-25T04:42:37,249053000,58.42753333,-134.9600333,0,249.8,19.2,245,9106302,9HJG9,CELEBRITY MERCURY,16,SITKA
2008-07-25T04:42:32,249053000,58.42763333,-134.95965,0,250.5,19.3,247,9106302,9HJG9,CELEBRITY MERCURY,16,SITKA
2008-07-25T04:42:25,249053000,58.4279,-134.9583333,0,252.8,19.2,249,9106302,9HJG9,CELEBRITY MERCURY,16,SITKA
2008-07-25T04:42:19,249053000,58.42808333,-134.9572667,0,253.2,19.3,250,9106302,9HJG9,CELEBRITY MERCURY,16,SITKA
2008-07-25T04:42:14,249053000,58.42821667,-134.95645,0,254.9,19.3,252,9106302,9HJG9,CELEBRITY MERCURY,16,SITKA
2008-07-25T04:42:02,249053000,58.4285,-134.9543833,0,257.6,19.3,255,9106302,9HJG9,CELEBRITY MERCURY,16,SITKA
2008-07-25T04:41:55,249053000,58.4286,-134.9535667,0,258.3,19.3,256,9106302,9HJG9,CELEBRITY MERCURY,16,SITKA
2008-07-25T04:41:49,249053000,58.42873333,-134.9524333,0,260.6,19.2,258,9106302,9HJG9,CELEBRITY MERCURY,16,SITKA
2008-07-25T04:41:43,249053000,58.42885,-134.9511,0,262.6,19.2,260,9106302,9HJG9,CELEBRITY MERCURY,16,SITKA
2008-07-25T04:41:38,249053000,58.42891667,-134.9504333,0,262.7,19.2,261,9106302,9HJG9,CELEBRITY MERCURY,16,SITKA
2008-07-25T04:41:32,249053000,58.42901667,-134.94945,0,263.7,19.1,262,9106302,9HJG9,CELEBRITY MERCURY,16,SITKA
2008-07-25T04:41:19,249053000,58.4291,-134.9474833,0,266.5,18.9,265,9106302,9HJG9,CELEBRITY MERCURY,16,SITKA
2008-07-25T04:41:14,249053000,58.42915,-134.9463333,0,267.5,18.9,266,9106302,9HJG9,CELEBRITY MERCURY,16,SITKA
2008-07-25T04:41:07,249053000,58.42918333,-134.945,0,269.5,18.9,268,9106302,9HJG9,CELEBRITY MERCURY,16,SITKA
2008-07-25T04:40:55,249053000,58.42916667,-134.9431833,0,272.8,18.9,271,9106302,9HJG9,CELEBRITY MERCURY,16,SITKA
2008-07-25T04:40:49,249053000,58.42915,-134.9423833,0,273.8,18.9,272,9106302,9HJG9,CELEBRITY MERCURY,16,SITKA
2008-07-25T04:40:43,249053000,58.42913333,-134.9414,0,275.1,18.9,273,9106302,9HJG9,CELEBRITY MERCURY,16,SITKA
2008-07-25T04:40:37,249053000,58.42908333,-134.94045,0,276.8,18.9,275,9106302,9HJG9,CELEBRITY MERCURY,16,SITKA
2008-07-25T04:40:25,249053000,58.42895,-134.93785,0,279.1,18.8,277,9106302,9HJG9,CELEBRITY MERCURY,16,SITKA
2008-07-25T04:40:19,249053000,58.42893333,-134.9375,0,280.1,18.8,278,9106302,9HJG9,CELEBRITY MERCURY,16,SITKA
2008-07-25T04:40:14,249053000,58.42881667,-134.9363667,0,282.4,18.8,280,9106302,9HJG9,CELEBRITY MERCURY,16,SITKA
2008-07-25T04:40:07,249053000,58.42871667,-134.93545,0,283.7,18.8,281,9106302,9HJG9,CELEBRITY MERCURY,16,SITKA
2008-07-25T04:39:55,249053000,58.42848333,-134.93355,0,287.3,18.9,284,9106302,9HJG9,CELEBRITY MERCURY,16,SITKA
2008-07-25T04:39:49,249053000,58.42828333,-134.9322833,0,288.6,18.9,285,9106302,9HJG9,CELEBRITY MERCURY,16,SITKA
2008-07-25T04:39:37,249053000,58.42801667,-134.9307333,0,291.9,18.8,288,9106302,9HJG9,CELEBRITY MERCURY,16,SITKA
2008-07-25T04:39:32,249053000,58.4278,-134.9296667,0,293.2,18.9,289,9106302,9HJG9,CELEBRITY MERCURY,16,SITKA
2008-07-25T04:39:28,249053000,58.42756667,-134.9285833,0,0.0,0.0,0,9106302,9HJG9,CELEBRITY MERCURY,16,SITKA
2008-07-25T04:39:25,249053000,58.42756667,-134.9285833,0,295.2,19.1,291,9106302,9HJG9,CELEBRITY MERCURY,16,SITKA
2008-07-25T04:39:07,249053000,58.42688333,-134.9259167,0,299.7,19.2,295,9106302,9HJG9,CELEBRITY MERCURY,16,SITKA
2008-07-25T04:39:02,249053000,58.42668333,-134.9252167,0,300.1,19.2,296,9106302,9HJG9,CELEBRITY MERCURY,16,SITKA
2008-07-25T04:38:55,249053000,58.42638333,-134.9242,0,302.7,19.3,298,9106302,9HJG9,CELEBRITY MERCURY,16,SITKA
2008-07-25T04:38:49,249053000,58.4261,-134.9233333,0,303.1,19.3,299,9106302,9HJG9,CELEBRITY MERCURY,16,SITKA
2008-07-25T04:38:38,249053000,58.42553333,-134.9216667,0,306.1,19.4,302,9106302,9HJG9,CELEBRITY MERCURY,16,SITKA
2008-07-25T04:38:32,249053000,58.42521667,-134.9208667,0,307.4,19.5,303,9106302,9HJG9,CELEBRITY MERCURY,16,SITKA
2008-07-25T04:38:25,249053000,58.4249,-134.9200333,0,309.4,19.5,305,9106302,9HJG9,CELEBRITY MERCURY,16,SITKA
2008-07-25T04:38:19,249053000,58.42451667,-134.9191167,0,310.1,19.5,306,9106302,9HJG9,CELEBRITY MERCURY,16,SITKA
2008-07-25T04:38:13,249053000,58.42425,-134.9184333,0,312.1,19.5,308,9106302,9HJG9,CELEBRITY MERCURY,16,SITKA
2008-07-25T04:38:07,249053000,58.42383333,-134.9175667,0,313.3,19.7,309,9106302,9HJG9,CELEBRITY MERCURY,16,SITKA
2008-07-25T04:38:05,249053000,58.42346667,-134.9168,0,314.7,19.7,310,9106302,9HJG9,CELEBRITY MERCURY,16,SITKA
2008-07-25T04:37:49,249053000,58.42265,-134.9152167,0,317.7,19.7,313,9106302,9HJG9,CELEBRITY MERCURY,16,SITKA
2008-07-25T04:37:43,249053000,58.42235,-134.9146167,0,318.4,19.9,315,9106302,9HJG9,CELEBRITY MERCURY,16,SITKA
2008-07-25T04:37:38,249053000,58.42186667,-134.9138167,0,319.7,19.9,316,9106302,9HJG9,CELEBRITY MERCURY,16,SITKA
2008-07-25T04:37:31,249053000,58.42131667,-134.9129333,0,322.3,20.0,318,9106302,9HJG9,CELEBRITY MERCURY,16,SITKA
2008-07-25T04:37:25,249053000,58.42086667,-134.91225,0,324.0,19.9,319,9106302,9HJG9,CELEBRITY MERCURY,16,SITKA
2008-07-25T04:37:19,249053000,58.42066667,-134.9119667,0,324.4,20.0,321,9106302,9HJG9,CELEBRITY MERCURY,16,SITKA
2008-07-25T04:37:13,249053000,58.42016667,-134.91125,0,325.1,20.1,322,9106302,9HJG9,CELEBRITY MERCURY,16,SITKA
2008-07-25T04:37:07,249053000,58.41971667,-134.91065,0,326.4,20.1,323,9106302,9HJG9,CELEBRITY MERCURY,16,SITKA
2008-07-25T04:37:02,249053000,58.41938333,-134.9101667,0,327.4,20.1,324,9106302,9HJG9,CELEBRITY MERCURY,16,SITKA
2008-07-25T04:36:55,249053000,58.41873333,-134.9093667,0,327.8,20.1,325,9106302,9HJG9,CELEBRITY MERCURY,16,SITKA
2008-07-25T04:36:49,249053000,58.41838333,-134.9089167,0,329.1,20.1,326,9106302,9HJG9,CELEBRITY MERCURY,16,SITKA
2008-07-25T04:36:43,249053000,58.41783333,-134.9082833,0,330.1,20.2,327,9106302,9HJG9,CELEBRITY MERCURY,16,SITKA
2008-07-25T04:36:37,249053000,58.41743333,-134.9078333,0,330.8,20.2,328,9106302,9HJG9,CELEBRITY MERCURY,16,SITKA
2008-07-25T04:36:31,249053000,58.41686667,-134.9072333,0,331.5,20.1,329,9106302,9HJG9,CELEBRITY MERCURY,16,SITKA
2008-07-25T04:36:25,249053000,58.4164,-134.9067333,0,332.2,20.2,330,9106302,9HJG9,CELEBRITY MERCURY,16,SITKA
2008-07-25T04:36:13,249053000,58.41541667,-134.90575,0,333.9,20.2,332,9106302,9HJG9,CELEBRITY MERCURY,16,SITKA
2008-07-25T04:36:07,249053000,58.41466667,-134.9050333,0,334.9,20.2,333,9106302,9HJG9,CELEBRITY MERCURY,16,SITKA
2008-07-25T04:36:02,249053000,58.41408333,-134.9045,0,334.7,20.2,333,9106302,9HJG9,CELEBRITY MERCURY,16,SITKA
2008-07-25T04:35:55,249053000,58.41383333,-134.9042667,0,335.4,20.2,334,9106302,9HJG9,CELEBRITY MERCURY,16,SITKA
2008-07-25T04:35:49,249053000,58.41333333,-134.90385,0,336.1,20.2,335,9106302,9HJG9,CELEBRITY MERCURY,16,SITKA
2008-07-25T04:35:44,249053000,58.41258333,-134.9031833,0,336.4,20.2,335,9106302,9HJG9,CELEBRITY MERCURY,16,SITKA
2008-07-25T04:35:37,249053000,58.41233333,-134.9029833,0,336.4,20.2,335,9106302,9HJG9,CELEBRITY MERCURY,16,SITKA
2008-07-25T04:35:25,249053000,58.41131667,-134.90215,0,336.1,20.4,335,9106302,9HJG9,CELEBRITY MERCURY,16,SITKA
2008-07-25T04:35:19,249053000,58.41055,-134.9015,0,336.4,20.4,335,9106302,9HJG9,CELEBRITY MERCURY,16,SITKA
2008-07-25T04:35:07,249053000,58.4098,-134.9008667,0,336.4,20.4,335,9106302,9HJG9,CELEBRITY MERCURY,16,SITKA
2008-07-25T04:35:02,249053000,58.4093,-134.9004667,0,336.4,20.4,335,9106302,9HJG9,CELEBRITY MERCURY,16,SITKA
2008-07-25T04:34:49,249053000,58.40818333,-134.89955,0,336.6,20.4,335,9106302,9HJG9,CELEBRITY MERCURY,16,SITKA
2008-07-25T04:34:44,249053000,58.40776667,-134.8992167,0,336.4,20.4,335,9106302,9HJG9,CELEBRITY MERCURY,16,SITKA
2008-07-25T04:34:37,249053000,58.40718333,-134.8987333,0,336.6,20.4,335,9106302,9HJG9,CELEBRITY MERCURY,16,SITKA
2008-07-25T04:34:31,249053000,58.40648333,-134.89815,0,336.6,20.4,335,9106302,9HJG9,CELEBRITY MERCURY,16,SITKA
2008-07-25T04:34:20,249053000,58.40556667,-134.8973833,0,336.6,20.4,335,9106302,9HJG9,CELEBRITY MERCURY,16,SITKA
2008-07-25T04:34:13,249053000,58.40506667,-134.8969833,0,336.6,20.4,335,9106302,9HJG9,CELEBRITY MERCURY,16,SITKA
2008-07-25T04:34:07,249053000,58.40428333,-134.8963667,0,336.9,20.4,335,9106302,9HJG9,CELEBRITY MERCURY,16,SITKA
2008-07-25T04:34:01,249053000,58.40395,-134.8960667,0,336.9,20.2,335,9106302,9HJG9,CELEBRITY MERCURY,16,SITKA
2008-07-25T04:33:49,249053000,58.40301667,-134.8953167,0,336.7,20.2,335,9106302,9HJG9,CELEBRITY MERCURY,16,SITKA
2008-07-25T04:33:44,249053000,58.40218333,-134.8946,0,336.9,20.2,335,9106302,9HJG9,CELEBRITY MERCURY,16,SITKA
2008-07-25T04:33:37,249053000,58.40183333,-134.8943333,0,336.7,20.2,335,9106302,9HJG9,CELEBRITY MERCURY,16,SITKA
2008-07-25T04:33:31,249053000,58.40141667,-134.8940167,0,336.7,20.2,335,9106302,9HJG9,CELEBRITY MERCURY,16,SITKA
2008-07-25T04:33:25,249053000,58.40091667,-134.8936,0,0.0,0.0,0,9106302,9HJG9,CELEBRITY MERCURY,16,SITKA
2008-07-25T04:33:25,249053000,58.40091667,-134.8936,0,336.7,20.2,335,9106302,9HJG9,CELEBRITY MERCURY,16,SITKA
2008-07-25T04:33:20,249053000,58.40016667,-134.8929833,0,336.7,20.2,335,9106302,9HJG9,CELEBRITY MERCURY,16,SITKA
2008-07-25T04:33:13,249053000,58.39981667,-134.8927,0,336.7,20.2,335,9106302,9HJG9,CELEBRITY MERCURY,16,SITKA
2008-07-25T04:33:07,249053000,58.3994,-134.89235,0,337.2,20.2,335,9106302,9HJG9,CELEBRITY MERCURY,16,SITKA
2008-07-25T04:32:55,249053000,58.39805,-134.8912667,0,336.9,20.2,335,9106302,9HJG9,CELEBRITY MERCURY,16,SITKA
2008-07-25T04:32:49,249053000,58.39778333,-134.89105,0,336.9,20.2,335,9106302,9HJG9,CELEBRITY MERCURY,16,SITKA
2008-07-25T04:32:44,249053000,58.39738333,-134.8907333,0,336.9,20.2,335,9106302,9HJG9,CELEBRITY MERCURY,16,SITKA
2008-07-25T04:32:37,249053000,58.39676667,-134.8902333,0,336.7,20.2,335,9106302,9HJG9,CELEBRITY MERCURY,16,SITKA
2008-07-25T04:32:31,249053000,58.39601667,-134.8896167,0,336.7,20.2,335,9106302,9HJG9,CELEBRITY MERCURY,16,SITKA
2008-07-25T04:32:25,249053000,58.39575,-134.8894167,0,337.2,20.4,335,9106302,9HJG9,CELEBRITY MERCURY,16,SITKA
2008-07-25T04:32:02,249053000,58.39363333,-134.8877,0,336.9,20.2,335,9106302,9HJG9,CELEBRITY MERCURY,16,SITKA
2008-07-25T04:31:56,249053000,58.39313333,-134.8872833,0,336.9,20.2,335,9106302,9HJG9,CELEBRITY MERCURY,16,SITKA
2008-07-25T04:31:50,249053000,58.39261667,-134.8868833,0,336.9,20.2,335,9106302,9HJG9,CELEBRITY MERCURY,16,SITKA
2008-07-25T04:31:44,249053000,58.39178333,-134.8862,0,337.2,20.2,335,9106302,9HJG9,CELEBRITY MERCURY,16,SITKA
2008-07-25T04:31:37,249053000,58.39153333,-134.886,0,337.5,20.2,335,9106302,9HJG9,CELEBRITY MERCURY,16,SITKA
2008-07-25T04:31:31,249053000,58.39103333,-134.8856,0,337.5,20.2,335,9106302,9HJG9,CELEBRITY MERCURY,16,SITKA
2008-07-25T04:31:25,249053000,58.39016667,-134.8849167,0,337.2,20.1,335,9106302,9HJG9,CELEBRITY MERCURY,16,SITKA
2008-07-25T04:31:20,249053000,58.39003333,-134.8848,0,337.2,20.1,335,9106302,9HJG9,CELEBRITY MERCURY,16,SITKA
2008-07-25T04:31:13,249053000,58.3895,-134.8843833,0,337.2,20.1,335,9106302,9HJG9,CELEBRITY MERCURY,16,SITKA
2008-07-25T04:31:07,249053000,58.38898333,-134.884,0,337.2,20.1,335,9106302,9HJG9,CELEBRITY MERCURY,16,SITKA
2008-07-25T04:31:02,249053000,58.38858333,-134.88365,0,337.2,20.0,335,9106302,9HJG9,CELEBRITY MERCURY,16,SITKA
2008-07-25T04:30:56,249053000,58.38773333,-134.883,0,337.5,20.0,335,9106302,9HJG9,CELEBRITY MERCURY,16,SITKA
2008-07-25T04:30:50,249053000,58.38756667,-134.88285,0,337.8,19.9,335,9106302,9HJG9,CELEBRITY MERCURY,16,SITKA
2008-07-25T04:30:44,249053000,58.3869,-134.8823333,0,337.5,19.9,335,9106302,9HJG9,CELEBRITY MERCURY,16,SITKA
2008-07-25T04:30:37,249053000,58.38638333,-134.88195,0,337.3,19.9,335,9106302,9HJG9,CELEBRITY MERCURY,16,SITKA
2008-07-25T04:30:31,249053000,58.38563333,-134.88135,0,337.3,19.8,335,9106302,9HJG9,CELEBRITY MERCURY,16,SITKA
2008-07-25T04:30:25,249053000,58.38531667,-134.8811,0,337.3,19.7,335,9106302,9HJG9,CELEBRITY MERCURY,16,SITKA
2008-07-25T04:30:20,249053000,58.38488333,-134.88075,0,337.3,19.7,335,9106302,9HJG9,CELEBRITY MERCURY,16,SITKA
2008-07-25T04:30:13,249053000,58.38431667,-134.8803,0,337.0,19.7,335,9106302,9HJG9,CELEBRITY MERCURY,16,SITKA
2008-07-25T04:30:07,249053000,58.38355,-134.8797,0,337.0,19.7,335,9106302,9HJG9,CELEBRITY MERCURY,16,SITKA
2008-07-25T04:30:02,249053000,58.3834,-134.8795833,0,337.0,19.5,335,9106302,9HJG9,CELEBRITY MERCURY,16,SITKA
2008-07-25T04:29:56,249053000,58.38293333,-134.8792,0,336.7,19.5,335,9106302,9HJG9,CELEBRITY MERCURY,16,SITKA
2008-07-25T04:29:50,249053000,58.38245,-134.8788167,0,336.4,19.5,335,9106302,9HJG9,CELEBRITY MERCURY,16,SITKA
2008-07-25T04:29:37,249053000,58.38135,-134.8779333,0,336.4,19.4,335,9106302,9HJG9,CELEBRITY MERCURY,16,SITKA
2008-07-25T04:29:32,249053000,58.38095,-134.8776167,0,335.8,19.4,335,9106302,9HJG9,CELEBRITY MERCURY,16,SITKA
2008-07-25T04:29:25,249053000,58.38038333,-134.8771167,0,336.1,19.4,335,9106302,9HJG9,CELEBRITY MERCURY,16,SITKA
2008-07-25T04:29:20,249053000,58.37973333,-134.8765833,0,336.1,19.4,335,9106302,9HJG9,CELEBRITY MERCURY,16,SITKA
2008-07-25T04:29:14,249053000,58.37943333,-134.8763167,0,335.1,19.4,334,9106302,9HJG9,CELEBRITY MERCURY,16,SITKA
2008-07-25T04:29:07,249053000,58.37885,-134.8758167,0,334.5,19.4,334,9106302,9HJG9,CELEBRITY MERCURY,16,SITKA
2008-07-25T04:29:02,249053000,58.37848333,-134.8755,0,334.8,19.4,334,9106302,9HJG9,CELEBRITY MERCURY,16,SITKA
2008-07-25T04:28:56,249053000,58.378,-134.8750667,0,334.1,19.3,333,9106302,9HJG9,CELEBRITY MERCURY,16,SITKA
2008-07-25T04:28:50,249053000,58.37735,-134.8744667,0,333.8,19.3,333,9106302,9HJG9,CELEBRITY MERCURY,16,SITKA
2008-07-25T04:28:43,249053000,58.37696667,-134.8741167,0,333.5,19.3,333,9106302,9HJG9,CELEBRITY MERCURY,16,SITKA
2008-07-25T04:28:37,249053000,58.37648333,-134.87365,0,332.5,19.3,333,9106302,9HJG9,CELEBRITY MERCURY,16,SITKA
2008-07-25T04:28:32,249053000,58.37603333,-134.8732167,0,332.8,19.3,332,9106302,9HJG9,CELEBRITY MERCURY,16,SITKA
2008-07-25T04:28:25,249053000,58.37548333,-134.8726833,0,331.8,19.2,331,9106302,9HJG9,CELEBRITY MERCURY,16,SITKA
2008-07-25T04:28:19,249053000,58.37503333,-134.87225,0,331.5,19.2,331,9106302,9HJG9,CELEBRITY MERCURY,16,SITKA
2008-07-25T04:28:07,249053000,58.3741,-134.8712833,0,330.5,19.2,330,9106302,9HJG9,CELEBRITY MERCURY,16,SITKA
2008-07-25T04:28:01,249053000,58.37358333,-134.8707333,0,330.8,19.2,330,9106302,9HJG9,CELEBRITY MERCURY,16,SITKA
2008-07-25T04:27:56,249053000,58.37328333,-134.8704,0,329.5,19.2,329,9106302,9HJG9,CELEBRITY MERCURY,16,SITKA
2008-07-25T04:27:50,249053000,58.37273333,-134.8698167,0,329.0,19.2,329,9106302,9HJG9,CELEBRITY MERCURY,16,SITKA
2008-07-25T04:27:43,249053000,58.3722,-134.8692167,0,328.0,19.2,328,9106302,9HJG9,CELEBRITY MERCURY,16,SITKA
2008-07-25T04:27:37,249053000,58.3717,-134.8686167,0,328.0,19.2,328,9106302,9HJG9,CELEBRITY MERCURY,16,SITKA
2008-07-25T04:27:32,249053000,58.37118333,-134.8680167,0,327.0,19.2,327,9106302,9HJG9,CELEBRITY MERCURY,16,SITKA
2008-07-25T04:27:29,249053000,58.37081667,-134.8675667,0,0.0,0.0,0,9106302,9HJG9,CELEBRITY MERCURY,16,SITKA
2008-07-25T04:27:25,249053000,58.37081667,-134.8675667,0,327.2,19.2,327,9106302,9HJG9,CELEBRITY MERCURY,16,SITKA
2008-07-25T04:27:19,249053000,58.37045,-134.8671167,0,326.0,19.2,326,9106302,9HJG9,CELEBRITY MERCURY,16,SITKA
2008-07-25T04:27:14,249053000,58.37003333,-134.8665833,0,324.7,19.2,325,9106302,9HJG9,CELEBRITY MERCURY,16,SITKA
2008-07-25T04:27:07,249053000,58.36951667,-134.8659,0,325.0,19.2,325,9106302,9HJG9,CELEBRITY MERCURY,16,SITKA
2008-07-25T04:27:02,249053000,58.36911667,-134.8653667,0,324.2,19.2,324,9106302,9HJG9,CELEBRITY MERCURY,16,SITKA
2008-07-25T04:26:56,249053000,58.36836667,-134.8643833,0,323.0,19.2,323,9106302,9HJG9,CELEBRITY MERCURY,16,SITKA
2008-07-25T04:26:50,249053000,58.36823333,-134.8641667,0,323.0,19.2,323,9106302,9HJG9,CELEBRITY MERCURY,16,SITKA
2008-07-25T04:26:43,249053000,58.36781667,-134.8635833,0,322.0,19.2,322,9106302,9HJG9,CELEBRITY MERCURY,16,SITKA
2008-07-25T04:26:37,249053000,58.3674,-134.86295,0,321.7,19.2,322,9106302,9HJG9,CELEBRITY MERCURY,16,SITKA
2008-07-25T04:26:32,249053000,58.367,-134.8623833,0,320.7,19.2,321,9106302,9HJG9,CELEBRITY MERCURY,16,SITKA
2008-07-25T04:26:25,249053000,58.36651667,-134.8616333,0,321.0,19.3,321,9106302,9HJG9,CELEBRITY MERCURY,16,SITKA
2008-07-25T04:26:19,249053000,58.36611667,-134.8609833,0,319.7,19.3,320,9106302,9HJG9,CELEBRITY MERCURY,16,SITKA
2008-07-25T04:26:14,249053000,58.3658,-134.8604833,0,319.7,19.3,320,9106302,9HJG9,CELEBRITY MERCURY,16,SITKA
2008-07-25T04:26:07,249053000,58.36518333,-134.8594667,0,318.4,19.4,319,9106302,9HJG9,CELEBRITY MERCURY,16,SITKA
2008-07-25T04:26:02,249053000,58.36495,-134.8590667,0,318.1,19.4,319,9106302,9HJG9,CELEBRITY MERCURY,16,SITKA
2008-07-25T04:25:55,249053000,58.36461667,-134.8585333,0,317.4,19.3,318,9106302,9HJG9,CELEBRITY MERCURY,16,SITKA
2008-07-25T04:25:50,249053000,58.36416667,-134.85775,0,317.4,19.4,318,9106302,9HJG9,CELEBRITY MERCURY,16,SITKA
2008-07-25T04:25:43,249053000,58.36383333,-134.8571833,0,316.4,19.4,317,9106302,9HJG9,CELEBRITY MERCURY,16,SITKA
2008-07-25T04:25:37,249053000,58.3634,-134.8563667,0,316.4,19.5,317,9106302,9HJG9,CELEBRITY MERCURY,16,SITKA
2008-07-25T04:25:32,249053000,58.36281667,-134.8553,0,315.1,19.5,316,9106302,9HJG9,CELEBRITY MERCURY,16,SITKA
2008-07-25T04:25:25,249053000,58.3623,-134.8543167,0,314.4,19.5,315,9106302,9HJG9,CELEBRITY MERCURY,16,SITKA
2008-07-25T04:25:19,249053000,58.36225,-134.8542667,0,314.7,19.5,315,9106302,9HJG9,CELEBRITY MERCURY,16,SITKA
2008-07-25T04:25:14,249053000,58.36186667,-134.85355,0,313.4,19.5,314,9106302,9HJG9,CELEBRITY MERCURY,16,SITKA
2008-07-25T04:25:07,249053000,58.3615,-134.8528167,0,312.7,19.5,313,9106302,9HJG9,CELEBRITY MERCURY,16,SITKA
2008-07-25T04:25:02,249053000,58.36083333,-134.85145,0,313.0,19.5,313,9106302,9HJG9,CELEBRITY MERCURY,16,SITKA
2008-07-25T04:24:56,249053000,58.3607,-134.8511833,0,312.0,19.5,312,9106302,9HJG9,CELEBRITY MERCURY,16,SITKA
2008-07-25T04:24:49,249053000,58.36026667,-134.8502833,0,311.7,19.5,312,9106302,9HJG9,CELEBRITY MERCURY,16,SITKA
2008-07-25T04:24:43,249053000,58.35991667,-134.84955,0,312.0,19.5,312,9106302,9HJG9,CELEBRITY MERCURY,16,SITKA
2008-07-25T04:24:37,249053000,58.35958333,-134.8488167,0,311.0,19.5,311,9106302,9HJG9,CELEBRITY MERCURY,16,SITKA
2008-07-25T04:24:32,249053000,58.3593,-134.8482167,0,311.0,19.5,311,9106302,9HJG9,CELEBRITY MERCURY,16,SITKA
2008-07-25T04:24:25,249053000,58.35876667,-134.8470167,0,310.0,19.5,310,9106302,9HJG9,CELEBRITY MERCURY,16,SITKA
2008-07-25T04:24:19,249053000,58.35855,-134.8465167,0,309.5,19.5,309,9106302,9HJG9,CELEBRITY MERCURY,16,SITKA
2008-07-25T04:24:14,249053000,58.35821667,-134.8457667,0,309.2,19.5,309,9106302,9HJG9,CELEBRITY MERCURY,16,SITKA
2008-07-25T04:24:07,249053000,58.35781667,-134.8448167,0,308.2,19.5,308,9106302,9HJG9,CELEBRITY MERCURY,16,SITKA
2008-07-25T04:24:02,249053000,58.35755,-134.8441833,0,308.2,19.5,308,9106302,9HJG9,CELEBRITY MERCURY,16,SITKA
2008-07-25T04:23:56,249053000,58.35721667,-134.8434167,0,307.5,19.5,307,9106302,9HJG9,CELEBRITY MERCURY,16,SITKA
2008-07-25T04:23:49,249053000,58.3567,-134.8421833,0,307.2,19.5,307,9106302,9HJG9,CELEBRITY MERCURY,16,SITKA
2008-07-25T04:23:43,249053000,58.35655,-134.8417833,0,307.5,19.5,307,9106302,9HJG9,CELEBRITY MERCURY,16,SITKA
2008-07-25T04:23:37,249053000,58.35615,-134.84085,0,306.5,19.5,306,9106302,9HJG9,CELEBRITY MERCURY,16,SITKA
2008-07-25T04:23:32,249053000,58.35595,-134.8403167,0,306.5,19.5,306,9106302,9HJG9,CELEBRITY MERCURY,16,SITKA
2008-07-25T04:23:25,249053000,58.35551667,-134.8392,0,306.5,19.5,306,9106302,9HJG9,CELEBRITY MERCURY,16,SITKA
2008-07-25T04:23:19,249053000,58.35525,-134.8385333,0,306.5,19.4,306,9106302,9HJG9,CELEBRITY MERCURY,16,SITKA
2008-07-25T04:23:14,249053000,58.35471667,-134.8371833,0,306.5,19.4,306,9106302,9HJG9,CELEBRITY MERCURY,16,SITKA
2008-07-25T04:23:07,249053000,58.35456667,-134.8367833,0,306.5,19.4,306,9106302,9HJG9,CELEBRITY MERCURY,16,SITKA
2008-07-25T04:23:02,249053000,58.35425,-134.8359833,0,306.5,19.4,306,9106302,9HJG9,CELEBRITY MERCURY,16,SITKA
2008-07-25T04:22:55,249053000,58.35393333,-134.8351667,0,306.5,19.4,306,9106302,9HJG9,CELEBRITY MERCURY,16,SITKA
2008-07-25T04:22:49,249053000,58.35353333,-134.8341833,0,306.5,19.4,306,9106302,9HJG9,CELEBRITY MERCURY,16,SITKA
2008-07-25T04:22:43,249053000,58.35323333,-134.8333833,0,306.5,19.4,306,9106302,9HJG9,CELEBRITY MERCURY,16,SITKA
2008-07-25T04:22:37,249053000,58.35268333,-134.83205,0,306.5,19.4,306,9106302,9HJG9,CELEBRITY MERCURY,16,SITKA
2008-07-25T04:22:32,249053000,58.35266667,-134.832,0,306.5,19.4,306,9106302,9HJG9,CELEBRITY MERCURY,16,SITKA
2008-07-25T04:22:25,249053000,58.35221667,-134.8308333,0,306.2,19.4,306,9106302,9HJG9,CELEBRITY MERCURY,16,SITKA
2008-07-25T04:22:19,249053000,58.35198333,-134.8302,0,306.5,19.4,306,9106302,9HJG9,CELEBRITY MERCURY,16,SITKA
2008-07-25T04:22:13,249053000,58.35158333,-134.8292333,0,306.5,19.4,306,9106302,9HJG9,CELEBRITY MERCURY,16,SITKA
2008-07-25T04:22:07,249053000,58.35123333,-134.8283,0,306.5,19.3,306,9106302,9HJG9,CELEBRITY MERCURY,16,SITKA
2008-07-25T04:22:02,249053000,58.35103333,-134.8278333,0,306.5,19.3,306,9106302,9HJG9,CELEBRITY MERCURY,16,SITKA
2008-07-25T04:21:55,249053000,58.35066667,-134.82685,0,306.5,19.3,306,9106302,9HJG9,CELEBRITY MERCURY,16,SITKA
2008-07-25T04:21:49,249053000,58.35035,-134.82605,0,306.5,19.3,306,9106302,9HJG9,CELEBRITY MERCURY,16,SITKA
2008-07-25T04:21:43,249053000,58.35003333,-134.82525,0,306.5,19.3,306,9106302,9HJG9,CELEBRITY MERCURY,16,SITKA
2008-07-25T04:21:38,249053000,58.34971667,-134.8244833,0,307.2,19.3,307,9106302,9HJG9,CELEBRITY MERCURY,16,SITKA
2008-07-25T04:21:32,249053000,58.3494,-134.8236667,0,307.2,19.3,307,9106302,9HJG9,CELEBRITY MERCURY,16,SITKA
2008-07-25T04:21:27,249053000,58.34908333,-134.82285,0,0.0,0.0,0,9106302,9HJG9,CELEBRITY MERCURY,16,SITKA
2008-07-25T04:21:25,249053000,58.34908333,-134.82285,0,306.2,19.3,306,9106302,9HJG9,CELEBRITY MERCURY,16,SITKA
2008-07-25T04:21:19,249053000,58.34861667,-134.8216333,0,306.2,19.3,306,9106302,9HJG9,CELEBRITY MERCURY,16,SITKA
2008-07-25T04:21:13,249053000,58.34845,-134.8212333,0,306.2,19.2,306,9106302,9HJG9,CELEBRITY MERCURY,16,SITKA
2008-07-25T04:21:07,249053000,58.34786667,-134.81975,0,306.2,19.3,306,9106302,9HJG9,CELEBRITY MERCURY,16,SITKA
2008-07-25T04:21:02,249053000,58.34783333,-134.8196833,0,306.2,19.3,306,9106302,9HJG9,CELEBRITY MERCURY,16,SITKA
2008-07-25T04:20:55,249053000,58.34748333,-134.8187167,0,306.2,19.3,306,9106302,9HJG9,CELEBRITY MERCURY,16,SITKA
2008-07-25T04:20:49,249053000,58.3471,-134.81775,0,306.2,19.3,306,9106302,9HJG9,CELEBRITY MERCURY,16,SITKA
2008-07-25T04:20:43,249053000,58.34675,-134.8168333,0,306.2,19.2,306,9106302,9HJG9,CELEBRITY MERCURY,16,SITKA
2008-07-25T04:20:38,249053000,58.34655,-134.8163167,0,306.2,19.2,306,9106302,9HJG9,CELEBRITY MERCURY,16,SITKA
2008-07-25T04:20:31,249053000,58.34618333,-134.8153667,0,306.2,19.2,306,9106302,9HJG9,CELEBRITY MERCURY,16,SITKA
2008-07-25T04:20:25,249053000,58.34595,-134.8147,0,306.2,19.2,306,9106302,9HJG9,CELEBRITY MERCURY,16,SITKA
2008-07-25T04:20:19,249053000,58.34558333,-134.8137833,0,306.0,19.3,306,9106302,9HJG9,CELEBRITY MERCURY,16,SITKA
2008-07-25T04:20:13,249053000,58.34526667,-134.8129833,0,306.0,19.3,306,9106302,9HJG9,CELEBRITY MERCURY,16,SITKA
2008-07-25T04:20:07,249053000,58.34495,-134.8121667,0,306.2,19.2,306,9106302,9HJG9,CELEBRITY MERCURY,16,SITKA
2008-07-25T04:20:02,249053000,58.3446,-134.8112833,0,306.0,19.2,306,9106302,9HJG9,CELEBRITY MERCURY,16,SITKA
2008-07-25T04:19:55,249053000,58.34433333,-134.8105667,0,306.0,19.3,306,9106302,9HJG9,CELEBRITY MERCURY,16,SITKA
2008-07-25T04:19:49,249053000,58.34398333,-134.8096333,0,306.0,19.2,306,9106302,9HJG9,CELEBRITY MERCURY,16,SITKA
2008-07-25T04:19:43,249053000,58.34373333,-134.8089667,0,306.0,19.3,306,9106302,9HJG9,CELEBRITY MERCURY,16,SITKA
2008-07-25T04:19:38,249053000,58.34335,-134.8080333,0,306.0,19.3,306,9106302,9HJG9,CELEBRITY MERCURY,16,SITKA
2008-07-25T04:19:31,249053000,58.34305,-134.8072333,0,305.7,19.2,306,9106302,9HJG9,CELEBRITY MERCURY,16,SITKA
2008-07-25T04:19:25,249053000,58.34258333,-134.8060167,0,306.0,19.2,306,9106302,9HJG9,CELEBRITY MERCURY,16,SITKA
2008-07-25T04:19:19,249053000,58.34245,-134.8056167,0,306.2,19.2,306,9106302,9HJG9,CELEBRITY MERCURY,16,SITKA
2008-07-25T04:19:13,249053000,58.34213333,-134.8048167,0,306.0,19.2,306,9106302,9HJG9,CELEBRITY MERCURY,16,SITKA
2008-07-25T04:19:07,249053000,58.34175,-134.80385,0,306.0,19.2,306,9106302,9HJG9,CELEBRITY MERCURY,16,SITKA
2008-07-25T04:19:02,249053000,58.34151667,-134.8032167,0,306.0,19.2,306,9106302,9HJG9,CELEBRITY MERCURY,16,SITKA
2008-07-25T04:18:56,249053000,58.34115,-134.8022667,0,306.0,19.2,306,9106302,9HJG9,CELEBRITY MERCURY,16,SITKA
2008-07-25T04:18:50,249053000,58.34073333,-134.8012,0,306.0,19.2,306,9106302,9HJG9,CELEBRITY MERCURY,16,SITKA
2008-07-25T04:18:43,249053000,58.34053333,-134.8006667,0,306.0,19.2,306,9106302,9HJG9,CELEBRITY MERCURY,16,SITKA
2008-07-25T04:18:38,249053000,58.34016667,-134.7997333,0,306.0,19.2,306,9106302,9HJG9,CELEBRITY MERCURY,16,SITKA
2008-07-25T04:18:31,249053000,58.33991667,-134.7990667,0,306.0,19.2,306,9106302,9HJG9,CELEBRITY MERCURY,16,SITKA
2008-07-25T04:18:25,249053000,58.33955,-134.7981333,0,306.0,19.2,306,9106302,9HJG9,CELEBRITY MERCURY,16,SITKA
2008-07-25T04:18:19,249053000,58.3393,-134.79745,0,306.0,19.2,306,9106302,9HJG9,CELEBRITY MERCURY,16,SITKA
2008-07-25T04:18:13,249053000,58.3389,-134.7963833,0,306.2,19.2,306,9106302,9HJG9,CELEBRITY MERCURY,16,SITKA
2008-07-25T04:18:07,249053000,58.33853333,-134.79545,0,306.2,19.2,306,9106302,9HJG9,CELEBRITY MERCURY,16,SITKA
2008-07-25T04:18:02,249053000,58.33838333,-134.7950833,0,306.2,19.2,306,9106302,9HJG9,CELEBRITY MERCURY,16,SITKA
2008-07-25T04:17:56,249053000,58.33808333,-134.7942833,0,306.2,19.3,306,9106302,9HJG9,CELEBRITY MERCURY,16,SITKA
2008-07-25T04:17:50,249053000,58.33775,-134.7934833,0,306.2,19.2,306,9106302,9HJG9,CELEBRITY MERCURY,16,SITKA
2008-07-25T04:17:43,249053000,58.33735,-134.7923833,0,306.2,19.2,306,9106302,9HJG9,CELEBRITY MERCURY,16,SITKA
2008-07-25T04:17:38,249053000,58.33708333,-134.7917167,0,306.0,19.3,306,9106302,9HJG9,CELEBRITY MERCURY,16,SITKA
2008-07-25T04:17:31,249053000,58.33666667,-134.7906333,0,306.2,19.3,306,9106302,9HJG9,CELEBRITY MERCURY,16,SITKA
2008-07-25T04:17:25,249053000,58.33641667,-134.7899833,0,307.0,19.3,307,9106302,9HJG9,CELEBRITY MERCURY,16,SITKA
2008-07-25T04:17:19,249053000,58.3361,-134.7891833,0,307.0,19.3,307,9106302,9HJG9,CELEBRITY MERCURY,16,SITKA
2008-07-25T04:17:13,249053000,58.33573333,-134.7882167,0,306.0,19.3,306,9106302,9HJG9,CELEBRITY MERCURY,16,SITKA
2008-07-25T04:17:07,249053000,58.33541667,-134.7874,0,306.2,19.3,306,9106302,9HJG9,CELEBRITY MERCURY,16,SITKA
2008-07-25T04:17:02,249053000,58.33513333,-134.78665,0,306.0,19.3,306,9106302,9HJG9,CELEBRITY MERCURY,16,SITKA
2008-07-25T04:16:56,249053000,58.33481667,-134.7858167,0,306.0,19.3,306,9106302,9HJG9,CELEBRITY MERCURY,16,SITKA
2008-07-25T04:16:50,249053000,58.33455,-134.78515,0,305.7,19.2,306,9106302,9HJG9,CELEBRITY MERCURY,16,SITKA
2008-07-25T04:16:43,249053000,58.33418333,-134.7842167,0,305.7,19.2,306,9106302,9HJG9,CELEBRITY MERCURY,16,SITKA
2008-07-25T04:16:38,249053000,58.33393333,-134.7836,0,306.2,19.2,306,9106302,9HJG9,CELEBRITY MERCURY,16,SITKA
2008-07-25T04:16:31,249053000,58.33356667,-134.7826167,0,306.0,19.2,306,9106302,9HJG9,CELEBRITY MERCURY,16,SITKA
2008-07-25T04:16:25,249053000,58.33326667,-134.7818,0,307.0,19.2,307,9106302,9HJG9,CELEBRITY MERCURY,16,SITKA
2008-07-25T04:16:19,249053000,58.33295,-134.781,0,306.2,19.2,306,9106302,9HJG9,CELEBRITY MERCURY,16,SITKA
2008-07-25T04:16:13,249053000,58.33253333,-134.77995,0,306.2,19.3,306,9106302,9HJG9,CELEBRITY MERCURY,16,SITKA
2008-07-25T04:16:07,249053000,58.33233333,-134.7794,0,306.2,19.3,306,9106302,9HJG9,CELEBRITY MERCURY,16,SITKA
2008-07-25T04:16:02,249053000,58.33206667,-134.7787667,0,306.5,19.3,306,9106302,9HJG9,CELEBRITY MERCURY,16,SITKA
2008-07-25T04:15:56,249053000,58.33168333,-134.7778333,0,306.2,19.3,306,9106302,9HJG9,CELEBRITY MERCURY,16,SITKA
2008-07-25T04:15:50,249053000,58.33138333,-134.7770167,0,306.5,19.4,306,9106302,9HJG9,CELEBRITY MERCURY,16,SITKA
2008-07-25T04:15:43,249053000,58.33101667,-134.77605,0,307.2,19.4,307,9106302,9HJG9,CELEBRITY MERCURY,16,SITKA
2008-07-25T04:15:38,249053000,58.33063333,-134.7751167,0,307.2,19.3,307,9106302,9HJG9,CELEBRITY MERCURY,16,SITKA
2008-07-25T04:15:31,249053000,58.33038333,-134.77445,0,306.2,19.3,306,9106302,9HJG9,CELEBRITY MERCURY,16,SITKA
2008-07-25T04:15:27,249053000,58.33006667,-134.77365,0,0.0,0.0,0,9106302,9HJG9,CELEBRITY MERCURY,16,SITKA
2008-07-25T04:15:25,249053000,58.33006667,-134.77365,0,306.5,19.3,306,9106302,9HJG9,CELEBRITY MERCURY,16,SITKA
2008-07-25T04:15:20,249053000,58.32971667,-134.7727167,0,306.5,19.3,306,9106302,9HJG9,CELEBRITY MERCURY,16,SITKA
2008-07-25T04:15:13,249053000,58.32945,-134.77205,0,306.8,19.3,306,9106302,9HJG9,CELEBRITY MERCURY,16,SITKA
2008-07-25T04:15:08,249053000,58.32918333,-134.7714,0,306.8,19.3,306,9106302,9HJG9,CELEBRITY MERCURY,16,SITKA
2008-07-25T04:15:02,249053000,58.32881667,-134.7705,0,306.8,19.3,306,9106302,9HJG9,CELEBRITY MERCURY,16,SITKA
2008-07-25T04:14:55,249053000,58.32845,-134.7695167,0,307.1,19.3,306,9106302,9HJG9,CELEBRITY MERCURY,16,SITKA
2008-07-25T04:14:50,249053000,58.32811667,-134.7687333,0,307.1,19.3,306,9106302,9HJG9,CELEBRITY MERCURY,16,SITKA
2008-07-25T04:14:43,249053000,58.32781667,-134.7679333,0,307.4,19.3,306,9106302,9HJG9,CELEBRITY MERCURY,16,SITKA
2008-07-25T04:14:38,249053000,58.32755,-134.7673167,0,308.4,19.3,307,9106302,9HJG9,CELEBRITY MERCURY,16,SITKA
2008-07-25T04:14:31,249053000,58.32716667,-134.76635,0,308.4,19.3,307,9106302,9HJG9,CELEBRITY MERCURY,16,SITKA
2008-07-25T04:14:25,249053000,58.3268,-134.7654333,0,308.7,19.3,307,9106302,9HJG9,CELEBRITY MERCURY,16,SITKA
2008-07-25T04:14:20,249053000,58.32638333,-134.7644167,0,310.0,19.3,308,9106302,9HJG9,CELEBRITY MERCURY,16,SITKA
2008-07-25T04:14:13,249053000,58.32615,-134.7638667,0,309.7,19.3,308,9106302,9HJG9,CELEBRITY MERCURY,16,SITKA
2008-07-25T04:14:08,249053000,58.32588333,-134.7632667,0,310.7,19.3,309,9106302,9HJG9,CELEBRITY MERCURY,16,SITKA
2008-07-25T04:14:02,249053000,58.32555,-134.7624833,0,310.7,19.4,309,9106302,9HJG9,CELEBRITY MERCURY,16,SITKA
2008-07-25T04:13:55,249053000,58.32495,-134.7611833,0,311.3,19.4,309,9106302,9HJG9,CELEBRITY MERCURY,16,SITKA
2008-07-25T04:13:49,249053000,58.32478333,-134.7608167,0,311.7,19.3,310,9106302,9HJG9,CELEBRITY MERCURY,16,SITKA
2008-07-25T04:13:43,249053000,58.32431667,-134.7598167,0,312.3,19.3,310,9106302,9HJG9,CELEBRITY MERCURY,16,SITKA
2008-07-25T04:13:37,249053000,58.32403333,-134.7592,0,313.3,19.4,311,9106302,9HJG9,CELEBRITY MERCURY,16,SITKA
2008-07-25T04:13:31,249053000,58.3236,-134.7583333,0,314.0,19.4,312,9106302,9HJG9,CELEBRITY MERCURY,16,SITKA
2008-07-25T04:13:25,249053000,58.3233,-134.7577333,0,315.0,19.4,312,9106302,9HJG9,CELEBRITY MERCURY,16,SITKA
2008-07-25T04:13:20,249053000,58.32286667,-134.7568833,0,315.0,19.5,313,9106302,9HJG9,CELEBRITY MERCURY,16,SITKA
2008-07-25T04:13:13,249053000,58.32236667,-134.7559333,0,316.6,19.5,314,9106302,9HJG9,CELEBRITY MERCURY,16,SITKA
2008-07-25T04:13:08,249053000,58.3222,-134.7556167,0,317.3,19.5,315,9106302,9HJG9,CELEBRITY MERCURY,16,SITKA
2008-07-25T04:13:02,249053000,58.32188333,-134.7550167,0,317.0,19.5,315,9106302,9HJG9,CELEBRITY MERCURY,16,SITKA
2008-07-25T04:12:55,249053000,58.32135,-134.7541,0,318.0,19.5,316,9106302,9HJG9,CELEBRITY MERCURY,16,SITKA
2008-07-25T04:12:49,249053000,58.32095,-134.7534167,0,319.0,19.5,317,9106302,9HJG9,CELEBRITY MERCURY,16,SITKA
2008-07-25T04:12:43,249053000,58.32036667,-134.7524167,0,320.0,19.5,317,9106302,9HJG9,CELEBRITY MERCURY,16,SITKA
2008-07-25T04:12:37,249053000,58.32015,-134.7520833,0,319.4,19.5,318,9106302,9HJG9,CELEBRITY MERCURY,16,SITKA
2008-07-25T04:12:31,249053000,58.31978333,-134.7514333,0,320.7,19.5,319,9106302,9HJG9,CELEBRITY MERCURY,16,SITKA
2008-07-25T04:12:25,249053000,58.31921667,-134.75055,0,322.0,19.7,320,9106302,9HJG9,CELEBRITY MERCURY,16,SITKA
2008-07-25T04:12:20,249053000,58.31895,-134.7501667,0,322.7,19.7,321,9106302,9HJG9,CELEBRITY MERCURY,16,SITKA
2008-07-25T04:12:13,249053000,58.31836667,-134.7492667,0,324.0,19.7,322,9106302,9HJG9,CELEBRITY MERCURY,16,SITKA
2008-07-25T04:12:08,249053000,58.3181,-134.7489,0,324.4,19.7,322,9106302,9HJG9,CELEBRITY MERCURY,16,SITKA
2008-07-25T04:12:02,249053000,58.31768333,-134.7483,0,324.1,19.8,323,9106302,9HJG9,CELEBRITY MERCURY,16,SITKA
2008-07-25T04:11:55,249053000,58.31715,-134.7475667,0,324.8,19.8,324,9106302,9HJG9,CELEBRITY MERCURY,16,SITKA
2008-07-25T04:11:49,249053000,58.31633333,-134.7464833,0,325.8,19.8,325,9106302,9HJG9,CELEBRITY MERCURY,16,SITKA
2008-07-25T04:11:43,249053000,58.31626667,-134.7464,0,325.5,19.7,325,9106302,9HJG9,CELEBRITY MERCURY,16,SITKA
2008-07-25T04:11:37,249053000,58.31576667,-134.7457333,0,325.5,19.7,325,9106302,9HJG9,CELEBRITY MERCURY,16,SITKA
2008-07-25T04:11:31,249053000,58.31531667,-134.7451667,0,325.5,19.8,325,9106302,9HJG9,CELEBRITY MERCURY,16,SITKA
2008-07-25T04:11:26,249053000,58.31486667,-134.7446,0,325.5,19.8,325,9106302,9HJG9,CELEBRITY MERCURY,16,SITKA
2008-07-25T04:11:20,249053000,58.3143,-134.74385,0,325.8,19.8,325,9106302,9HJG9,CELEBRITY MERCURY,16,SITKA
2008-07-25T04:11:13,249053000,58.31396667,-134.74345,0,325.8,19.8,325,9106302,9HJG9,CELEBRITY MERCURY,16,SITKA
2008-07-25T04:11:07,249053000,58.31363333,-134.7429833,0,325.8,19.8,325,9106302,9HJG9,CELEBRITY MERCURY,16,SITKA
2008-07-25T04:11:02,249053000,58.31318333,-134.7424333,0,325.8,19.8,325,9106302,9HJG9,CELEBRITY MERCURY,16,SITKA
2008-07-25T04:10:55,249053000,58.31226667,-134.7412167,0,325.8,19.8,325,9106302,9HJG9,CELEBRITY MERCURY,16,SITKA
2008-07-25T04:10:49,249053000,58.31218333,-134.7411333,0,325.5,19.8,325,9106302,9HJG9,CELEBRITY MERCURY,16,SITKA
2008-07-25T04:10:43,249053000,58.31176667,-134.7405833,0,325.5,19.8,325,9106302,9HJG9,CELEBRITY MERCURY,16,SITKA
2008-07-25T04:10:37,249053000,58.31123333,-134.7398833,0,325.5,19.8,325,9106302,9HJG9,CELEBRITY MERCURY,16,SITKA
2008-07-25T04:10:31,249053000,58.31086667,-134.7394167,0,325.5,19.8,325,9106302,9HJG9,CELEBRITY MERCURY,16,SITKA
2008-07-25T04:10:25,249053000,58.3102,-134.73855,0,325.5,19.8,325,9106302,9HJG9,CELEBRITY MERCURY,16,SITKA
2008-07-25T04:10:20,249053000,58.30991667,-134.7381667,0,325.5,19.8,325,9106302,9HJG9,CELEBRITY MERCURY,16,SITKA
2008-07-25T04:10:13,249053000,58.30936667,-134.7374833,0,325.5,19.8,325,9106302,9HJG9,CELEBRITY MERCURY,16,SITKA
2008-07-25T04:10:07,249053000,58.309,-134.737,0,325.5,19.8,325,9106302,9HJG9,CELEBRITY MERCURY,16,SITKA
2008-07-25T04:10:02,249053000,58.30856667,-134.7364333,0,325.5,19.8,325,9106302,9HJG9,CELEBRITY MERCURY,16,SITKA
2008-07-25T04:09:55,249053000,58.30803333,-134.7357333,0,325.5,19.8,325,9106302,9HJG9,CELEBRITY MERCURY,16,SITKA
2008-07-25T04:09:49,249053000,58.3076,-134.73515,0,325.5,19.8,325,9106302,9HJG9,CELEBRITY MERCURY,16,SITKA
2008-07-25T04:09:43,249053000,58.30715,-134.7345833,0,325.5,19.9,325,9106302,9HJG9,CELEBRITY MERCURY,16,SITKA
2008-07-25T04:09:37,249053000,58.30663333,-134.7338833,0,325.5,19.8,325,9106302,9HJG9,CELEBRITY MERCURY,16,SITKA
2008-07-25T04:09:32,249053000,58.30615,-134.7332333,0,325.2,19.9,325,9106302,9HJG9,CELEBRITY MERCURY,16,SITKA
2008-07-25T04:09:27,249053000,58.30561667,-134.73255,0,0.0,0.0,0,9106302,9HJG9,CELEBRITY MERCURY,16,SITKA
2008-07-25T04:09:25,249053000,58.30561667,-134.73255,0,325.2,19.9,325,9106302,9HJG9,CELEBRITY MERCURY,16,SITKA
2008-07-25T04:09:20,249053000,58.30548333,-134.7323667,0,325.2,19.9,325,9106302,9HJG9,CELEBRITY MERCURY,16,SITKA
2008-07-25T04:09:13,249053000,58.30488333,-134.7315667,0,325.5,19.8,325,9106302,9HJG9,CELEBRITY MERCURY,16,SITKA
2008-07-25T04:09:07,249053000,58.30436667,-134.7309167,0,325.2,19.8,325,9106302,9HJG9,CELEBRITY MERCURY,16,SITKA
2008-07-25T04:09:02,249053000,58.30408333,-134.73055,0,325.5,19.8,325,9106302,9HJG9,CELEBRITY MERCURY,16,SITKA
2008-07-25T04:08:55,249053000,58.30355,-134.7298167,0,325.5,19.9,325,9106302,9HJG9,CELEBRITY MERCURY,16,SITKA
2008-07-25T04:08:49,249053000,58.3031,-134.7292167,0,325.5,20.0,325,9106302,9HJG9,CELEBRITY MERCURY,16,SITKA
2008-07-25T04:08:43,249053000,58.30268333,-134.7286667,0,325.5,19.9,325,9106302,9HJG9,CELEBRITY MERCURY,16,SITKA
2008-07-25T04:08:37,249053000,58.30205,-134.72785,0,325.2,19.8,325,9106302,9HJG9,CELEBRITY MERCURY,16,SITKA
2008-07-25T04:08:32,249053000,58.30178333,-134.7274833,0,325.2,19.8,325,9106302,9HJG9,CELEBRITY MERCURY,16,SITKA
2008-07-25T04:08:25,249053000,58.30133333,-134.7269167,0,325.2,19.8,325,9106302,9HJG9,CELEBRITY MERCURY,16,SITKA
2008-07-25T04:08:20,249053000,58.30088333,-134.7263333,0,325.2,19.9,325,9106302,9HJG9,CELEBRITY MERCURY,16,SITKA
2008-07-25T04:08:13,249053000,58.3003,-134.7255333,0,325.2,19.8,325,9106302,9HJG9,CELEBRITY MERCURY,16,SITKA
2008-07-25T04:08:07,249053000,58.29991667,-134.7250333,0,325.2,19.8,325,9106302,9HJG9,CELEBRITY MERCURY,16,SITKA
2008-07-25T04:08:02,249053000,58.29948333,-134.7245,0,325.2,19.8,325,9106302,9HJG9,CELEBRITY MERCURY,16,SITKA
2008-07-25T04:07:56,249053000,58.2989,-134.7236833,0,325.2,19.8,325,9106302,9HJG9,CELEBRITY MERCURY,16,SITKA
2008-07-25T04:07:49,249053000,58.29851667,-134.7231833,0,325.0,19.8,325,9106302,9HJG9,CELEBRITY MERCURY,16,SITKA
2008-07-25T04:07:43,249053000,58.29791667,-134.7224167,0,325.2,19.8,325,9106302,9HJG9,CELEBRITY MERCURY,16,SITKA
2008-07-25T04:07:37,249053000,58.29761667,-134.7220167,0,325.2,19.8,325,9106302,9HJG9,CELEBRITY MERCURY,16,SITKA
2008-07-25T04:07:32,249053000,58.29726667,-134.7215667,0,325.2,19.8,325,9106302,9HJG9,CELEBRITY MERCURY,16,SITKA
2008-07-25T04:07:26,249053000,58.29683333,-134.7209667,0,325.2,19.8,325,9106302,9HJG9,CELEBRITY MERCURY,16,SITKA
2008-07-25T04:07:20,249053000,58.29638333,-134.7203833,0,325.0,19.7,325,9106302,9HJG9,CELEBRITY MERCURY,16,SITKA
2008-07-25T04:07:13,249053000,58.29583333,-134.7196833,0,325.0,19.7,325,9106302,9HJG9,CELEBRITY MERCURY,16,SITKA
2008-07-25T04:07:07,249053000,58.2955,-134.7192167,0,325.0,19.7,325,9106302,9HJG9,CELEBRITY MERCURY,16,SITKA
2008-07-25T04:07:02,249053000,58.29508333,-134.71865,0,325.0,19.7,325,9106302,9HJG9,CELEBRITY MERCURY,16,SITKA
2008-07-25T04:06:56,249053000,58.29455,-134.71795,0,325.0,19.8,325,9106302,9HJG9,CELEBRITY MERCURY,16,SITKA
2008-07-25T04:06:50,249053000,58.2939,-134.7170833,0,325.0,19.8,325,9106302,9HJG9,CELEBRITY MERCURY,16,SITKA
2008-07-25T04:06:43,249053000,58.2936,-134.7167,0,324.7,19.8,325,9106302,9HJG9,CELEBRITY MERCURY,16,SITKA
2008-07-25T04:06:37,249053000,58.29325,-134.7162167,0,324.7,19.8,325,9106302,9HJG9,CELEBRITY MERCURY,16,SITKA
2008-07-25T04:06:32,249053000,58.2928,-134.7156167,0,324.7,19.7,325,9106302,9HJG9,CELEBRITY MERCURY,16,SITKA
2008-07-25T04:06:25,249053000,58.29235,-134.7150333,0,324.7,19.7,325,9106302,9HJG9,CELEBRITY MERCURY,16,SITKA
2008-07-25T04:06:20,249053000,58.29183333,-134.7143333,0,325.0,19.7,325,9106302,9HJG9,CELEBRITY MERCURY,16,SITKA
2008-07-25T04:06:13,249053000,58.29138333,-134.7137333,0,324.7,19.5,325,9106302,9HJG9,CELEBRITY MERCURY,16,SITKA
2008-07-25T04:06:07,249053000,58.29096667,-134.7131667,0,324.7,19.5,325,9106302,9HJG9,CELEBRITY MERCURY,16,SITKA
2008-07-25T04:06:02,249053000,58.29053333,-134.7125833,0,324.7,19.7,325,9106302,9HJG9,CELEBRITY MERCURY,16,SITKA
2008-07-25T04:05:56,249053000,58.28985,-134.7117,0,324.4,19.5,325,9106302,9HJG9,CELEBRITY MERCURY,16,SITKA
2008-07-25T04:05:50,249053000,58.28963333,-134.7114,0,324.7,19.5,325,9106302,9HJG9,CELEBRITY MERCURY,16,SITKA
2008-07-25T04:05:43,249053000,58.28911667,-134.7106833,0,324.7,19.5,325,9106302,9HJG9,CELEBRITY MERCURY,16,SITKA
2008-07-25T04:05:37,249053000,58.28868333,-134.7101333,0,324.7,19.5,325,9106302,9HJG9,CELEBRITY MERCURY,16,SITKA
2008-07-25T04:05:32,249053000,58.28825,-134.70955,0,324.7,19.5,325,9106302,9HJG9,CELEBRITY MERCURY,16,SITKA
2008-07-25T04:05:25,249053000,58.28783333,-134.70895,0,324.7,19.5,325,9106302,9HJG9,CELEBRITY MERCURY,16,SITKA
2008-07-25T04:05:20,249053000,58.28738333,-134.7083667,0,324.7,19.5,325,9106302,9HJG9,CELEBRITY MERCURY,16,SITKA
2008-07-25T04:05:13,249053000,58.28695,-134.7078,0,324.7,19.5,325,9106302,9HJG9,CELEBRITY MERCURY,16,SITKA
2008-07-25T04:05:07,249053000,58.28653333,-134.7072167,0,324.7,19.5,325,9106302,9HJG9,CELEBRITY MERCURY,16,SITKA
2008-07-25T04:05:02,249053000,58.28616667,-134.7067333,0,324.4,19.5,325,9106302,9HJG9,CELEBRITY MERCURY,16,SITKA
2008-07-25T04:04:56,249053000,58.28535,-134.7056167,0,324.4,19.5,325,9106302,9HJG9,CELEBRITY MERCURY,16,SITKA
2008-07-25T04:04:50,249053000,58.28523333,-134.7054667,0,324.4,19.5,325,9106302,9HJG9,CELEBRITY MERCURY,16,SITKA
2008-07-25T04:04:43,249053000,58.2847,-134.70475,0,324.7,19.5,325,9106302,9HJG9,CELEBRITY MERCURY,16,SITKA
2008-07-25T04:04:37,249053000,58.28428333,-134.7041833,0,324.7,19.5,325,9106302,9HJG9,CELEBRITY MERCURY,16,SITKA
2008-07-25T04:04:32,249053000,58.28363333,-134.7033,0,324.4,19.5,325,9106302,9HJG9,CELEBRITY MERCURY,16,SITKA
2008-07-25T04:04:25,249053000,58.28341667,-134.7030333,0,324.4,19.5,325,9106302,9HJG9,CELEBRITY MERCURY,16,SITKA
2008-07-25T04:04:20,249053000,58.283,-134.70245,0,324.4,19.5,325,9106302,9HJG9,CELEBRITY MERCURY,16,SITKA
2008-07-25T04:04:13,249053000,58.2824,-134.7016333,0,324.4,19.5,325,9106302,9HJG9,CELEBRITY MERCURY,16,SITKA
2008-07-25T04:04:07,249053000,58.28206667,-134.7012,0,324.7,19.5,325,9106302,9HJG9,CELEBRITY MERCURY,16,SITKA
2008-07-25T04:04:02,249053000,58.28156667,-134.7005,0,324.4,19.4,325,9106302,9HJG9,CELEBRITY MERCURY,16,SITKA
2008-07-25T04:03:56,249053000,58.28121667,-134.7000167,0,324.4,19.4,325,9106302,9HJG9,CELEBRITY MERCURY,16,SITKA
2008-07-25T04:03:50,249053000,58.28078333,-134.6994333,0,324.4,19.4,325,9106302,9HJG9,CELEBRITY MERCURY,16,SITKA
2008-07-25T04:03:43,249053000,58.28028333,-134.69875,0,324.4,19.4,325,9106302,9HJG9,CELEBRITY MERCURY,16,SITKA
2008-07-25T04:03:37,249053000,58.27986667,-134.69815,0,324.4,19.4,325,9106302,9HJG9,CELEBRITY MERCURY,16,SITKA
2008-07-25T04:03:32,249053000,58.27945,-134.6976,0,324.4,19.4,325,9106302,9HJG9,CELEBRITY MERCURY,16,SITKA
2008-07-25T04:03:25,249053000,58.279,-134.697,0,324.4,19.4,325,9106302,9HJG9,CELEBRITY MERCURY,16,SITKA
2008-07-25T04:03:25,249053000,58.27866667,-134.6965333,0,0.0,0.0,0,9106302,9HJG9,CELEBRITY MERCURY,16,SITKA
2008-07-25T04:03:20,249053000,58.27866667,-134.6965333,0,324.1,19.4,325,9106302,9HJG9,CELEBRITY MERCURY,16,SITKA
2008-07-25T04:03:13,249053000,58.27815,-134.6958333,0,324.1,19.3,325,9106302,9HJG9,CELEBRITY MERCURY,16,SITKA
2008-07-25T04:03:07,249053000,58.27763333,-134.69515,0,324.4,19.3,325,9106302,9HJG9,CELEBRITY MERCURY,16,SITKA
2008-07-25T04:03:02,249053000,58.27735,-134.6947833,0,324.1,19.3,325,9106302,9HJG9,CELEBRITY MERCURY,16,SITKA
2008-07-25T04:02:56,249053000,58.27685,-134.6941,0,324.1,19.4,325,9106302,9HJG9,CELEBRITY MERCURY,16,SITKA
2008-07-25T04:02:50,249053000,58.27641667,-134.6935167,0,324.4,19.4,325,9106302,9HJG9,CELEBRITY MERCURY,16,SITKA
2008-07-25T04:02:44,249053000,58.27593333,-134.6928167,0,323.8,19.3,325,9106302,9HJG9,CELEBRITY MERCURY,16,SITKA
2008-07-25T04:02:37,249053000,58.27535,-134.69205,0,324.1,19.3,325,9106302,9HJG9,CELEBRITY MERCURY,16,SITKA
2008-07-25T04:02:32,249053000,58.27516667,-134.6917833,0,324.1,19.3,325,9106302,9HJG9,CELEBRITY MERCURY,16,SITKA
2008-07-25T04:02:25,249053000,58.27465,-134.6910833,0,323.8,19.3,325,9106302,9HJG9,CELEBRITY MERCURY,16,SITKA
2008-07-25T04:02:20,249053000,58.27416667,-134.6904,0,324.1,19.3,325,9106302,9HJG9,CELEBRITY MERCURY,16,SITKA
2008-07-25T04:02:13,249053000,58.27335,-134.6892833,0,324.1,19.3,325,9106302,9HJG9,CELEBRITY MERCURY,16,SITKA
2008-07-25T04:02:07,249053000,58.2733,-134.6892167,0,324.1,19.3,325,9106302,9HJG9,CELEBRITY MERCURY,16,SITKA
2008-07-25T04:02:02,249053000,58.27295,-134.6887333,0,323.8,19.3,325,9106302,9HJG9,CELEBRITY MERCURY,16,SITKA
2008-07-25T04:01:56,249053000,58.27251667,-134.68815,0,324.1,19.3,325,9106302,9HJG9,CELEBRITY MERCURY,16,SITKA
2008-07-25T04:01:49,249053000,58.27203333,-134.6874833,0,324.1,19.3,325,9106302,9HJG9,CELEBRITY MERCURY,16,SITKA
2008-07-25T04:01:44,249053000,58.27155,-134.6868,0,324.1,19.2,325,9106302,9HJG9,CELEBRITY MERCURY,16,SITKA
2008-07-25T04:01:37,249053000,58.2712,-134.6863,0,324.1,19.2,325,9106302,9HJG9,CELEBRITY MERCURY,16,SITKA
2008-07-25T04:01:32,249053000,58.27086667,-134.68585,0,323.8,19.2,325,9106302,9HJG9,CELEBRITY MERCURY,16,SITKA
2008-07-25T04:01:25,249053000,58.27035,-134.68515,0,323.8,19.2,325,9106302,9HJG9,CELEBRITY MERCURY,16,SITKA
2008-07-25T04:01:20,249053000,58.27001667,-134.6846667,0,324.1,19.3,325,9106302,9HJG9,CELEBRITY MERCURY,16,SITKA
2008-07-25T04:01:13,249053000,58.2693,-134.6836667,0,323.8,19.3,325,9106302,9HJG9,CELEBRITY MERCURY,16,SITKA
2008-07-25T04:01:07,249053000,58.269,-134.6832833,0,323.8,19.3,325,9106302,9HJG9,CELEBRITY MERCURY,16,SITKA
2008-07-25T04:01:02,249053000,58.26858333,-134.6827,0,324.1,19.2,325,9106302,9HJG9,CELEBRITY MERCURY,16,SITKA
2008-07-25T04:00:56,249053000,58.26816667,-134.6821,0,323.8,19.3,325,9106302,9HJG9,CELEBRITY MERCURY,16,SITKA
2008-07-25T04:00:49,249053000,58.26773333,-134.6815167,0,323.8,19.2,325,9106302,9HJG9,CELEBRITY MERCURY,16,SITKA
2008-07-25T04:00:44,249053000,58.26731667,-134.6809333,0,323.8,19.2,325,9106302,9HJG9,CELEBRITY MERCURY,16,SITKA
2008-07-25T04:00:37,249053000,58.26681667,-134.6802667,0,323.8,19.2,325,9106302,9HJG9,CELEBRITY MERCURY,16,SITKA
2008-07-25T04:00:32,249053000,58.26655,-134.6798833,0,323.8,19.2,325,9106302,9HJG9,CELEBRITY MERCURY,16,SITKA
2008-07-25T04:00:25,249053000,58.2659,-134.6789667,0,323.5,19.2,325,9106302,9HJG9,CELEBRITY MERCURY,16,SITKA
2008-07-25T04:00:20,249053000,58.26528333,-134.6780833,0,323.5,19.2,325,9106302,9HJG9,CELEBRITY MERCURY,16,SITKA
2008-07-25T04:00:13,249053000,58.26513333,-134.6779,0,323.8,19.2,325,9106302,9HJG9,CELEBRITY MERCURY,16,SITKA
2008-07-25T04:00:07,249053000,58.2647,-134.6773,0,323.8,19.1,325,9106302,9HJG9,CELEBRITY MERCURY,16,SITKA
2008-07-25T04:00:02,249053000,58.26428333,-134.6767333,0,323.8,19.1,325,9106302,9HJG9,CELEBRITY MERCURY,16,SITKA
2008-07-25T03:59:55,249053000,58.26381667,-134.6760333,0,323.5,19.1,325,9106302,9HJG9,CELEBRITY MERCURY,16,SITKA
2008-07-25T03:59:49,249053000,58.26325,-134.6752667,0,323.5,19.2,325,9106302,9HJG9,CELEBRITY MERCURY,16,SITKA
2008-07-25T03:59:44,249053000,58.26311667,-134.6751,0,323.5,19.1,325,9106302,9HJG9,CELEBRITY MERCURY,16,SITKA
2008-07-25T03:59:37,249053000,58.26255,-134.6743,0,323.5,19.1,325,9106302,9HJG9,CELEBRITY MERCURY,16,SITKA
2008-07-25T03:59:32,249053000,58.26221667,-134.6738167,0,323.5,19.1,325,9106302,9HJG9,CELEBRITY MERCURY,16,SITKA
2008-07-25T03:59:25,249053000,58.2617,-134.6731167,0,323.8,19.1,325,9106302,9HJG9,CELEBRITY MERCURY,16,SITKA
2008-07-25T03:59:21,249053000,58.26121667,-134.6724333,0,0.0,0.0,0,9106302,9HJG9,CELEBRITY MERCURY,16,SITKA
2008-07-25T03:59:20,249053000,58.26121667,-134.6724333,0,323.5,19.1,325,9106302,9HJG9,CELEBRITY MERCURY,16,SITKA
2008-07-25T03:59:13,249053000,58.26086667,-134.67195,0,323.5,19.1,325,9106302,9HJG9,CELEBRITY MERCURY,16,SITKA
2008-07-25T03:59:07,249053000,58.26038333,-134.6712833,0,323.8,19.1,325,9106302,9HJG9,CELEBRITY MERCURY,16,SITKA
2008-07-25T03:59:02,249053000,58.25981667,-134.6704833,0,323.8,19.1,325,9106302,9HJG9,CELEBRITY MERCURY,16,SITKA
2008-07-25T03:58:55,249053000,58.25953333,-134.6701167,0,323.5,19.1,325,9106302,9HJG9,CELEBRITY MERCURY,16,SITKA
2008-07-25T03:58:49,249053000,58.25911667,-134.6695167,0,323.5,19.1,325,9106302,9HJG9,CELEBRITY MERCURY,16,SITKA
2008-07-25T03:58:37,249053000,58.25828333,-134.66835,0,323.5,19.1,325,9106302,9HJG9,CELEBRITY MERCURY,16,SITKA
2008-07-25T03:58:32,249053000,58.25785,-134.6677667,0,323.5,19.1,325,9106302,9HJG9,CELEBRITY MERCURY,16,SITKA
2008-07-25T03:58:25,249053000,58.25715,-134.6667833,0,323.5,19.1,325,9106302,9HJG9,CELEBRITY MERCURY,16,SITKA
2008-07-25T03:58:20,249053000,58.25701667,-134.6666,0,323.5,19.1,325,9106302,9HJG9,CELEBRITY MERCURY,16,SITKA
2008-07-25T03:58:13,249053000,58.25653333,-134.6659,0,323.5,19.1,325,9106302,9HJG9,CELEBRITY MERCURY,16,SITKA
2008-07-25T03:58:07,249053000,58.25611667,-134.6653167,0,323.5,19.1,325,9106302,9HJG9,CELEBRITY MERCURY,16,SITKA
2008-07-25T03:58:02,249053000,58.25578333,-134.66485,0,323.5,19.1,325,9106302,9HJG9,CELEBRITY MERCURY,16,SITKA
2008-07-25T03:57:55,249053000,58.25506667,-134.66385,0,323.2,19.1,325,9106302,9HJG9,CELEBRITY MERCURY,16,SITKA
2008-07-25T03:57:49,249053000,58.25495,-134.6636667,0,323.2,19.1,325,9106302,9HJG9,CELEBRITY MERCURY,16,SITKA
2008-07-25T03:57:44,249053000,58.25453333,-134.6630833,0,323.5,19.1,325,9106302,9HJG9,CELEBRITY MERCURY,16,SITKA
2008-07-25T03:57:38,249053000,58.25413333,-134.6624833,0,323.2,19.1,325,9106302,9HJG9,CELEBRITY MERCURY,16,SITKA
2008-07-25T03:57:32,249053000,58.25363333,-134.6618167,0,323.2,19.1,325,9106302,9HJG9,CELEBRITY MERCURY,16,SITKA
2008-07-25T03:57:25,249053000,58.25301667,-134.6608833,0,323.5,19.1,325,9106302,9HJG9,CELEBRITY MERCURY,16,SITKA
2008-07-25T03:57:20,249053000,58.25273333,-134.6604833,0,323.5,19.1,325,9106302,9HJG9,CELEBRITY MERCURY,16,SITKA
2008-07-25T03:57:13,249053000,58.2523,-134.6598833,0,323.5,19.1,325,9106302,9HJG9,CELEBRITY MERCURY,16,SITKA
2008-07-25T03:57:07,249053000,58.2519,-134.6593,0,323.5,19.2,325,9106302,9HJG9,CELEBRITY MERCURY,16,SITKA
2008-07-25T03:57:02,249053000,58.25146667,-134.6587167,0,323.2,19.2,325,9106302,9HJG9,CELEBRITY MERCURY,16,SITKA
2008-07-25T03:56:55,249053000,58.25098333,-134.6580333,0,323.2,19.2,325,9106302,9HJG9,CELEBRITY MERCURY,16,SITKA
2008-07-25T03:56:49,249053000,58.25061667,-134.6575333,0,323.2,19.2,325,9106302,9HJG9,CELEBRITY MERCURY,16,SITKA
2008-07-25T03:56:44,249053000,58.25015,-134.6569,0,322.9,19.2,325,9106302,9HJG9,CELEBRITY MERCURY,16,SITKA
2008-07-25T03:56:38,249053000,58.24971667,-134.6563,0,323.2,19.2,325,9106302,9HJG9,CELEBRITY MERCURY,16,SITKA
2008-07-25T03:56:32,249053000,58.24923333,-134.6556,0,323.2,19.2,325,9106302,9HJG9,CELEBRITY MERCURY,16,SITKA
2008-07-25T03:56:25,249053000,58.2488,-134.655,0,323.5,19.2,325,9106302,9HJG9,CELEBRITY MERCURY,16,SITKA
2008-07-25T03:56:20,249053000,58.24853333,-134.6546167,0,323.2,19.2,325,9106302,9HJG9,CELEBRITY MERCURY,16,SITKA
2008-07-25T03:56:13,249053000,58.24796667,-134.6538333,0,323.5,19.2,325,9106302,9HJG9,CELEBRITY MERCURY,16,SITKA
2008-07-25T03:56:07,249053000,58.24738333,-134.65305,0,323.8,19.3,325,9106302,9HJG9,CELEBRITY MERCURY,16,SITKA
2008-07-25T03:56:02,249053000,58.24698333,-134.6524667,0,324.2,19.3,326,9106302,9HJG9,CELEBRITY MERCURY,16,SITKA
2008-07-25T03:55:55,249053000,58.24668333,-134.6520667,0,323.5,19.3,325,9106302,9HJG9,CELEBRITY MERCURY,16,SITKA
2008-07-25T03:55:49,249053000,58.24636667,-134.6516,0,323.5,19.3,325,9106302,9HJG9,CELEBRITY MERCURY,16,SITKA
2008-07-25T03:55:44,249053000,58.24593333,-134.6510167,0,323.5,19.3,325,9106302,9HJG9,CELEBRITY MERCURY,16,SITKA
2008-07-25T03:55:38,249053000,58.24541667,-134.6503333,0,323.5,19.3,325,9106302,9HJG9,CELEBRITY MERCURY,16,SITKA
2008-07-25T03:55:32,249053000,58.24493333,-134.64965,0,323.2,19.3,325,9106302,9HJG9,CELEBRITY MERCURY,16,SITKA
2008-07-25T03:55:25,249053000,58.24448333,-134.6490333,0,323.2,19.3,325,9106302,9HJG9,CELEBRITY MERCURY,16,SITKA
2008-07-25T03:55:20,249053000,58.24413333,-134.64855,0,323.5,19.3,325,9106302,9HJG9,CELEBRITY MERCURY,16,SITKA
2008-07-25T03:55:13,249053000,58.24365,-134.6478667,0,323.5,19.4,325,9106302,9HJG9,CELEBRITY MERCURY,16,SITKA
2008-07-25T03:55:07,249053000,58.24308333,-134.6470833,0,323.8,19.3,325,9106302,9HJG9,CELEBRITY MERCURY,16,SITKA
2008-07-25T03:55:02,249053000,58.24281667,-134.6467,0,324.1,19.3,325,9106302,9HJG9,CELEBRITY MERCURY,16,SITKA
2008-07-25T03:54:55,249053000,58.24236667,-134.6461,0,324.5,19.3,326,9106302,9HJG9,CELEBRITY MERCURY,16,SITKA
2008-07-25T03:54:49,249053000,58.24193333,-134.6455167,0,324.2,19.4,326,9106302,9HJG9,CELEBRITY MERCURY,16,SITKA
2008-07-25T03:54:44,249053000,58.24161667,-134.64505,0,324.2,19.4,326,9106302,9HJG9,CELEBRITY MERCURY,16,SITKA
2008-07-25T03:54:38,249053000,58.24111667,-134.6443667,0,324.2,19.4,326,9106302,9HJG9,CELEBRITY MERCURY,16,SITKA
2008-07-25T03:54:32,249053000,58.24076667,-134.6438667,0,323.2,19.4,325,9106302,9HJG9,CELEBRITY MERCURY,16,SITKA
2008-07-25T03:54:25,249053000,58.24018333,-134.6430833,0,322.9,19.5,325,9106302,9HJG9,CELEBRITY MERCURY,16,SITKA
2008-07-25T03:54:20,249053000,58.23985,-134.6426,0,322.6,19.5,325,9106302,9HJG9,CELEBRITY MERCURY,16,SITKA
2008-07-25T03:54:13,249053000,58.23933333,-134.6419,0,321.3,19.5,324,9106302,9HJG9,CELEBRITY MERCURY,16,SITKA
2008-07-25T03:54:07,249053000,58.23863333,-134.64085,0,321.6,19.5,324,9106302,9HJG9,CELEBRITY MERCURY,16,SITKA
2008-07-25T03:54:02,249053000,58.23851667,-134.64065,0,320.3,19.5,323,9106302,9HJG9,CELEBRITY MERCURY,16,SITKA
2008-07-25T03:53:56,249053000,58.23815,-134.64015,0,319.3,19.5,322,9106302,9HJG9,CELEBRITY MERCURY,16,SITKA
2008-07-25T03:53:49,249053000,58.23768333,-134.6393833,0,318.0,19.5,322,9106302,9HJG9,CELEBRITY MERCURY,16,SITKA
2008-07-25T03:53:44,249053000,58.23728333,-134.63875,0,318.3,19.5,321,9106302,9HJG9,CELEBRITY MERCURY,16,SITKA
2008-07-25T03:53:38,249053000,58.23666667,-134.6377167,0,316.8,19.7,320,9106302,9HJG9,CELEBRITY MERCURY,16,SITKA
2008-07-25T03:53:32,249053000,58.23635,-134.6371333,0,316.3,19.7,319,9106302,9HJG9,CELEBRITY MERCURY,16,SITKA
2008-07-25T03:53:25,249053000,58.23603333,-134.6365667,0,315.3,19.5,318,9106302,9HJG9,CELEBRITY MERCURY,16,SITKA
2008-07-25T03:53:20,249053000,58.23565,-134.6358667,0,314.6,19.5,317,9106302,9HJG9,CELEBRITY MERCURY,16,SITKA
2008-07-25T03:53:13,249053000,58.23495,-134.6345333,0,314.3,19.7,317,9106302,9HJG9,CELEBRITY MERCURY,16,SITKA
2008-07-25T03:53:07,249053000,58.23463333,-134.6339333,0,313.3,19.7,316,9106302,9HJG9,CELEBRITY MERCURY,16,SITKA
2008-07-25T03:53:02,249053000,58.23455,-134.6337167,0,312.3,19.7,315,9106302,9HJG9,CELEBRITY MERCURY,16,SITKA
2008-07-25T03:52:56,249053000,58.23416667,-134.633,0,312.3,19.7,315,9106302,9HJG9,CELEBRITY MERCURY,16,SITKA
2008-07-25T03:52:49,249053000,58.23371667,-134.6320833,0,311.6,19.7,314,9106302,9HJG9,CELEBRITY MERCURY,16,SITKA
2008-07-25T03:52:43,249053000,58.23335,-134.6313333,0,310.9,19.8,314,9106302,9HJG9,CELEBRITY MERCURY,16,SITKA
2008-07-25T03:52:38,249053000,58.233,-134.6306,0,310.6,19.8,313,9106302,9HJG9,CELEBRITY MERCURY,16,SITKA
2008-07-25T03:52:32,249053000,58.2326,-134.6297,0,309.9,19.8,312,9106302,9HJG9,CELEBRITY MERCURY,16,SITKA
2008-07-25T03:52:25,249053000,58.23225,-134.6289167,0,309.2,19.8,311,9106302,9HJG9,CELEBRITY MERCURY,16,SITKA
2008-07-25T03:52:20,249053000,58.23196667,-134.6282833,0,309.2,19.8,311,9106302,9HJG9,CELEBRITY MERCURY,16,SITKA
2008-07-25T03:52:13,249053000,58.23158333,-134.6273167,0,309.2,19.8,311,9106302,9HJG9,CELEBRITY MERCURY,16,SITKA
2008-07-25T03:52:07,249053000,58.23123333,-134.6265667,0,309.2,19.8,311,9106302,9HJG9,CELEBRITY MERCURY,16,SITKA
2008-07-25T03:52:02,249053000,58.23095,-134.6259,0,308.2,19.8,310,9106302,9HJG9,CELEBRITY MERCURY,16,SITKA
2008-07-25T03:51:56,249053000,58.23055,-134.6249667,0,308.5,19.8,310,9106302,9HJG9,CELEBRITY MERCURY,16,SITKA
2008-07-25T03:51:49,249053000,58.23016667,-134.624,0,308.5,19.7,310,9106302,9HJG9,CELEBRITY MERCURY,16,SITKA
2008-07-25T03:51:43,249053000,58.22971667,-134.6229333,0,308.2,19.8,310,9106302,9HJG9,CELEBRITY MERCURY,16,SITKA
2008-07-25T03:51:38,249053000,58.22956667,-134.6225333,0,308.9,19.8,311,9106302,9HJG9,CELEBRITY MERCURY,16,SITKA
2008-07-25T03:51:35,249053000,58.22923333,-134.6217833,0,308.9,19.8,311,9106302,9HJG9,CELEBRITY MERCURY,16,SITKA
2008-07-25T03:51:25,249053000,58.22855,-134.6201833,0,0.0,0.0,0,9106302,9HJG9,CELEBRITY MERCURY,16,SITKA
2008-07-25T03:51:20,249053000,58.22855,-134.6201833,0,308.6,19.7,311,9106302,9HJG9,CELEBRITY MERCURY,16,SITKA
2008-07-25T03:51:13,249053000,58.22815,-134.6192333,0,308.6,19.8,311,9106302,9HJG9,CELEBRITY MERCURY,16,SITKA
2008-07-25T03:51:07,249053000,58.22781667,-134.6184,0,308.3,19.8,311,9106302,9HJG9,CELEBRITY MERCURY,16,SITKA
2008-07-25T03:51:02,249053000,58.22756667,-134.6178,0,308.3,19.8,311,9106302,9HJG9,CELEBRITY MERCURY,16,SITKA
2008-07-25T03:50:56,249053000,58.22723333,-134.6169833,0,308.1,19.8,311,9106302,9HJG9,CELEBRITY MERCURY,16,SITKA
2008-07-25T03:50:49,249053000,58.22671667,-134.6157333,0,308.1,19.8,311,9106302,9HJG9,CELEBRITY MERCURY,16,SITKA
2008-07-25T03:50:43,249053000,58.22646667,-134.6150667,0,307.1,19.8,310,9106302,9HJG9,CELEBRITY MERCURY,16,SITKA
2008-07-25T03:50:38,249053000,58.22618333,-134.6144167,0,307.3,19.8,310,9106302,9HJG9,CELEBRITY MERCURY,16,SITKA
2008-07-25T03:50:32,249053000,58.2258,-134.6135,0,307.3,19.8,310,9106302,9HJG9,CELEBRITY MERCURY,16,SITKA
2008-07-25T03:50:25,249053000,58.22551667,-134.6128,0,307.3,19.8,310,9106302,9HJG9,CELEBRITY MERCURY,16,SITKA
2008-07-25T03:50:20,249053000,58.22498333,-134.6114333,0,306.6,19.8,309,9106302,9HJG9,CELEBRITY MERCURY,16,SITKA
2008-07-25T03:50:13,249053000,58.22476667,-134.6108833,0,306.6,19.8,309,9106302,9HJG9,CELEBRITY MERCURY,16,SITKA
2008-07-25T03:50:07,249053000,58.2244,-134.60995,0,306.6,19.8,309,9106302,9HJG9,CELEBRITY MERCURY,16,SITKA
2008-07-25T03:50:02,249053000,58.22418333,-134.6094333,0,306.3,19.8,309,9106302,9HJG9,CELEBRITY MERCURY,16,SITKA
2008-07-25T03:49:55,249053000,58.22381667,-134.6084667,0,306.1,19.8,309,9106302,9HJG9,CELEBRITY MERCURY,16,SITKA
2008-07-25T03:49:49,249053000,58.22348333,-134.6076167,0,306.1,19.8,309,9106302,9HJG9,CELEBRITY MERCURY,16,SITKA
2008-07-25T03:49:43,249053000,58.2231,-134.60665,0,305.1,19.8,308,9106302,9HJG9,CELEBRITY MERCURY,16,SITKA
2008-07-25T03:49:37,249053000,58.22285,-134.6059667,0,303.8,19.8,308,9106302,9HJG9,CELEBRITY MERCURY,16,SITKA
2008-07-25T03:49:32,249053000,58.22233333,-134.6045833,0,304.1,19.8,307,9106302,9HJG9,CELEBRITY MERCURY,16,SITKA
2008-07-25T03:49:25,249053000,58.22216667,-134.6041333,0,303.1,19.8,306,9106302,9HJG9,CELEBRITY MERCURY,16,SITKA
2008-07-25T03:49:20,249053000,58.22193333,-134.6034833,0,302.1,19.8,305,9106302,9HJG9,CELEBRITY MERCURY,16,SITKA
2008-07-25T03:49:13,249053000,58.22165,-134.6026167,0,301.4,19.9,304,9106302,9HJG9,CELEBRITY MERCURY,16,SITKA
2008-07-25T03:49:07,249053000,58.2213,-134.6015833,0,301.1,19.8,304,9106302,9HJG9,CELEBRITY MERCURY,16,SITKA
2008-07-25T03:49:02,249053000,58.22113333,-134.6010667,0,300.3,19.8,303,9106302,9HJG9,CELEBRITY MERCURY,16,SITKA
2008-07-25T03:48:55,249053000,58.22058333,-134.5992333,0,299.3,19.8,302,9106302,9HJG9,CELEBRITY MERCURY,16,SITKA
2008-07-25T03:48:49,249053000,58.22031667,-134.5983333,0,298.4,19.9,301,9106302,9HJG9,CELEBRITY MERCURY,16,SITKA
2008-07-25T03:48:43,249053000,58.22021667,-134.5980833,0,297.6,19.9,300,9106302,9HJG9,CELEBRITY MERCURY,16,SITKA
2008-07-25T03:48:37,249053000,58.21998333,-134.5971667,0,297.6,19.9,300,9106302,9HJG9,CELEBRITY MERCURY,16,SITKA
2008-07-25T03:48:32,249053000,58.21976667,-134.5964667,0,296.6,19.9,299,9106302,9HJG9,CELEBRITY MERCURY,16,SITKA
2008-07-25T03:48:25,249053000,58.21943333,-134.5952167,0,295.6,19.8,298,9106302,9HJG9,CELEBRITY MERCURY,16,SITKA
2008-07-25T03:48:20,249053000,58.21923333,-134.59445,0,295.6,19.9,298,9106302,9HJG9,CELEBRITY MERCURY,16,SITKA
2008-07-25T03:48:13,249053000,58.21898333,-134.5935333,0,294.6,19.9,297,9106302,9HJG9,CELEBRITY MERCURY,16,SITKA
2008-07-25T03:48:07,249053000,58.21865,-134.5921167,0,293.9,19.9,296,9106302,9HJG9,CELEBRITY MERCURY,16,SITKA
2008-07-25T03:48:02,249053000,58.2185,-134.5915167,0,293.9,19.9,296,9106302,9HJG9,CELEBRITY MERCURY,16,SITKA
2008-07-25T03:47:55,249053000,58.21823333,-134.5904,0,292.9,19.9,295,9106302,9HJG9,CELEBRITY MERCURY,16,SITKA
2008-07-25T03:47:49,249053000,58.21803333,-134.58945,0,292.2,19.9,294,9106302,9HJG9,CELEBRITY MERCURY,16,SITKA
2008-07-25T03:47:43,249053000,58.21778333,-134.5883333,0,292.5,19.9,294,9106302,9HJG9,CELEBRITY MERCURY,16,SITKA
2008-07-25T03:47:37,249053000,58.21761667,-134.5875667,0,291.8,19.9,293,9106302,9HJG9,CELEBRITY MERCURY,16,SITKA
2008-07-25T03:47:32,249053000,58.21736667,-134.5864833,0,291.8,19.9,293,9106302,9HJG9,CELEBRITY MERCURY,16,SITKA
2008-07-25T03:47:26,249053000,58.21723333,-134.58585,0,291.1,19.9,292,9106302,9HJG9,CELEBRITY MERCURY,16,SITKA
2008-07-25T03:47:20,249053000,58.21701667,-134.5847167,0,291.1,19.9,292,9106302,9HJG9,CELEBRITY MERCURY,16,SITKA
2008-07-25T03:47:13,249053000,58.21681667,-134.58375,0,291.1,19.9,292,9106302,9HJG9,CELEBRITY MERCURY,16,SITKA
2008-07-25T03:47:07,249053000,58.21658333,-134.5826,0,291.1,19.9,292,9106302,9HJG9,CELEBRITY MERCURY,16,SITKA
2008-07-25T03:47:02,249053000,58.21645,-134.5818667,0,291.1,19.8,292,9106302,9HJG9,CELEBRITY MERCURY,16,SITKA
2008-07-25T03:46:55,249053000,58.21616667,-134.5805333,0,292.1,19.8,293,9106302,9HJG9,CELEBRITY MERCURY,16,SITKA
2008-07-25T03:46:49,249053000,58.216,-134.5797833,0,292.4,19.8,293,9106302,9HJG9,CELEBRITY MERCURY,16,SITKA
2008-07-25T03:46:43,249053000,58.21578333,-134.5788167,0,292.4,19.8,293,9106302,9HJG9,CELEBRITY MERCURY,16,SITKA
2008-07-25T03:46:37,249053000,58.21561667,-134.5780333,0,292.1,19.8,293,9106302,9HJG9,CELEBRITY MERCURY,16,SITKA
2008-07-25T03:46:32,249053000,58.21545,-134.5771167,0,291.1,19.8,292,9106302,9HJG9,CELEBRITY MERCURY,16,SITKA
2008-07-25T03:46:26,249053000,58.2152,-134.5759667,0,291.4,19.9,292,9106302,9HJG9,CELEBRITY MERCURY,16,SITKA
2008-07-25T03:46:20,249053000,58.215,-134.5750167,0,291.4,19.8,292,9106302,9HJG9,CELEBRITY MERCURY,16,SITKA
2008-07-25T03:46:13,249053000,58.21475,-134.5738667,0,291.4,19.8,292,9106302,9HJG9,CELEBRITY MERCURY,16,SITKA
2008-07-25T03:46:07,249053000,58.21456667,-134.5729167,0,291.4,19.8,292,9106302,9HJG9,CELEBRITY MERCURY,16,SITKA
2008-07-25T03:46:02,249053000,58.2144,-134.5721667,0,291.4,19.8,292,9106302,9HJG9,CELEBRITY MERCURY,16,SITKA
2008-07-25T03:45:55,249053000,58.21413333,-134.5708667,0,291.4,19.8,292,9106302,9HJG9,CELEBRITY MERCURY,16,SITKA
2008-07-25T03:45:49,249053000,58.21393333,-134.5699167,0,291.4,19.8,292,9106302,9HJG9,CELEBRITY MERCURY,16,SITKA
2008-07-25T03:45:43,249053000,58.21373333,-134.56895,0,291.4,19.8,292,9106302,9HJG9,CELEBRITY MERCURY,16,SITKA
2008-07-25T03:45:37,249053000,58.21353333,-134.5680167,0,291.4,19.8,292,9106302,9HJG9,CELEBRITY MERCURY,16,SITKA
2008-07-25T03:45:32,249053000,58.2133,-134.5669167,0,291.4,19.8,292,9106302,9HJG9,CELEBRITY MERCURY,16,SITKA
2008-07-25T03:45:26,249053000,58.21318333,-134.5663167,0,291.4,19.8,292,9106302,9HJG9,CELEBRITY MERCURY,16,SITKA
2008-07-25T03:45:24,249053000,58.21295,-134.5652,0,0.0,0.0,0,9106302,9HJG9,CELEBRITY MERCURY,16,SITKA
2008-07-25T03:45:20,249053000,58.21295,-134.5652,0,291.4,19.8,292,9106302,9HJG9,CELEBRITY MERCURY,16,SITKA
2008-07-25T03:45:07,249053000,58.21255,-134.5632833,0,291.1,19.8,292,9106302,9HJG9,CELEBRITY MERCURY,16,SITKA
2008-07-25T03:45:02,249053000,58.21236667,-134.56235,0,290.8,19.8,292,9106302,9HJG9,CELEBRITY MERCURY,16,SITKA
2008-07-25T03:44:55,249053000,58.21215,-134.5614,0,290.8,19.8,292,9106302,9HJG9,CELEBRITY MERCURY,16,SITKA
2008-07-25T03:44:49,249053000,58.2119,-134.5601167,0,290.8,19.7,292,9106302,9HJG9,CELEBRITY MERCURY,16,SITKA
2008-07-25T03:44:43,249053000,58.21176667,-134.5595,0,290.8,19.7,292,9106302,9HJG9,CELEBRITY MERCURY,16,SITKA
2008-07-25T03:44:38,249053000,58.21158333,-134.55855,0,289.8,19.7,291,9106302,9HJG9,CELEBRITY MERCURY,16,SITKA
2008-07-25T03:44:32,249053000,58.21133333,-134.5573,0,289.5,19.8,291,9106302,9HJG9,CELEBRITY MERCURY,16,SITKA
2008-07-25T03:44:26,249053000,58.21118333,-134.5565,0,288.5,19.8,290,9106302,9HJG9,CELEBRITY MERCURY,16,SITKA
2008-07-25T03:44:19,249053000,58.211,-134.5555333,0,288.5,19.8,290,9106302,9HJG9,CELEBRITY MERCURY,16,SITKA
2008-07-25T03:44:14,249053000,58.21073333,-134.5538833,0,287.8,19.8,289,9106302,9HJG9,CELEBRITY MERCURY,16,SITKA
2008-07-25T03:44:07,249053000,58.21063333,-134.5534,0,287.4,19.9,289,9106302,9HJG9,CELEBRITY MERCURY,16,SITKA
2008-07-25T03:44:02,249053000,58.21048333,-134.5526167,0,287.1,20.0,288,9106302,9HJG9,CELEBRITY MERCURY,16,SITKA
2008-07-25T03:43:55,249053000,58.2103,-134.5514667,0,286.4,20.0,287,9106302,9HJG9,CELEBRITY MERCURY,16,SITKA
2008-07-25T03:43:49,249053000,58.21011667,-134.5503,0,286.7,19.9,287,9106302,9HJG9,CELEBRITY MERCURY,16,SITKA
2008-07-25T03:43:43,249053000,58.21001667,-134.5496667,0,285.7,19.9,286,9106302,9HJG9,CELEBRITY MERCURY,16,SITKA
2008-07-25T03:43:38,249053000,58.20983333,-134.5483333,0,285.7,19.9,286,9106302,9HJG9,CELEBRITY MERCURY,16,SITKA
2008-07-25T03:43:32,249053000,58.20973333,-134.5477167,0,285.7,20.0,286,9106302,9HJG9,CELEBRITY MERCURY,16,SITKA
2008-07-25T03:43:26,249053000,58.20956667,-134.5465167,0,286.7,20.0,287,9106302,9HJG9,CELEBRITY MERCURY,16,SITKA
2008-07-25T03:43:19,249053000,58.20941667,-134.5455333,0,286.7,20.0,287,9106302,9HJG9,CELEBRITY MERCURY,16,SITKA
2008-07-25T03:43:13,249053000,58.20926667,-134.5445333,0,286.7,19.9,287,9106302,9HJG9,CELEBRITY MERCURY,16,SITKA
2008-07-25T03:43:08,249053000,58.20906667,-134.5432333,0,286.7,20.0,287,9106302,9HJG9,CELEBRITY MERCURY,16,SITKA
2008-07-25T03:43:02,249053000,58.20896667,-134.5426167,0,286.7,20.0,287,9106302,9HJG9,CELEBRITY MERCURY,16,SITKA
2008-07-25T03:42:55,249053000,58.20878333,-134.54145,0,286.4,20.0,287,9106302,9HJG9,CELEBRITY MERCURY,16,SITKA
2008-07-25T03:42:49,249053000,58.20863333,-134.54045,0,286.4,20.0,287,9106302,9HJG9,CELEBRITY MERCURY,16,SITKA
2008-07-25T03:42:43,249053000,58.20846667,-134.5393167,0,286.4,20.0,287,9106302,9HJG9,CELEBRITY MERCURY,16,SITKA
2008-07-25T03:42:38,249053000,58.20833333,-134.5385,0,286.4,20.0,287,9106302,9HJG9,CELEBRITY MERCURY,16,SITKA
2008-07-25T03:42:32,249053000,58.20815,-134.5373667,0,286.4,20.1,287,9106302,9HJG9,CELEBRITY MERCURY,16,SITKA
2008-07-25T03:42:26,249053000,58.20796667,-134.5362,0,286.4,20.1,287,9106302,9HJG9,CELEBRITY MERCURY,16,SITKA
2008-07-25T03:42:19,249053000,58.20785,-134.5353833,0,285.7,20.0,286,9106302,9HJG9,CELEBRITY MERCURY,16,SITKA
2008-07-25T03:42:13,249053000,58.20768333,-134.5342,0,285.4,20.0,286,9106302,9HJG9,CELEBRITY MERCURY,16,SITKA
2008-07-25T03:42:08,249053000,58.20755,-134.5334167,0,285.4,20.0,286,9106302,9HJG9,CELEBRITY MERCURY,16,SITKA
2008-07-25T03:42:02,249053000,58.2074,-134.5324167,0,285.4,20.0,286,9106302,9HJG9,CELEBRITY MERCURY,16,SITKA
2008-07-25T03:41:56,249053000,58.20726667,-134.5314333,0,285.4,20.0,286,9106302,9HJG9,CELEBRITY MERCURY,16,SITKA
2008-07-25T03:41:49,249053000,58.20708333,-134.53025,0,285.4,20.0,286,9106302,9HJG9,CELEBRITY MERCURY,16,SITKA
2008-07-25T03:41:43,249053000,58.2069,-134.5291167,0,285.4,20.0,286,9106302,9HJG9,CELEBRITY MERCURY,16,SITKA
2008-07-25T03:41:38,249053000,58.20675,-134.5281667,0,285.1,20.0,286,9106302,9HJG9,CELEBRITY MERCURY,16,SITKA
2008-07-25T03:41:32,249053000,58.20665,-134.5275167,0,286.1,20.0,287,9106302,9HJG9,CELEBRITY MERCURY,16,SITKA
2008-07-25T03:41:26,249053000,58.20651667,-134.5265,0,286.1,20.0,287,9106302,9HJG9,CELEBRITY MERCURY,16,SITKA
2008-07-25T03:41:19,249053000,58.20633333,-134.52535,0,285.8,20.0,287,9106302,9HJG9,CELEBRITY MERCURY,16,SITKA
2008-07-25T03:41:13,249053000,58.20615,-134.5241667,0,285.8,20.0,287,9106302,9HJG9,CELEBRITY MERCURY,16,SITKA
2008-07-25T03:41:08,249053000,58.20605,-134.5233833,0,286.1,20.0,287,9106302,9HJG9,CELEBRITY MERCURY,16,SITKA
2008-07-25T03:41:01,249053000,58.20586667,-134.52225,0,286.1,20.0,287,9106302,9HJG9,CELEBRITY MERCURY,16,SITKA
2008-07-25T03:40:56,249053000,58.20576667,-134.5215833,0,286.1,19.9,287,9106302,9HJG9,CELEBRITY MERCURY,16,SITKA
2008-07-25T03:40:49,249053000,58.2056,-134.5203667,0,286.1,19.9,286,9106302,9HJG9,CELEBRITY MERCURY,16,SITKA
2008-07-25T03:40:43,249053000,58.20543333,-134.51925,0,285.1,19.9,286,9106302,9HJG9,CELEBRITY MERCURY,16,SITKA
2008-07-25T03:40:38,249053000,58.20528333,-134.5182667,0,285.1,20.0,286,9106302,9HJG9,CELEBRITY MERCURY,16,SITKA
2008-07-25T03:40:32,249053000,58.20515,-134.5174667,0,286.1,20.0,287,9106302,9HJG9,CELEBRITY MERCURY,16,SITKA
2008-07-25T03:40:26,249053000,58.2049,-134.5157833,0,286.1,19.9,287,9106302,9HJG9,CELEBRITY MERCURY,16,SITKA
2008-07-25T03:40:19,249053000,58.20483333,-134.5151167,0,286.1,19.9,287,9106302,9HJG9,CELEBRITY MERCURY,16,SITKA
2008-07-25T03:40:13,249053000,58.20463333,-134.5138167,0,286.1,19.8,287,9106302,9HJG9,CELEBRITY MERCURY,16,SITKA
2008-07-25T03:40:08,249053000,58.20455,-134.5133333,0,286.1,19.8,287,9106302,9HJG9,CELEBRITY MERCURY,16,SITKA
2008-07-25T03:40:02,249053000,58.20438333,-134.5121833,0,286.1,19.8,287,9106302,9HJG9,CELEBRITY MERCURY,16,SITKA
2008-07-25T03:39:56,249053000,58.20423333,-134.5112167,0,286.1,19.8,287,9106302,9HJG9,CELEBRITY MERCURY,16,SITKA
2008-07-25T03:39:49,249053000,58.20406667,-134.5100833,0,285.4,19.8,286,9106302,9HJG9,CELEBRITY MERCURY,16,SITKA
2008-07-25T03:39:43,249053000,58.20391667,-134.5090833,0,286.1,19.8,287,9106302,9HJG9,CELEBRITY MERCURY,16,SITKA
2008-07-25T03:39:37,249053000,58.2038,-134.5082667,0,286.1,19.7,287,9106302,9HJG9,CELEBRITY MERCURY,16,SITKA
2008-07-25T03:39:32,249053000,58.20368333,-134.5074667,0,286.1,19.7,287,9106302,9HJG9,CELEBRITY MERCURY,16,SITKA
2008-07-25T03:39:25,249053000,58.2035,-134.5063167,0,286.1,19.7,287,9106302,9HJG9,CELEBRITY MERCURY,16,SITKA
2008-07-25T03:39:20,249053000,58.20335,-134.50535,0,0.0,0.0,0,9106302,9HJG9,CELEBRITY MERCURY,16,SITKA
2008-07-25T03:39:19,249053000,58.20335,-134.50535,0,286.1,19.7,287,9106302,9HJG9,CELEBRITY MERCURY,16,SITKA
2008-07-25T03:39:13,249053000,58.20313333,-134.50385,0,286.1,19.7,287,9106302,9HJG9,CELEBRITY MERCURY,16,SITKA
2008-07-25T03:39:08,249053000,58.20306667,-134.5034,0,285.1,19.7,286,9106302,9HJG9,CELEBRITY MERCURY,16,SITKA
2008-07-25T03:39:02,249053000,58.20288333,-134.5022333,0,286.1,19.7,287,9106302,9HJG9,CELEBRITY MERCURY,16,SITKA
2008-07-25T03:38:56,249053000,58.20276667,-134.5014333,0,286.1,19.7,287,9106302,9HJG9,CELEBRITY MERCURY,16,SITKA
2008-07-25T03:38:49,249053000,58.20261667,-134.5002833,0,285.8,19.7,287,9106302,9HJG9,CELEBRITY MERCURY,16,SITKA
2008-07-25T03:38:43,249053000,58.20246667,-134.4992833,0,285.1,19.7,286,9106302,9HJG9,CELEBRITY MERCURY,16,SITKA
2008-07-25T03:38:37,249053000,58.2023,-134.4981333,0,284.8,19.7,286,9106302,9HJG9,CELEBRITY MERCURY,16,SITKA
2008-07-25T03:38:32,249053000,58.20213333,-134.4970333,0,284.5,19.7,286,9106302,9HJG9,CELEBRITY MERCURY,16,SITKA
2008-07-25T03:38:25,249053000,58.20203333,-134.4961667,0,283.8,19.7,285,9106302,9HJG9,CELEBRITY MERCURY,16,SITKA
2008-07-25T03:38:19,249053000,58.2019,-134.4952,0,283.1,19.8,285,9106302,9HJG9,CELEBRITY MERCURY,16,SITKA
2008-07-25T03:38:13,249053000,58.20175,-134.4940333,0,283.1,19.8,284,9106302,9HJG9,CELEBRITY MERCURY,16,SITKA
2008-07-25T03:38:08,249053000,58.20165,-134.4932167,0,282.8,19.7,284,9106302,9HJG9,CELEBRITY MERCURY,16,SITKA
2008-07-25T03:38:02,249053000,58.20156667,-134.4924167,0,282.1,19.7,283,9106302,9HJG9,CELEBRITY MERCURY,16,SITKA
2008-07-25T03:37:49,249053000,58.20128333,-134.4900667,0,281.4,19.7,282,9106302,9HJG9,CELEBRITY MERCURY,16,SITKA
2008-07-25T03:37:43,249053000,58.20118333,-134.4890667,0,280.4,19.8,281,9106302,9HJG9,CELEBRITY MERCURY,16,SITKA
2008-07-25T03:37:37,249053000,58.20108333,-134.4880667,0,280.7,19.8,281,9106302,9HJG9,CELEBRITY MERCURY,16,SITKA
2008-07-25T03:37:32,249053000,58.201,-134.4872667,0,280.0,19.7,280,9106302,9HJG9,CELEBRITY MERCURY,16,SITKA
2008-07-25T03:37:25,249053000,58.2009,-134.48625,0,280.0,19.7,280,9106302,9HJG9,CELEBRITY MERCURY,16,SITKA
2008-07-25T03:37:20,249053000,58.20071667,-134.4842333,0,280.0,19.7,280,9106302,9HJG9,CELEBRITY MERCURY,16,SITKA
2008-07-25T03:37:08,249053000,58.2006,-134.4828833,0,281.0,19.7,281,9106302,9HJG9,CELEBRITY MERCURY,16,SITKA
2008-07-25T03:37:02,249053000,58.20051667,-134.4821,0,281.0,19.7,281,9106302,9HJG9,CELEBRITY MERCURY,16,SITKA
2008-07-25T03:36:56,249053000,58.2004,-134.4808833,0,281.0,19.8,281,9106302,9HJG9,CELEBRITY MERCURY,16,SITKA
2008-07-25T03:36:49,249053000,58.20028333,-134.4797167,0,280.2,19.7,280,9106302,9HJG9,CELEBRITY MERCURY,16,SITKA
2008-07-25T03:36:43,249053000,58.2002,-134.4789,0,280.2,19.7,280,9106302,9HJG9,CELEBRITY MERCURY,16,SITKA
2008-07-25T03:36:37,249053000,58.2001,-134.4779,0,281.0,19.7,280,9106302,9HJG9,CELEBRITY MERCURY,16,SITKA
2008-07-25T03:36:32,249053000,58.20001667,-134.4769333,0,281.0,19.7,281,9106302,9HJG9,CELEBRITY MERCURY,16,SITKA
2008-07-25T03:36:25,249053000,58.1999,-134.4757333,0,281.0,19.7,281,9106302,9HJG9,CELEBRITY MERCURY,16,SITKA
2008-07-25T03:36:20,249053000,58.19981667,-134.4749167,0,281.0,19.7,281,9106302,9HJG9,CELEBRITY MERCURY,16,SITKA
2008-07-25T03:36:13,249053000,58.19968333,-134.4735333,0,281.2,19.7,281,9106302,9HJG9,CELEBRITY MERCURY,16,SITKA
2008-07-25T03:36:08,249053000,58.19961667,-134.4729,0,281.0,19.7,281,9106302,9HJG9,CELEBRITY MERCURY,16,SITKA
2008-07-25T03:36:02,249053000,58.19946667,-134.47125,0,281.0,19.7,281,9106302,9HJG9,CELEBRITY MERCURY,16,SITKA
2008-07-25T03:35:56,249053000,58.19941667,-134.4707333,0,281.0,19.7,281,9106302,9HJG9,CELEBRITY MERCURY,16,SITKA
2008-07-25T03:35:49,249053000,58.19928333,-134.4693667,0,280.2,19.7,280,9106302,9HJG9,CELEBRITY MERCURY,16,SITKA
2008-07-25T03:35:37,249053000,58.19911667,-134.4675333,0,280.2,19.7,280,9106302,9HJG9,CELEBRITY MERCURY,16,SITKA
2008-07-25T03:35:32,249053000,58.19903333,-134.46675,0,280.2,19.7,280,9106302,9HJG9,CELEBRITY MERCURY,16,SITKA
2008-07-25T03:35:25,249053000,58.19888333,-134.46525,0,280.2,19.7,280,9106302,9HJG9,CELEBRITY MERCURY,16,SITKA
2008-07-25T03:35:20,249053000,58.19883333,-134.46475,0,281.2,19.7,280,9106302,9HJG9,CELEBRITY MERCURY,16,SITKA
2008-07-25T03:35:13,249053000,58.1987,-134.4633833,0,281.2,19.7,281,9106302,9HJG9,CELEBRITY MERCURY,16,SITKA
2008-07-25T03:35:07,249053000,58.19861667,-134.4625667,0,281.2,19.7,281,9106302,9HJG9,CELEBRITY MERCURY,16,SITKA
2008-07-25T03:35:02,249053000,58.19851667,-134.4614,0,281.2,19.5,281,9106302,9HJG9,CELEBRITY MERCURY,16,SITKA
2008-07-25T03:34:55,249053000,58.19841667,-134.4604167,0,281.2,19.5,281,9106302,9HJG9,CELEBRITY MERCURY,16,SITKA
2008-07-25T03:34:49,249053000,58.19826667,-134.4589167,0,280.2,19.7,280,9106302,9HJG9,CELEBRITY MERCURY,16,SITKA
2008-07-25T03:34:43,249053000,58.19821667,-134.4584333,0,280.5,19.7,280,9106302,9HJG9,CELEBRITY MERCURY,16,SITKA
2008-07-25T03:34:37,249053000,58.1981,-134.45745,0,281.5,19.7,281,9106302,9HJG9,CELEBRITY MERCURY,16,SITKA
2008-07-25T03:34:32,249053000,58.19801667,-134.4566833,0,281.5,19.7,281,9106302,9HJG9,CELEBRITY MERCURY,16,SITKA
2008-07-25T03:34:25,249053000,58.19783333,-134.455,0,281.2,19.7,281,9106302,9HJG9,CELEBRITY MERCURY,16,SITKA
2008-07-25T03:34:20,249053000,58.1978,-134.4545333,0,281.2,19.7,281,9106302,9HJG9,CELEBRITY MERCURY,16,SITKA
2008-07-25T03:34:13,249053000,58.19763333,-134.4530333,0,281.5,19.7,281,9106302,9HJG9,CELEBRITY MERCURY,16,SITKA
2008-07-25T03:34:07,249053000,58.19756667,-134.4523667,0,281.5,19.7,281,9106302,9HJG9,CELEBRITY MERCURY,16,SITKA
2008-07-25T03:34:01,249053000,58.19746667,-134.4514167,0,280.8,19.5,280,9106302,9HJG9,CELEBRITY MERCURY,16,SITKA
2008-07-25T03:33:55,249053000,58.19736667,-134.4506,0,280.5,19.7,280,9106302,9HJG9,CELEBRITY MERCURY,16,SITKA
2008-07-25T03:33:49,249053000,58.19723333,-134.4492333,0,281.5,19.7,281,9106302,9HJG9,CELEBRITY MERCURY,16,SITKA
2008-07-25T03:33:43,249053000,58.19715,-134.4484167,0,281.5,19.7,281,9106302,9HJG9,CELEBRITY MERCURY,16,SITKA
2008-07-25T03:33:37,249053000,58.19705,-134.4474333,0,281.5,19.5,281,9106302,9HJG9,CELEBRITY MERCURY,16,SITKA
2008-07-25T03:33:32,249053000,58.19691667,-134.4461333,0,281.5,19.7,281,9106302,9HJG9,CELEBRITY MERCURY,16,SITKA
2008-07-25T03:33:25,249053000,58.19685,-134.4454667,0,281.2,19.7,281,9106302,9HJG9,CELEBRITY MERCURY,16,SITKA
2008-07-25T03:33:21,249053000,58.19671667,-134.4441333,0,0.0,0.0,0,9106302,9HJG9,CELEBRITY MERCURY,16,SITKA
2008-07-25T03:33:20,249053000,58.19671667,-134.4441333,0,280.5,19.5,280,9106302,9HJG9,CELEBRITY MERCURY,16,SITKA
2008-07-25T03:33:13,249053000,58.19663333,-134.4433167,0,280.5,19.7,280,9106302,9HJG9,CELEBRITY MERCURY,16,SITKA
2008-07-25T03:33:07,249053000,58.19651667,-134.4423167,0,280.5,19.7,280,9106302,9HJG9,CELEBRITY MERCURY,16,SITKA
2008-07-25T03:33:01,249053000,58.19626667,-134.4398333,0,280.5,19.7,280,9106302,9HJG9,CELEBRITY MERCURY,16,SITKA
2008-07-25T03:32:55,249053000,58.19628333,-134.43985,0,280.8,19.7,280,9106302,9HJG9,CELEBRITY MERCURY,16,SITKA
2008-07-25T03:32:49,249053000,58.19621667,-134.4391833,0,280.5,19.7,280,9106302,9HJG9,CELEBRITY MERCURY,16,SITKA
2008-07-25T03:32:43,249053000,58.19611667,-134.4381833,0,280.5,19.7,280,9106302,9HJG9,CELEBRITY MERCURY,16,SITKA
2008-07-25T03:32:37,249053000,58.19601667,-134.4372,0,280.5,19.5,280,9106302,9HJG9,CELEBRITY MERCURY,16,SITKA
2008-07-25T03:32:32,249053000,58.19595,-134.4366,0,280.8,19.7,280,9106302,9HJG9,CELEBRITY MERCURY,16,SITKA
2008-07-25T03:32:25,249053000,58.1958,-134.4352,0,280.8,19.7,280,9106302,9HJG9,CELEBRITY MERCURY,16,SITKA
2008-07-25T03:32:20,249053000,58.19563333,-134.4335333,0,280.8,19.7,280,9106302,9HJG9,CELEBRITY MERCURY,16,SITKA
2008-07-25T03:32:13,249053000,58.19558333,-134.4330167,0,280.8,19.5,280,9106302,9HJG9,CELEBRITY MERCURY,16,SITKA
2008-07-25T03:32:07,249053000,58.19551667,-134.4322167,0,280.8,19.5,280,9106302,9HJG9,CELEBRITY MERCURY,16,SITKA
2008-07-25T03:32:02,249053000,58.19541667,-134.4312333,0,280.8,19.5,280,9106302,9HJG9,CELEBRITY MERCURY,16,SITKA
2008-07-25T03:31:55,249053000,58.1953,-134.4302167,0,281.1,19.5,280,9106302,9HJG9,CELEBRITY MERCURY,16,SITKA
2008-07-25T03:31:49,249053000,58.19518333,-134.4290333,0,281.1,19.5,280,9106302,9HJG9,CELEBRITY MERCURY,16,SITKA
2008-07-25T03:31:43,249053000,58.1951,-134.4281833,0,281.1,19.5,280,9106302,9HJG9,CELEBRITY MERCURY,16,SITKA
2008-07-25T03:31:37,249053000,58.19498333,-134.4270333,0,281.1,19.5,280,9106302,9HJG9,CELEBRITY MERCURY,16,SITKA
2008-07-25T03:31:32,249053000,58.19486667,-134.42605,0,281.1,19.5,280,9106302,9HJG9,CELEBRITY MERCURY,16,SITKA
2008-07-25T03:31:25,249053000,58.19478333,-134.42505,0,281.8,19.5,281,9106302,9HJG9,CELEBRITY MERCURY,16,SITKA
2008-07-25T03:31:20,249053000,58.19466667,-134.4240667,0,281.8,19.5,281,9106302,9HJG9,CELEBRITY MERCURY,16,SITKA
2008-07-25T03:31:13,249053000,58.19453333,-134.4227167,0,280.8,19.5,280,9106302,9HJG9,CELEBRITY MERCURY,16,SITKA
2008-07-25T03:31:07,249053000,58.19441667,-134.4217167,0,280.8,19.5,280,9106302,9HJG9,CELEBRITY MERCURY,16,SITKA
2008-07-25T03:31:02,249053000,58.19433333,-134.4209333,0,281.8,19.5,281,9106302,9HJG9,CELEBRITY MERCURY,16,SITKA
2008-07-25T03:30:55,249053000,58.19423333,-134.41995,0,281.8,19.5,281,9106302,9HJG9,CELEBRITY MERCURY,16,SITKA
2008-07-25T03:30:49,249053000,58.1941,-134.41875,0,281.5,19.5,281,9106302,9HJG9,CELEBRITY MERCURY,16,SITKA
2008-07-25T03:30:43,249053000,58.194,-134.4177833,0,281.8,19.5,281,9106302,9HJG9,CELEBRITY MERCURY,16,SITKA
2008-07-25T03:30:37,249053000,58.19391667,-134.4169667,0,280.8,19.5,280,9106302,9HJG9,CELEBRITY MERCURY,16,SITKA
2008-07-25T03:30:32,249053000,58.19385,-134.4161833,0,281.1,19.5,280,9106302,9HJG9,CELEBRITY MERCURY,16,SITKA
2008-07-25T03:30:25,249053000,58.19366667,-134.4144667,0,281.1,19.5,280,9106302,9HJG9,CELEBRITY MERCURY,16,SITKA
2008-07-25T03:30:19,249053000,58.1936,-134.4138167,0,281.8,19.5,281,9106302,9HJG9,CELEBRITY MERCURY,16,SITKA
2008-07-25T03:30:13,249053000,58.1935,-134.41285,0,281.8,19.5,281,9106302,9HJG9,CELEBRITY MERCURY,16,SITKA
2008-07-25T03:30:07,249053000,58.1934,-134.4120167,0,281.5,19.5,281,9106302,9HJG9,CELEBRITY MERCURY,16,SITKA
2008-07-25T03:30:02,249053000,58.19323333,-134.41055,0,281.5,19.5,281,9106302,9HJG9,CELEBRITY MERCURY,16,SITKA
2008-07-25T03:29:55,249053000,58.19316667,-134.4099,0,281.5,19.5,281,9106302,9HJG9,CELEBRITY MERCURY,16,SITKA
2008-07-25T03:29:49,249053000,58.19305,-134.4087667,0,281.8,19.5,281,9106302,9HJG9,CELEBRITY MERCURY,16,SITKA
2008-07-25T03:29:43,249053000,58.19298333,-134.4079167,0,280.8,19.5,280,9106302,9HJG9,CELEBRITY MERCURY,16,SITKA
2008-07-25T03:29:37,249053000,58.19285,-134.4067667,0,281.1,19.5,280,9106302,9HJG9,CELEBRITY MERCURY,16,SITKA
2008-07-25T03:29:32,249053000,58.19276667,-134.40595,0,281.1,19.5,280,9106302,9HJG9,CELEBRITY MERCURY,16,SITKA
2008-07-25T03:29:25,249053000,58.19261667,-134.4046,0,282.1,19.5,281,9106302,9HJG9,CELEBRITY MERCURY,16,SITKA
2008-07-25T03:29:19,249053000,58.19251667,-134.4036333,0,282.1,19.5,281,9106302,9HJG9,CELEBRITY MERCURY,16,SITKA
2008-07-25T03:29:13,249053000,58.1924,-134.4026167,0,281.1,19.5,280,9106302,9HJG9,CELEBRITY MERCURY,16,SITKA
2008-07-25T03:29:07,249053000,58.1923,-134.40165,0,281.8,19.5,281,9106302,9HJG9,CELEBRITY MERCURY,16,SITKA
2008-07-25T03:29:02,249053000,58.19221667,-134.4008667,0,282.1,19.5,281,9106302,9HJG9,CELEBRITY MERCURY,16,SITKA
2008-07-25T03:28:55,249053000,58.19211667,-134.3998833,0,282.1,19.4,281,9106302,9HJG9,CELEBRITY MERCURY,16,SITKA
2008-07-25T03:28:49,249053000,58.19198333,-134.3987333,0,281.8,19.5,281,9106302,9HJG9,CELEBRITY MERCURY,16,SITKA
2008-07-25T03:28:43,249053000,58.19188333,-134.39795,0,281.8,19.5,281,9106302,9HJG9,CELEBRITY MERCURY,16,SITKA
2008-07-25T03:28:37,249053000,58.19171667,-134.3964833,0,281.8,19.5,281,9106302,9HJG9,CELEBRITY MERCURY,16,SITKA
2008-07-25T03:28:32,249053000,58.19165,-134.3958167,0,281.8,19.5,281,9106302,9HJG9,CELEBRITY MERCURY,16,SITKA
2008-07-25T03:28:26,249053000,58.19156667,-134.3950333,0,281.8,19.5,281,9106302,9HJG9,CELEBRITY MERCURY,16,SITKA
2008-07-25T03:28:19,249053000,58.19143333,-134.3938667,0,281.8,19.5,281,9106302,9HJG9,CELEBRITY MERCURY,16,SITKA
2008-07-25T03:28:13,249053000,58.19135,-134.3928833,0,281.8,19.4,281,9106302,9HJG9,CELEBRITY MERCURY,16,SITKA
2008-07-25T03:28:08,249053000,58.19123333,-134.3917167,0,280.8,19.5,280,9106302,9HJG9,CELEBRITY MERCURY,16,SITKA
2008-07-25T03:28:02,249053000,58.19111667,-134.39075,0,280.8,19.5,280,9106302,9HJG9,CELEBRITY MERCURY,16,SITKA
2008-07-25T03:27:55,249053000,58.19101667,-134.3897667,0,281.1,19.5,280,9106302,9HJG9,CELEBRITY MERCURY,16,SITKA
2008-07-25T03:27:49,249053000,58.19091667,-134.3887667,0,281.1,19.5,280,9106302,9HJG9,CELEBRITY MERCURY,16,SITKA
2008-07-25T03:27:43,249053000,58.1908,-134.3876,0,281.1,19.5,280,9106302,9HJG9,CELEBRITY MERCURY,16,SITKA
2008-07-25T03:27:38,249053000,58.1907,-134.3868167,0,281.1,19.5,280,9106302,9HJG9,CELEBRITY MERCURY,16,SITKA
2008-07-25T03:27:32,249053000,58.1906,-134.38585,0,281.1,19.5,280,9106302,9HJG9,CELEBRITY MERCURY,16,SITKA
2008-07-25T03:27:22,249053000,58.19036667,-134.3835333,0,0.0,0.0,0,9106302,9HJG9,CELEBRITY MERCURY,16,SITKA
2008-07-25T03:27:19,249053000,58.19036667,-134.3835333,0,281.8,19.4,281,9106302,9HJG9,CELEBRITY MERCURY,16,SITKA
2008-07-25T03:27:13,249053000,58.1903,-134.3829167,0,282.1,19.4,281,9106302,9HJG9,CELEBRITY MERCURY,16,SITKA
2008-07-25T03:27:08,249053000,58.19016667,-134.3817833,0,281.1,19.4,280,9106302,9HJG9,CELEBRITY MERCURY,16,SITKA
2008-07-25T03:27:02,249053000,58.19006667,-134.3808,0,281.1,19.4,280,9106302,9HJG9,CELEBRITY MERCURY,16,SITKA
2008-07-25T03:26:55,249053000,58.18993333,-134.3796167,0,281.8,19.4,280,9106302,9HJG9,CELEBRITY MERCURY,16,SITKA
2008-07-25T03:26:49,249053000,58.18985,-134.3788333,0,282.1,19.4,281,9106302,9HJG9,CELEBRITY MERCURY,16,SITKA
2008-07-25T03:26:43,249053000,58.1897,-134.3773667,0,281.8,19.4,281,9106302,9HJG9,CELEBRITY MERCURY,16,SITKA
2008-07-25T03:26:38,249053000,58.18965,-134.3768833,0,281.8,19.4,281,9106302,9HJG9,CELEBRITY MERCURY,16,SITKA
2008-07-25T03:26:26,249053000,58.18945,-134.3751167,0,281.8,19.4,281,9106302,9HJG9,CELEBRITY MERCURY,16,SITKA
2008-07-25T03:26:19,249053000,58.18931667,-134.3737667,0,281.8,19.4,281,9106302,9HJG9,CELEBRITY MERCURY,16,SITKA
2008-07-25T03:26:13,249053000,58.1892,-134.3728167,0,281.5,19.4,281,9106302,9HJG9,CELEBRITY MERCURY,16,SITKA
2008-07-25T03:26:08,249053000,58.18906667,-134.3715,0,280.5,19.4,280,9106302,9HJG9,CELEBRITY MERCURY,16,SITKA
2008-07-25T03:26:02,249053000,58.189,-134.3708333,0,280.5,19.4,280,9106302,9HJG9,CELEBRITY MERCURY,16,SITKA
2008-07-25T03:25:55,249053000,58.1889,-134.3696667,0,280.8,19.4,280,9106302,9HJG9,CELEBRITY MERCURY,16,SITKA
2008-07-25T03:25:49,249053000,58.1888,-134.3687,0,280.1,19.4,279,9106302,9HJG9,CELEBRITY MERCURY,16,SITKA
2008-07-25T03:25:43,249053000,58.1887,-134.3677167,0,280.1,19.4,279,9106302,9HJG9,CELEBRITY MERCURY,16,SITKA
2008-07-25T03:25:38,249053000,58.1886,-134.3667667,0,280.1,19.4,279,9106302,9HJG9,CELEBRITY MERCURY,16,SITKA
2008-07-25T03:25:32,249053000,58.1885,-134.3657833,0,280.8,19.4,280,9106302,9HJG9,CELEBRITY MERCURY,16,SITKA
2008-07-25T03:25:26,249053000,58.18841667,-134.3647667,0,281.1,19.3,280,9106302,9HJG9,CELEBRITY MERCURY,16,SITKA
2008-07-25T03:25:19,249053000,58.1883,-134.3636167,0,280.1,19.3,279,9106302,9HJG9,CELEBRITY MERCURY,16,SITKA
2008-07-25T03:25:13,249053000,58.18823333,-134.3628333,0,280.1,19.3,279,9106302,9HJG9,CELEBRITY MERCURY,16,SITKA
2008-07-25T03:25:08,249053000,58.18813333,-134.36185,0,280.1,19.3,279,9106302,9HJG9,CELEBRITY MERCURY,16,SITKA
2008-07-25T03:25:02,249053000,58.18805,-134.3610667,0,281.1,19.3,280,9106302,9HJG9,CELEBRITY MERCURY,16,SITKA
2008-07-25T03:24:55,249053000,58.18793333,-134.35975,0,280.8,19.3,280,9106302,9HJG9,CELEBRITY MERCURY,16,SITKA
2008-07-25T03:24:49,249053000,58.18781667,-134.3586,0,280.1,19.2,279,9106302,9HJG9,CELEBRITY MERCURY,16,SITKA
2008-07-25T03:24:43,249053000,58.18771667,-134.3576333,0,280.1,19.2,279,9106302,9HJG9,CELEBRITY MERCURY,16,SITKA
2008-07-25T03:24:38,249053000,58.18765,-134.3570167,0,280.1,19.2,279,9106302,9HJG9,CELEBRITY MERCURY,16,SITKA
2008-07-25T03:24:32,249053000,58.18755,-134.3560667,0,279.8,19.2,279,9106302,9HJG9,CELEBRITY MERCURY,16,SITKA
2008-07-25T03:24:19,249053000,58.18731667,-134.3534333,0,280.1,19.1,279,9106302,9HJG9,CELEBRITY MERCURY,16,SITKA
2008-07-25T03:24:13,249053000,58.18721667,-134.3524833,0,280.1,19.1,279,9106302,9HJG9,CELEBRITY MERCURY,16,SITKA
2008-07-25T03:24:08,249053000,58.18715,-134.3518167,0,280.1,19.1,279,9106302,9HJG9,CELEBRITY MERCURY,16,SITKA
2008-07-25T03:23:55,249053000,58.18693333,-134.3497,0,279.9,18.9,279,9106302,9HJG9,CELEBRITY MERCURY,16,SITKA
2008-07-25T03:23:49,249053000,58.18686667,-134.3489333,0,280.2,18.9,279,9106302,9HJG9,CELEBRITY MERCURY,16,SITKA
2008-07-25T03:23:43,249053000,58.18676667,-134.3479667,0,280.2,18.9,279,9106302,9HJG9,CELEBRITY MERCURY,16,SITKA
2008-07-25T03:23:32,249053000,58.18658333,-134.34585,0,280.2,18.9,279,9106302,9HJG9,CELEBRITY MERCURY,16,SITKA
2008-07-25T03:23:25,249053000,58.1865,-134.34505,0,281.2,18.9,280,9106302,9HJG9,CELEBRITY MERCURY,16,SITKA
2008-07-25T03:23:19,249053000,58.18636667,-134.3437833,0,281.2,18.9,280,9106302,9HJG9,CELEBRITY MERCURY,16,SITKA
2008-07-25T03:23:13,249053000,58.18628333,-134.3429833,0,281.2,18.9,280,9106302,9HJG9,CELEBRITY MERCURY,16,SITKA
2008-07-25T03:23:08,249053000,58.18618333,-134.3420167,0,280.2,18.9,279,9106302,9HJG9,CELEBRITY MERCURY,16,SITKA
2008-07-25T03:23:02,249053000,58.18611667,-134.34125,0,280.2,18.8,279,9106302,9HJG9,CELEBRITY MERCURY,16,SITKA
2008-07-25T03:22:55,249053000,58.18596667,-134.3397833,0,280.2,18.8,279,9106302,9HJG9,CELEBRITY MERCURY,16,SITKA
2008-07-25T03:22:49,249053000,58.18588333,-134.3388167,0,280.9,18.7,280,9106302,9HJG9,CELEBRITY MERCURY,16,SITKA
2008-07-25T03:22:43,249053000,58.18581667,-134.3381833,0,280.2,18.7,279,9106302,9HJG9,CELEBRITY MERCURY,16,SITKA
2008-07-25T03:22:38,249053000,58.18573333,-134.3372667,0,280.2,18.7,279,9106302,9HJG9,CELEBRITY MERCURY,16,SITKA
2008-07-25T03:22:32,249053000,58.18561667,-134.33615,0,279.9,18.6,279,9106302,9HJG9,CELEBRITY MERCURY,16,SITKA
2008-07-25T03:22:19,249053000,58.18536667,-134.3336,0,280.2,18.4,279,9106302,9HJG9,CELEBRITY MERCURY,16,SITKA
2008-07-25T03:22:13,249053000,58.18531667,-134.3331167,0,280.2,18.4,279,9106302,9HJG9,CELEBRITY MERCURY,16,SITKA
2008-07-25T03:22:08,249053000,58.18525,-134.3323667,0,280.2,18.2,279,9106302,9HJG9,CELEBRITY MERCURY,16,SITKA
2008-07-25T03:22:02,249053000,58.18516667,-134.3316167,0,280.2,18.2,279,9106302,9HJG9,CELEBRITY MERCURY,16,SITKA
2008-07-25T03:21:55,249053000,58.18503333,-134.3301667,0,279.9,18.2,279,9106302,9HJG9,CELEBRITY MERCURY,16,SITKA
2008-07-25T03:21:49,249053000,58.18496667,-134.3294167,0,280.2,18.1,279,9106302,9HJG9,CELEBRITY MERCURY,16,SITKA
2008-07-25T03:21:43,249053000,58.18486667,-134.3285,0,279.9,18.1,279,9106302,9HJG9,CELEBRITY MERCURY,16,SITKA
2008-07-25T03:21:38,249053000,58.18476667,-134.3274,0,280.2,18.0,279,9106302,9HJG9,CELEBRITY MERCURY,16,SITKA
2008-07-25T03:21:32,249053000,58.1847,-134.3268333,0,280.2,18.0,279,9106302,9HJG9,CELEBRITY MERCURY,16,SITKA
2008-07-25T03:21:25,249053000,58.18455,-134.3251333,0,280.2,17.9,279,9106302,9HJG9,CELEBRITY MERCURY,16,SITKA
2008-07-25T03:21:23,249053000,58.18453333,-134.32485,0,0.0,0.0,0,9106302,9HJG9,CELEBRITY MERCURY,16,SITKA
2008-07-25T03:21:19,249053000,58.18453333,-134.32485,0,280.9,17.9,280,9106302,9HJG9,CELEBRITY MERCURY,16,SITKA
2008-07-25T03:21:13,249053000,58.18441667,-134.3237833,0,280.9,17.8,280,9106302,9HJG9,CELEBRITY MERCURY,16,SITKA
2008-07-25T03:21:08,249053000,58.18435,-134.32305,0,280.2,17.8,279,9106302,9HJG9,CELEBRITY MERCURY,16,SITKA
2008-07-25T03:21:02,249053000,58.18425,-134.32215,0,280.2,17.7,279,9106302,9HJG9,CELEBRITY MERCURY,16,SITKA
2008-07-25T03:20:55,249053000,58.18415,-134.3210833,0,280.2,17.7,279,9106302,9HJG9,CELEBRITY MERCURY,16,SITKA
2008-07-25T03:20:49,249053000,58.18406667,-134.3202,0,279.9,17.7,279,9106302,9HJG9,CELEBRITY MERCURY,16,SITKA
2008-07-25T03:20:43,249053000,58.18398333,-134.3194667,0,280.9,17.7,280,9106302,9HJG9,CELEBRITY MERCURY,16,SITKA
2008-07-25T03:20:38,249053000,58.18388333,-134.3184167,0,280.9,17.7,280,9106302,9HJG9,CELEBRITY MERCURY,16,SITKA
2008-07-25T03:20:32,249053000,58.1838,-134.3175333,0,280.9,17.7,280,9106302,9HJG9,CELEBRITY MERCURY,16,SITKA
2008-07-25T03:20:25,249053000,58.1837,-134.3164833,0,280.6,17.7,280,9106302,9HJG9,CELEBRITY MERCURY,16,SITKA
2008-07-25T03:20:19,249053000,58.18356667,-134.3151167,0,280.6,17.7,280,9106302,9HJG9,CELEBRITY MERCURY,16,SITKA
2008-07-25T03:20:13,249053000,58.18351667,-134.3146667,0,280.6,17.7,280,9106302,9HJG9,CELEBRITY MERCURY,16,SITKA
2008-07-25T03:20:07,249053000,58.18343333,-134.3137833,0,280.6,17.7,280,9106302,9HJG9,CELEBRITY MERCURY,16,SITKA
2008-07-25T03:20:02,249053000,58.18335,-134.3130667,0,280.6,17.7,280,9106302,9HJG9,CELEBRITY MERCURY,16,SITKA
2008-07-25T03:19:55,249053000,58.18325,-134.3119833,0,279.9,17.7,279,9106302,9HJG9,CELEBRITY MERCURY,16,SITKA
2008-07-25T03:19:49,249053000,58.18316667,-134.31095,0,279.6,17.5,279,9106302,9HJG9,CELEBRITY MERCURY,16,SITKA
2008-07-25T03:19:43,249053000,58.18308333,-134.31005,0,279.9,17.5,279,9106302,9HJG9,CELEBRITY MERCURY,16,SITKA
2008-07-25T03:19:38,249053000,58.183,-134.3091833,0,280.6,17.5,280,9106302,9HJG9,CELEBRITY MERCURY,16,SITKA
2008-07-25T03:19:32,249053000,58.18291667,-134.3084333,0,280.6,17.5,280,9106302,9HJG9,CELEBRITY MERCURY,16,SITKA
2008-07-25T03:19:25,249053000,58.18281667,-134.3073667,0,280.6,17.5,280,9106302,9HJG9,CELEBRITY MERCURY,16,SITKA
2008-07-25T03:19:19,249053000,58.18271667,-134.3063167,0,280.6,17.5,280,9106302,9HJG9,CELEBRITY MERCURY,16,SITKA
2008-07-25T03:19:13,249053000,58.18265,-134.3055833,0,280.6,17.5,280,9106302,9HJG9,CELEBRITY MERCURY,16,SITKA
2008-07-25T03:19:07,249053000,58.18256667,-134.3046667,0,280.6,17.5,280,9106302,9HJG9,CELEBRITY MERCURY,16,SITKA
2008-07-25T03:19:02,249053000,58.18248333,-134.3038,0,279.6,17.5,280,9106302,9HJG9,CELEBRITY MERCURY,16,SITKA
2008-07-25T03:18:55,249053000,58.18236667,-134.30245,0,279.6,17.5,279,9106302,9HJG9,CELEBRITY MERCURY,16,SITKA
2008-07-25T03:18:49,249053000,58.18231667,-134.3020333,0,279.6,17.5,279,9106302,9HJG9,CELEBRITY MERCURY,16,SITKA
2008-07-25T03:18:43,249053000,58.18221667,-134.3009833,0,279.9,17.4,279,9106302,9HJG9,CELEBRITY MERCURY,16,SITKA
2008-07-25T03:18:37,249053000,58.18213333,-134.3000833,0,279.9,17.4,279,9106302,9HJG9,CELEBRITY MERCURY,16,SITKA
2008-07-25T03:18:32,249053000,58.18203333,-134.2990667,0,279.9,17.4,279,9106302,9HJG9,CELEBRITY MERCURY,16,SITKA
2008-07-25T03:18:25,249053000,58.18193333,-134.298,0,279.9,17.4,279,9106302,9HJG9,CELEBRITY MERCURY,16,SITKA
2008-07-25T03:18:19,249053000,58.18186667,-134.2972833,0,279.9,17.4,279,9106302,9HJG9,CELEBRITY MERCURY,16,SITKA
2008-07-25T03:18:13,249053000,58.18178333,-134.29625,0,279.9,17.4,279,9106302,9HJG9,CELEBRITY MERCURY,16,SITKA
2008-07-25T03:18:07,249053000,58.18171667,-134.2955333,0,279.9,17.4,279,9106302,9HJG9,CELEBRITY MERCURY,16,SITKA
2008-07-25T03:18:02,249053000,58.18163333,-134.2948167,0,279.9,17.3,279,9106302,9HJG9,CELEBRITY MERCURY,16,SITKA
2008-07-25T03:17:56,249053000,58.18155,-134.2939167,0,279.9,17.3,279,9106302,9HJG9,CELEBRITY MERCURY,16,SITKA
2008-07-25T03:17:49,249053000,58.18145,-134.2928667,0,279.9,17.2,279,9106302,9HJG9,CELEBRITY MERCURY,16,SITKA
2008-07-25T03:17:43,249053000,58.18136667,-134.2919833,0,279.9,17.2,279,9106302,9HJG9,CELEBRITY MERCURY,16,SITKA
2008-07-25T03:17:37,249053000,58.18126667,-134.2909667,0,279.6,17.2,279,9106302,9HJG9,CELEBRITY MERCURY,16,SITKA
2008-07-25T03:17:32,249053000,58.18115,-134.2898167,0,279.6,17.1,279,9106302,9HJG9,CELEBRITY MERCURY,16,SITKA
2008-07-25T03:17:25,249053000,58.18111667,-134.2892333,0,280.6,17.1,280,9106302,9HJG9,CELEBRITY MERCURY,16,SITKA
2008-07-25T03:17:19,249053000,58.18105,-134.2885333,0,280.3,17.1,280,9106302,9HJG9,CELEBRITY MERCURY,16,SITKA
2008-07-25T03:17:13,249053000,58.18095,-134.2875,0,280.3,17.0,280,9106302,9HJG9,CELEBRITY MERCURY,16,SITKA
2008-07-25T03:17:07,249053000,58.18085,-134.2865,0,280.0,17.0,280,9106302,9HJG9,CELEBRITY MERCURY,16,SITKA
2008-07-25T03:17:02,249053000,58.1808,-134.28595,0,279.0,16.8,279,9106302,9HJG9,CELEBRITY MERCURY,16,SITKA
2008-07-25T03:16:56,249053000,58.1807,-134.2847667,0,279.0,16.8,279,9106302,9HJG9,CELEBRITY MERCURY,16,SITKA
2008-07-25T03:16:49,249053000,58.18061667,-134.2838833,0,278.6,16.8,279,9106302,9HJG9,CELEBRITY MERCURY,16,SITKA
2008-07-25T03:16:44,249053000,58.18055,-134.2830167,0,278.6,16.8,279,9106302,9HJG9,CELEBRITY MERCURY,16,SITKA
2008-07-25T03:16:37,249053000,58.1805,-134.2821667,0,277.6,16.8,278,9106302,9HJG9,CELEBRITY MERCURY,16,SITKA
2008-07-25T03:16:32,249053000,58.18043333,-134.2815,0,277.6,16.8,278,9106302,9HJG9,CELEBRITY MERCURY,16,SITKA
2008-07-25T03:16:25,249053000,58.18031667,-134.2803167,0,277.0,16.8,277,9106302,9HJG9,CELEBRITY MERCURY,16,SITKA
2008-07-25T03:16:19,249053000,58.18028333,-134.2796,0,275.6,16.7,277,9106302,9HJG9,CELEBRITY MERCURY,16,SITKA
2008-07-25T03:16:14,249053000,58.18025,-134.2789,0,275.3,16.7,276,9106302,9HJG9,CELEBRITY MERCURY,16,SITKA
2008-07-25T03:16:07,249053000,58.18016667,-134.2775833,0,274.3,16.6,275,9106302,9HJG9,CELEBRITY MERCURY,16,SITKA
2008-07-25T03:16:02,249053000,58.18015,-134.27705,0,273.3,16.6,274,9106302,9HJG9,CELEBRITY MERCURY,16,SITKA
2008-07-25T03:15:56,249053000,58.18011667,-134.2761833,0,273.6,16.6,274,9106302,9HJG9,CELEBRITY MERCURY,16,SITKA
2008-07-25T03:15:49,249053000,58.18008333,-134.27515,0,272.3,16.5,273,9106302,9HJG9,CELEBRITY MERCURY,16,SITKA
2008-07-25T03:15:44,249053000,58.18006667,-134.2741833,0,271.9,16.5,273,9106302,9HJG9,CELEBRITY MERCURY,16,SITKA
2008-07-25T03:15:37,249053000,58.18003333,-134.2734667,0,270.9,16.5,272,9106302,9HJG9,CELEBRITY MERCURY,16,SITKA
2008-07-25T03:15:32,249053000,58.18003333,-134.2727667,0,270.3,16.5,271,9106302,9HJG9,CELEBRITY MERCURY,16,SITKA
2008-07-25T03:15:26,249053000,58.18003333,-134.2716333,0,268.6,16.4,270,9106302,9HJG9,CELEBRITY MERCURY,16,SITKA
2008-07-25T03:15:19,249053000,58.18003333,-134.2709,0,267.9,16.4,269,9106302,9HJG9,CELEBRITY MERCURY,16,SITKA
2008-07-25T03:15:17,249053000,58.18005,-134.27005,0,0.0,0.0,0,9106302,9HJG9,CELEBRITY MERCURY,16,SITKA
2008-07-25T03:15:14,249053000,58.18005,-134.27005,0,266.3,16.4,268,9106302,9HJG9,CELEBRITY MERCURY,16,SITKA
2008-07-25T03:15:07,249053000,58.18006667,-134.2692333,0,265.3,16.4,267,9106302,9HJG9,CELEBRITY MERCURY,16,SITKA
2008-07-25T03:15:02,249053000,58.1801,-134.2682,0,264.2,16.2,266,9106302,9HJG9,CELEBRITY MERCURY,16,SITKA
2008-07-25T03:14:56,249053000,58.18013333,-134.2673833,0,263.2,16.2,265,9106302,9HJG9,CELEBRITY MERCURY,16,SITKA
2008-07-25T03:14:49,249053000,58.18016667,-134.2665333,0,261.9,16.2,263,9106302,9HJG9,CELEBRITY MERCURY,16,SITKA
2008-07-25T03:14:44,249053000,58.18023333,-134.2654333,0,260.9,16.2,262,9106302,9HJG9,CELEBRITY MERCURY,16,SITKA
2008-07-25T03:14:38,249053000,58.18028333,-134.2649,0,260.2,16.2,261,9106302,9HJG9,CELEBRITY MERCURY,16,SITKA
2008-07-25T03:14:32,249053000,58.18036667,-134.2640833,0,259.6,16.1,260,9106302,9HJG9,CELEBRITY MERCURY,16,SITKA
2008-07-25T03:14:26,249053000,58.18043333,-134.2632667,0,257.2,16.1,258,9106302,9HJG9,CELEBRITY MERCURY,16,SITKA
2008-07-25T03:14:23,249053000,58.18051667,-134.2623833,0,257.2,16.1,258,9106302,9HJG9,CELEBRITY MERCURY,16,SITKA
2008-07-25T03:14:22,249053000,58.18055,-134.2622333,0,257.2,16.1,258,9106302,9HJG9,CELEBRITY MERCURY,16,SITKA
2008-07-25T03:14:19,249053000,58.18053333,-134.2621667,0,255.9,16.0,257,9106302,9HJG9,CELEBRITY MERCURY,16,SITKA
2008-07-25T03:14:17,249053000,58.18053333,-134.2621333,0,255.9,16.0,257,9106302,9HJG9,CELEBRITY MERCURY,16,SITKA
2008-07-25T03:14:15,249053000,58.18058333,-134.2618167,0,254.9,16.0,256,9106302,9HJG9,CELEBRITY MERCURY,16,SITKA
2008-07-25T03:14:14,249053000,58.18063333,-134.2615,0,254.9,16.0,256,9106302,9HJG9,CELEBRITY MERCURY,16,SITKA
2008-07-25T03:14:11,249053000,58.18066667,-134.2611833,0,254.2,16.0,255,9106302,9HJG9,CELEBRITY MERCURY,16,SITKA
2008-07-25T03:14:10,249053000,58.18068333,-134.2610167,0,254.2,16.0,255,9106302,9HJG9,CELEBRITY MERCURY,16,SITKA
2008-07-25T03:14:07,249053000,58.18075,-134.2607,0,253.2,15.9,255,9106302,9HJG9,CELEBRITY MERCURY,16,SITKA
2008-07-25T03:14:06,249053000,58.18076667,-134.2605333,0,253.2,16.0,254,9106302,9HJG9,CELEBRITY MERCURY,16,SITKA
2008-07-25T03:14:03,249053000,58.1808,-134.2602167,0,252.9,15.9,254,9106302,9HJG9,CELEBRITY MERCURY,16,SITKA
2008-07-25T03:14:02,249053000,58.18086667,-134.2599167,0,252.2,15.9,253,9106302,9HJG9,CELEBRITY MERCURY,16,SITKA
2008-07-25T03:13:59,249053000,58.18093333,-134.2594667,0,251.9,15.9,253,9106302,9HJG9,CELEBRITY MERCURY,16,SITKA
2008-07-25T03:13:58,249053000,58.18095,-134.2593,0,251.2,15.9,253,9106302,9HJG9,CELEBRITY MERCURY,16,SITKA
2008-07-25T03:13:55,249053000,58.18105,-134.2588333,0,250.5,15.9,252,9106302,9HJG9,CELEBRITY MERCURY,16,SITKA
2008-07-25T03:13:54,249053000,58.18101667,-134.2588167,0,250.9,15.9,252,9106302,9HJG9,CELEBRITY MERCURY,16,SITKA
2008-07-25T03:13:49,249053000,58.1811,-134.2583167,0,250.6,15.9,251,9106302,9HJG9,CELEBRITY MERCURY,16,SITKA
2008-07-25T03:13:47,249053000,58.18116667,-134.2580167,0,249.6,15.9,250,9106302,9HJG9,CELEBRITY MERCURY,16,SITKA
2008-07-25T03:13:46,249053000,58.18123333,-134.2577167,0,249.2,15.9,250,9106302,9HJG9,CELEBRITY MERCURY,16,SITKA
2008-07-25T03:13:44,249053000,58.18125,-134.2575333,0,248.6,15.9,249,9106302,9HJG9,CELEBRITY MERCURY,16,SITKA
2008-07-25T03:13:42,249053000,58.18128333,-134.2573833,0,248.2,15.9,249,9106302,9HJG9,CELEBRITY MERCURY,16,SITKA
2008-07-25T03:13:39,249053000,58.18138333,-134.25695,0,247.6,15.9,248,9106302,9HJG9,CELEBRITY MERCURY,16,SITKA
2008-07-25T03:13:38,249053000,58.18141667,-134.2567833,0,247.2,15.9,248,9106302,9HJG9,CELEBRITY MERCURY,16,SITKA
2008-07-25T03:13:34,249053000,58.18153333,-134.2561667,0,245.2,15.8,247,9106302,9HJG9,CELEBRITY MERCURY,16,SITKA
2008-07-25T03:13:32,249053000,58.18153333,-134.2561667,0,245.2,15.8,246,9106302,9HJG9,CELEBRITY MERCURY,16,SITKA
2008-07-25T03:13:30,249053000,58.18158333,-134.2558667,0,245.6,15.8,246,9106302,9HJG9,CELEBRITY MERCURY,16,SITKA
2008-07-25T03:13:27,249053000,58.1817,-134.2554167,0,244.2,15.8,245,9106302,9HJG9,CELEBRITY MERCURY,16,SITKA
2008-07-25T03:13:26,249053000,58.18173333,-134.2552667,0,243.6,15.7,245,9106302,9HJG9,CELEBRITY MERCURY,16,SITKA
2008-07-25T03:13:23,249053000,58.18185,-134.25485,0,243.6,15.7,244,9106302,9HJG9,CELEBRITY MERCURY,16,SITKA
2008-07-25T03:13:22,249053000,58.18185,-134.2548333,0,243.6,15.7,244,9106302,9HJG9,CELEBRITY MERCURY,16,SITKA
2008-07-25T03:13:19,249053000,58.18196667,-134.2543833,0,242.6,15.7,243,9106302,9HJG9,CELEBRITY MERCURY,16,SITKA
2008-07-25T03:13:19,249053000,58.18196667,-134.2543833,0,242.6,15.7,243,9106302,9HJG9,CELEBRITY MERCURY,16,SITKA
2008-07-25T03:13:15,249053000,58.18213333,-134.2538167,0,241.2,15.7,242,9106302,9HJG9,CELEBRITY MERCURY,16,SITKA
2008-07-25T03:13:14,249053000,58.18216667,-134.2536667,0,240.2,15.7,242,9106302,9HJG9,CELEBRITY MERCURY,16,SITKA
2008-07-25T03:13:11,249053000,58.18223333,-134.2533667,0,240.2,15.5,241,9106302,9HJG9,CELEBRITY MERCURY,16,SITKA
2008-07-25T03:13:10,249053000,58.18225,-134.2532333,0,240.6,15.5,241,9106302,9HJG9,CELEBRITY MERCURY,16,SITKA
2008-07-25T03:13:07,249053000,58.18238333,-134.2528333,0,238.8,15.5,240,9106302,9HJG9,CELEBRITY MERCURY,16,SITKA
2008-07-25T03:13:06,249053000,58.18245,-134.2525833,0,238.8,15.5,240,9106302,9HJG9,CELEBRITY MERCURY,16,SITKA
2008-07-25T03:13:03,249053000,58.18251667,-134.2523833,0,238.6,15.5,239,9106302,9HJG9,CELEBRITY MERCURY,16,SITKA
2008-07-25T03:13:02,249053000,58.1826,-134.2521167,0,237.6,15.5,238,9106302,9HJG9,CELEBRITY MERCURY,16,SITKA
2008-07-25T03:12:58,249053000,58.18285,-134.2513833,0,237.6,15.5,238,9106302,9HJG9,CELEBRITY MERCURY,16,SITKA
2008-07-25T03:12:55,249053000,58.18285,-134.2513,0,236.2,15.5,237,9106302,9HJG9,CELEBRITY MERCURY,16,SITKA
2008-07-25T03:12:54,249053000,58.18285,-134.2513,0,235.6,15.5,237,9106302,9HJG9,CELEBRITY MERCURY,16,SITKA
2008-07-25T03:12:51,249053000,58.18296667,-134.2509833,0,235.6,15.5,236,9106302,9HJG9,CELEBRITY MERCURY,16,SITKA
2008-07-25T03:12:49,249053000,58.18305,-134.2507333,0,234.2,15.5,235,9106302,9HJG9,CELEBRITY MERCURY,16,SITKA
2008-07-25T03:12:47,249053000,58.1831,-134.2506,0,234.2,15.5,235,9106302,9HJG9,CELEBRITY MERCURY,16,SITKA
2008-07-25T03:12:46,249053000,58.18313333,-134.25045,0,234.2,15.5,235,9106302,9HJG9,CELEBRITY MERCURY,16,SITKA
2008-07-25T03:12:44,249053000,58.18325,-134.2502,0,233.2,15.5,234,9106302,9HJG9,CELEBRITY MERCURY,16,SITKA
2008-07-25T03:12:42,249053000,58.18328333,-134.2500833,0,231.8,15.4,234,9106302,9HJG9,CELEBRITY MERCURY,16,SITKA
2008-07-25T03:12:39,249053000,58.18343333,-134.2496833,0,232.2,15.4,233,9106302,9HJG9,CELEBRITY MERCURY,16,SITKA
2008-07-25T03:12:38,249053000,58.18351667,-134.24945,0,231.2,15.4,232,9106302,9HJG9,CELEBRITY MERCURY,16,SITKA
2008-07-25T03:12:35,249053000,58.1836,-134.2493,0,230.2,15.4,232,9106302,9HJG9,CELEBRITY MERCURY,16,SITKA
2008-07-25T03:12:31,249053000,58.18385,-134.2486667,0,230.2,15.3,231,9106302,9HJG9,CELEBRITY MERCURY,16,SITKA
2008-07-25T03:12:30,249053000,58.1839,-134.24855,0,229.2,15.3,231,9106302,9HJG9,CELEBRITY MERCURY,16,SITKA
2008-07-25T03:12:27,249053000,58.18401667,-134.2483167,0,229.2,15.3,230,9106302,9HJG9,CELEBRITY MERCURY,16,SITKA
2008-07-25T03:12:26,249053000,58.18405,-134.2481667,0,228.2,15.3,229,9106302,9HJG9,CELEBRITY MERCURY,16,SITKA
2008-07-25T03:12:23,249053000,58.18416667,-134.24795,0,227.2,15.3,229,9106302,9HJG9,CELEBRITY MERCURY,16,SITKA
2008-07-25T03:12:22,249053000,58.1843,-134.2476333,0,227.2,15.3,228,9106302,9HJG9,CELEBRITY MERCURY,16,SITKA
2008-07-25T03:12:19,249053000,58.18443333,-134.2473833,0,226.8,15.3,228,9106302,9HJG9,CELEBRITY MERCURY,16,SITKA
2008-07-25T03:12:18,249053000,58.18445,-134.24735,0,225.8,15.3,228,9106302,9HJG9,CELEBRITY MERCURY,16,SITKA
2008-07-25T03:12:15,249053000,58.18455,-134.2471333,0,226.2,15.3,227,9106302,9HJG9,CELEBRITY MERCURY,16,SITKA
2008-07-25T03:12:14,249053000,58.18463333,-134.2469167,0,225.2,15.3,226,9106302,9HJG9,CELEBRITY MERCURY,16,SITKA
2008-07-25T03:12:11,249053000,58.18476667,-134.24665,0,223.8,15.3,226,9106302,9HJG9,CELEBRITY MERCURY,16,SITKA
2008-07-25T03:12:10,249053000,58.18476667,-134.24665,0,224.2,15.3,225,9106302,9HJG9,CELEBRITY MERCURY,16,SITKA
2008-07-25T03:12:07,249053000,58.18495,-134.2463333,0,222.8,15.3,225,9106302,9HJG9,CELEBRITY MERCURY,16,SITKA
2008-07-25T03:12:06,249053000,58.18505,-134.2461167,0,222.8,15.3,224,9106302,9HJG9,CELEBRITY MERCURY,16,SITKA
2008-07-25T03:12:03,249053000,58.18513333,-134.246,0,222.8,15.3,224,9106302,9HJG9,CELEBRITY MERCURY,16,SITKA
2008-07-25T03:12:02,249053000,58.18525,-134.2457833,0,221.5,15.3,223,9106302,9HJG9,CELEBRITY MERCURY,16,SITKA
2008-07-25T03:11:59,249053000,58.18536667,-134.2455667,0,220.5,15.3,223,9106302,9HJG9,CELEBRITY MERCURY,16,SITKA
2008-07-25T03:11:58,249053000,58.18536667,-134.2455667,0,220.5,15.3,222,9106302,9HJG9,CELEBRITY MERCURY,16,SITKA
2008-07-25T03:11:55,249053000,58.18548333,-134.24535,0,220.5,15.3,222,9106302,9HJG9,CELEBRITY MERCURY,16,SITKA
2008-07-25T03:11:54,249053000,58.1856,-134.2451333,0,219.5,15.3,221,9106302,9HJG9,CELEBRITY MERCURY,16,SITKA
2008-07-25T03:11:51,249053000,58.1858,-134.2448333,0,218.5,15.3,220,9106302,9HJG9,CELEBRITY MERCURY,16,SITKA
2008-07-25T03:11:49,249053000,58.1858,-134.2448167,0,218.5,15.3,220,9106302,9HJG9,CELEBRITY MERCURY,16,SITKA
2008-07-25T03:11:47,249053000,58.18605,-134.24445,0,217.1,15.3,219,9106302,9HJG9,CELEBRITY MERCURY,16,SITKA
2008-07-25T03:11:46,249053000,58.18611667,-134.24435,0,217.5,15.3,219,9106302,9HJG9,CELEBRITY MERCURY,16,SITKA
2008-07-25T03:11:44,249053000,58.18621667,-134.24415,0,216.1,15.3,218,9106302,9HJG9,CELEBRITY MERCURY,16,SITKA
2008-07-25T03:11:42,249053000,58.18641667,-134.2438833,0,216.5,15.3,218,9106302,9HJG9,CELEBRITY MERCURY,16,SITKA
2008-07-25T03:11:39,249053000,58.18643333,-134.24385,0,215.1,15.2,217,9106302,9HJG9,CELEBRITY MERCURY,16,SITKA
2008-07-25T03:11:38,249053000,58.1865,-134.2437333,0,215.1,15.2,217,9106302,9HJG9,CELEBRITY MERCURY,16,SITKA
2008-07-25T03:11:35,249053000,58.18671667,-134.2434667,0,214.4,15.2,216,9106302,9HJG9,CELEBRITY MERCURY,16,SITKA
2008-07-25T03:11:34,249053000,58.18671667,-134.2434667,0,214.4,15.2,216,9106302,9HJG9,CELEBRITY MERCURY,16,SITKA
2008-07-25T03:11:31,249053000,58.18696667,-134.2431333,0,211.9,15.2,215,9106302,9HJG9,CELEBRITY MERCURY,16,SITKA
2008-07-25T03:11:30,249053000,58.18695,-134.2431167,0,212.3,15.2,215,9106302,9HJG9,CELEBRITY MERCURY,16,SITKA
2008-07-25T03:11:27,249053000,58.1871,-134.2429,0,212.1,15.2,214,9106302,9HJG9,CELEBRITY MERCURY,16,SITKA
2008-07-25T03:11:26,249053000,58.18716667,-134.2428333,0,211.3,15.3,214,9106302,9HJG9,CELEBRITY MERCURY,16,SITKA
2008-07-25T03:11:23,249053000,58.18738333,-134.2425833,0,210.7,15.3,213,9106302,9HJG9,CELEBRITY MERCURY,16,SITKA
2008-07-25T03:11:22,249053000,58.18738333,-134.2425833,0,210.7,15.3,213,9106302,9HJG9,CELEBRITY MERCURY,16,SITKA
2008-07-25T03:11:19,249053000,58.18751667,-134.2424167,0,209.3,15.3,212,9106302,9HJG9,CELEBRITY MERCURY,16,SITKA
2008-07-25T03:11:18,249053000,58.1876,-134.2423333,0,209.3,15.3,212,9106302,9HJG9,CELEBRITY MERCURY,16,SITKA
2008-07-25T03:11:15,249053000,58.18781667,-134.2420667,0,208.7,15.3,211,9106302,9HJG9,CELEBRITY MERCURY,16,SITKA
2008-07-25T03:11:14,249053000,58.18795,-134.2419167,0,207.3,15.3,210,9106302,9HJG9,CELEBRITY MERCURY,16,SITKA
2008-07-25T03:11:10,249053000,58.18823333,-134.2416333,0,205.6,15.3,210,9106302,9HJG9,CELEBRITY MERCURY,16,SITKA
2008-07-25T03:11:10,249053000,58.18823333,-134.2416333,0,205.6,15.3,209,9106302,9HJG9,CELEBRITY MERCURY,16,SITKA
2008-07-25T03:11:07,249053000,58.18836667,-134.2414667,0,204.6,15.3,209,9106302,9HJG9,CELEBRITY MERCURY,16,SITKA
2008-07-25T03:11:06,249053000,58.18836667,-134.2414667,0,204.6,15.3,208,9106302,9HJG9,CELEBRITY MERCURY,16,SITKA
2008-07-25T03:11:03,249053000,58.18861667,-134.24125,0,203.6,15.3,207,9106302,9HJG9,CELEBRITY MERCURY,16,SITKA
2008-07-25T03:11:02,249053000,58.18868333,-134.2411833,0,204.0,15.3,207,9106302,9HJG9,CELEBRITY MERCURY,16,SITKA
2008-07-25T03:10:59,249053000,58.18883333,-134.24105,0,203.0,15.3,206,9106302,9HJG9,CELEBRITY MERCURY,16,SITKA
2008-07-25T03:10:58,249053000,58.1889,-134.241,0,203.0,15.3,206,9106302,9HJG9,CELEBRITY MERCURY,16,SITKA
2008-07-25T03:10:55,249053000,58.18911667,-134.2408,0,202.0,15.3,205,9106302,9HJG9,CELEBRITY MERCURY,16,SITKA
2008-07-25T03:10:54,249053000,58.18911667,-134.2408,0,202.0,15.3,205,9106302,9HJG9,CELEBRITY MERCURY,16,SITKA
2008-07-25T03:10:51,249053000,58.18935,-134.2405833,0,200.6,15.3,204,9106302,9HJG9,CELEBRITY MERCURY,16,SITKA
2008-07-25T03:10:49,249053000,58.1895,-134.2404833,0,200.0,15.4,204,9106302,9HJG9,CELEBRITY MERCURY,16,SITKA
2008-07-25T03:10:47,249053000,58.18956667,-134.2404167,0,200.0,15.4,203,9106302,9HJG9,CELEBRITY MERCURY,16,SITKA
2008-07-25T03:10:46,249053000,58.18965,-134.2403667,0,199.6,15.4,203,9106302,9HJG9,CELEBRITY MERCURY,16,SITKA
2008-07-25T03:10:44,249053000,58.18986667,-134.2401833,0,198.6,15.4,202,9106302,9HJG9,CELEBRITY MERCURY,16,SITKA
2008-07-25T03:10:42,249053000,58.18996667,-134.2401333,0,198.6,15.4,202,9106302,9HJG9,CELEBRITY MERCURY,16,SITKA
2008-07-25T03:10:39,249053000,58.19041667,-134.2398333,0,196.5,15.3,201,9106302,9HJG9,CELEBRITY MERCURY,16,SITKA
2008-07-25T03:10:38,249053000,58.19035,-134.2398667,0,196.8,15.3,201,9106302,9HJG9,CELEBRITY MERCURY,16,SITKA
2008-07-25T03:10:34,249053000,58.19036667,-134.23985,0,196.6,15.4,200,9106302,9HJG9,CELEBRITY MERCURY,16,SITKA
2008-07-25T03:10:34,249053000,58.19051667,-134.2397667,0,196.6,15.4,200,9106302,9HJG9,CELEBRITY MERCURY,16,SITKA
2008-07-25T03:10:31,249053000,58.1906,-134.2397167,0,195.2,15.4,199,9106302,9HJG9,CELEBRITY MERCURY,16,SITKA
2008-07-25T03:10:29,249053000,58.19078333,-134.2396,0,194.6,15.4,199,9106302,9HJG9,CELEBRITY MERCURY,16,SITKA
2008-07-25T03:10:26,249053000,58.19095,-134.2395333,0,194.6,15.4,198,9106302,9HJG9,CELEBRITY MERCURY,16,SITKA
2008-07-25T03:10:26,249053000,58.19101667,-134.2395,0,193.6,15.5,197,9106302,9HJG9,CELEBRITY MERCURY,16,SITKA
2008-07-25T03:10:22,249053000,58.19125,-134.2393833,0,192.3,15.5,197,9106302,9HJG9,CELEBRITY MERCURY,16,SITKA
2008-07-25T03:10:21,249053000,58.19133333,-134.23935,0,192.3,15.5,196,9106302,9HJG9,CELEBRITY MERCURY,16,SITKA
2008-07-25T03:10:19,249053000,58.19158333,-134.2392,0,191.6,15.5,196,9106302,9HJG9,CELEBRITY MERCURY,16,SITKA
2008-07-25T03:10:17,249053000,58.19166667,-134.2391667,0,191.3,15.5,195,9106302,9HJG9,CELEBRITY MERCURY,16,SITKA
2008-07-25T03:10:14,249053000,58.19183333,-134.2391,0,190.3,15.5,194,9106302,9HJG9,CELEBRITY MERCURY,16,SITKA
2008-07-25T03:10:13,249053000,58.19188333,-134.23905,0,190.3,15.5,194,9106302,9HJG9,CELEBRITY MERCURY,16,SITKA
2008-07-25T03:10:11,249053000,58.1922,-134.2389333,0,189.3,15.5,194,9106302,9HJG9,CELEBRITY MERCURY,16,SITKA
2008-07-25T03:10:09,249053000,58.1922,-134.2389333,0,188.1,15.5,193,9106302,9HJG9,CELEBRITY MERCURY,16,SITKA
2008-07-25T03:10:07,249053000,58.19236667,-134.2388667,0,188.5,15.4,193,9106302,9HJG9,CELEBRITY MERCURY,16,SITKA
2008-07-25T03:10:05,249053000,58.19246667,-134.23885,0,188.3,15.5,192,9106302,9HJG9,CELEBRITY MERCURY,16,SITKA
2008-07-25T03:10:02,249053000,58.19286667,-134.2387333,0,186.5,15.4,191,9106302,9HJG9,CELEBRITY MERCURY,16,SITKA
2008-07-25T03:10:01,249053000,58.1928,-134.23875,0,186.5,15.4,191,9106302,9HJG9,CELEBRITY MERCURY,16,SITKA
2008-07-25T03:09:58,249053000,58.19296667,-134.2386833,0,185.9,15.5,190,9106302,9HJG9,CELEBRITY MERCURY,16,SITKA
2008-07-25T03:09:57,249053000,58.19306667,-134.2386667,0,186.3,15.5,190,9106302,9HJG9,CELEBRITY MERCURY,16,SITKA
2008-07-25T03:09:55,249053000,58.19321667,-134.2386333,0,185.9,15.5,190,9106302,9HJG9,CELEBRITY MERCURY,16,SITKA
2008-07-25T03:09:53,249053000,58.19331667,-134.2386,0,185.3,15.5,189,9106302,9HJG9,CELEBRITY MERCURY,16,SITKA
2008-07-25T03:09:50,249053000,58.19356667,-134.23855,0,183.9,15.4,188,9106302,9HJG9,CELEBRITY MERCURY,16,SITKA
2008-07-25T03:09:49,249053000,58.19355,-134.23855,0,183.9,15.4,188,9106302,9HJG9,CELEBRITY MERCURY,16,SITKA
2008-07-25T03:09:47,249053000,58.19381667,-134.2385167,0,182.6,15.6,187,9106302,9HJG9,CELEBRITY MERCURY,16,SITKA
2008-07-25T03:09:45,249053000,58.19391667,-134.2384833,0,182.9,15.6,187,9106302,9HJG9,CELEBRITY MERCURY,16,SITKA
2008-07-25T03:09:43,249053000,58.19406667,-134.2384667,0,181.6,15.6,186,9106302,9HJG9,CELEBRITY MERCURY,16,SITKA
2008-07-25T03:09:41,249053000,58.19416667,-134.23845,0,181.9,15.6,186,9106302,9HJG9,CELEBRITY MERCURY,16,SITKA
2008-07-25T03:09:39,249053000,58.19461667,-134.2384333,0,179.9,15.8,185,9106302,9HJG9,CELEBRITY MERCURY,16,SITKA
2008-07-25T03:09:38,249053000,58.19461667,-134.2384333,0,180.2,15.8,185,9106302,9HJG9,CELEBRITY MERCURY,16,SITKA
2008-07-25T03:09:35,249053000,58.19458333,-134.2384167,0,179.6,15.7,184,9106302,9HJG9,CELEBRITY MERCURY,16,SITKA
2008-07-25T03:09:33,249053000,58.19483333,-134.2384167,0,180.0,15.8,184,9106302,9HJG9,CELEBRITY MERCURY,16,SITKA
2008-07-25T03:09:31,249053000,58.1949,-134.2384167,0,178.9,15.7,183,9106302,9HJG9,CELEBRITY MERCURY,16,SITKA
2008-07-25T03:09:29,249053000,58.19508333,-134.2384167,0,179.0,15.8,183,9106302,9HJG9,CELEBRITY MERCURY,16,SITKA
2008-07-25T03:09:27,249053000,58.19526667,-134.2384167,0,178.7,15.8,182,9106302,9HJG9,CELEBRITY MERCURY,16,SITKA
2008-07-25T03:09:26,249053000,58.19533333,-134.2384167,0,178.3,15.8,182,9106302,9HJG9,CELEBRITY MERCURY,16,SITKA
2008-07-25T03:09:23,249053000,58.19551667,-134.2384167,0,177.7,15.8,181,9106302,9HJG9,CELEBRITY MERCURY,16,SITKA
2008-07-25T03:09:21,249053000,58.19568333,-134.2384167,0,176.4,15.9,181,9106302,9HJG9,CELEBRITY MERCURY,16,SITKA
2008-07-25T03:09:20,249053000,58.19576667,-134.2384333,0,176.4,15.9,180,9106302,9HJG9,CELEBRITY MERCURY,16,SITKA
2008-07-25T03:09:17,249053000,58.19595,-134.2384333,0,175.4,15.9,179,9106302,9HJG9,CELEBRITY MERCURY,16,SITKA
2008-07-25T03:09:17,249053000,58.19628333,-134.23845,0,0.0,0.0,0,9106302,9HJG9,CELEBRITY MERCURY,16,SITKA
2008-07-25T03:09:13,249053000,58.19628333,-134.23845,0,174.4,15.9,179,9106302,9HJG9,CELEBRITY MERCURY,16,SITKA
2008-07-25T03:09:07,249053000,58.19671667,-134.2385167,0,173.4,16.0,177,9106302,9HJG9,CELEBRITY MERCURY,16,SITKA
2008-07-25T03:09:01,249053000,58.19715,-134.2386,0,171.4,16.1,175,9106302,9HJG9,CELEBRITY MERCURY,16,SITKA
2008-07-25T03:08:55,249053000,58.19758333,-134.2387167,0,170.4,16.1,174,9106302,9HJG9,CELEBRITY MERCURY,16,SITKA
2008-07-25T03:08:49,249053000,58.19791667,-134.2388,0,168.4,16.1,172,9106302,9HJG9,CELEBRITY MERCURY,16,SITKA
2008-07-25T03:08:43,249053000,58.19865,-134.2390667,0,167.4,16.1,171,9106302,9HJG9,CELEBRITY MERCURY,16,SITKA
2008-07-25T03:08:38,249053000,58.19886667,-134.2391667,0,166.1,16.2,170,9106302,9HJG9,CELEBRITY MERCURY,16,SITKA
2008-07-25T03:08:31,249053000,58.19928333,-134.23935,0,164.8,16.2,168,9106302,9HJG9,CELEBRITY MERCURY,16,SITKA
2008-07-25T03:08:26,249053000,58.1997,-134.23955,0,164.1,16.2,167,9106302,9HJG9,CELEBRITY MERCURY,16,SITKA
2008-07-25T03:08:20,249053000,58.20021667,-134.2398333,0,163.1,16.2,166,9106302,9HJG9,CELEBRITY MERCURY,16,SITKA
2008-07-25T03:08:13,249053000,58.2007,-134.2400833,0,160.1,16.2,164,9106302,9HJG9,CELEBRITY MERCURY,16,SITKA
2008-07-25T03:08:07,249053000,58.20098333,-134.2402667,0,159.8,16.2,163,9106302,9HJG9,CELEBRITY MERCURY,16,SITKA
2008-07-25T03:08:01,249053000,58.20145,-134.2405833,0,158.8,16.2,162,9106302,9HJG9,CELEBRITY MERCURY,16,SITKA
2008-07-25T03:07:56,249053000,58.2018,-134.24085,0,157.1,16.2,161,9106302,9HJG9,CELEBRITY MERCURY,16,SITKA
2008-07-25T03:07:49,249053000,58.20235,-134.2412667,0,156.1,16.2,159,9106302,9HJG9,CELEBRITY MERCURY,16,SITKA
2008-07-25T03:07:43,249053000,58.20283333,-134.2416667,0,154.8,16.4,158,9106302,9HJG9,CELEBRITY MERCURY,16,SITKA
2008-07-25T03:07:38,249053000,58.20308333,-134.2418667,0,153.2,16.4,157,9106302,9HJG9,CELEBRITY MERCURY,16,SITKA
2008-07-25T03:07:31,249053000,58.20358333,-134.2423333,0,152.5,16.5,155,9106302,9HJG9,CELEBRITY MERCURY,16,SITKA
2008-07-25T03:07:25,249053000,58.2039,-134.24265,0,151.2,16.5,154,9106302,9HJG9,CELEBRITY MERCURY,16,SITKA
2008-07-25T03:07:20,249053000,58.20436667,-134.2431167,0,150.5,16.5,153,9106302,9HJG9,CELEBRITY MERCURY,16,SITKA
2008-07-25T03:07:13,249053000,58.2049,-134.2436833,0,148.5,16.5,152,9106302,9HJG9,CELEBRITY MERCURY,16,SITKA
2008-07-25T03:07:07,249053000,58.20541667,-134.2442667,0,147.5,16.5,151,9106302,9HJG9,CELEBRITY MERCURY,16,SITKA
2008-07-25T03:07:01,249053000,58.2056,-134.2444667,0,146.9,16.5,150,9106302,9HJG9,CELEBRITY MERCURY,16,SITKA
2008-07-25T03:06:56,249053000,58.20596667,-134.2449333,0,145.9,16.5,149,9106302,9HJG9,CELEBRITY MERCURY,16,SITKA
2008-07-25T03:06:49,249053000,58.20628333,-134.2452833,0,144.9,16.6,147,9106302,9HJG9,CELEBRITY MERCURY,16,SITKA
2008-07-25T03:06:43,249053000,58.20673333,-134.2458667,0,143.9,16.5,146,9106302,9HJG9,CELEBRITY MERCURY,16,SITKA
2008-07-25T03:06:37,249053000,58.20708333,-134.2463667,0,143.9,16.5,146,9106302,9HJG9,CELEBRITY MERCURY,16,SITKA
2008-07-25T03:06:31,249053000,58.20745,-134.24685,0,143.2,16.5,145,9106302,9HJG9,CELEBRITY MERCURY,16,SITKA
2008-07-25T03:06:25,249053000,58.20781667,-134.2473667,0,142.2,16.5,144,9106302,9HJG9,CELEBRITY MERCURY,16,SITKA
2008-07-25T03:06:20,249053000,58.20818333,-134.2479,0,141.2,16.5,143,9106302,9HJG9,CELEBRITY MERCURY,16,SITKA
2008-07-25T03:06:13,249053000,58.2086,-134.2485333,0,140.2,16.5,142,9106302,9HJG9,CELEBRITY MERCURY,16,SITKA
2008-07-25T03:06:07,249053000,58.209,-134.24915,0,140.6,16.4,142,9106302,9HJG9,CELEBRITY MERCURY,16,SITKA
2008-07-25T03:06:01,249053000,58.20928333,-134.2495833,0,139.9,16.5,141,9106302,9HJG9,CELEBRITY MERCURY,16,SITKA
2008-07-25T03:05:56,249053000,58.20948333,-134.2499167,0,138.6,16.5,140,9106302,9HJG9,CELEBRITY MERCURY,16,SITKA
2008-07-25T03:05:49,249053000,58.2099,-134.2505667,0,138.9,16.4,140,9106302,9HJG9,CELEBRITY MERCURY,16,SITKA
2008-07-25T03:05:43,249053000,58.21046667,-134.2515333,0,137.9,16.4,139,9106302,9HJG9,CELEBRITY MERCURY,16,SITKA
2008-07-25T03:05:37,249053000,58.21063333,-134.2518167,0,136.9,16.4,138,9106302,9HJG9,CELEBRITY MERCURY,16,SITKA
2008-07-25T03:05:31,249053000,58.211,-134.25245,0,137.3,16.4,138,9106302,9HJG9,CELEBRITY MERCURY,16,SITKA
2008-07-25T03:05:25,249053000,58.21133333,-134.25305,0,137.2,16.2,138,9106302,9HJG9,CELEBRITY MERCURY,16,SITKA
2008-07-25T03:05:20,249053000,58.2116,-134.2535167,0,137.2,16.2,138,9106302,9HJG9,CELEBRITY MERCURY,16,SITKA
2008-07-25T03:05:13,249053000,58.21198333,-134.2542167,0,137.2,16.2,138,9106302,9HJG9,CELEBRITY MERCURY,16,SITKA
2008-07-25T03:05:07,249053000,58.21238333,-134.2549,0,137.2,16.2,138,9106302,9HJG9,CELEBRITY MERCURY,16,SITKA
2008-07-25T03:05:01,249053000,58.21271667,-134.2554667,0,137.2,16.2,138,9106302,9HJG9,CELEBRITY MERCURY,16,SITKA
2008-07-25T03:04:56,249053000,58.21301667,-134.2560333,0,136.9,16.2,138,9106302,9HJG9,CELEBRITY MERCURY,16,SITKA
2008-07-25T03:04:49,249053000,58.21328333,-134.2564833,0,136.9,16.2,138,9106302,9HJG9,CELEBRITY MERCURY,16,SITKA
2008-07-25T03:04:43,249053000,58.2136,-134.25705,0,136.9,16.2,138,9106302,9HJG9,CELEBRITY MERCURY,16,SITKA
2008-07-25T03:04:37,249053000,58.21398333,-134.2577333,0,136.9,16.2,138,9106302,9HJG9,CELEBRITY MERCURY,16,SITKA
2008-07-25T03:04:31,249053000,58.2143,-134.2583167,0,136.9,16.1,138,9106302,9HJG9,CELEBRITY MERCURY,16,SITKA
2008-07-25T03:04:25,249053000,58.2146,-134.2588833,0,136.9,16.0,138,9106302,9HJG9,CELEBRITY MERCURY,16,SITKA
2008-07-25T03:04:20,249053000,58.21503333,-134.2596333,0,136.9,16.0,138,9106302,9HJG9,CELEBRITY MERCURY,16,SITKA
2008-07-25T03:04:13,249053000,58.21536667,-134.2602167,0,137.2,15.9,138,9106302,9HJG9,CELEBRITY MERCURY,16,SITKA
2008-07-25T03:04:07,249053000,58.21556667,-134.2606,0,137.2,15.9,138,9106302,9HJG9,CELEBRITY MERCURY,16,SITKA
2008-07-25T03:04:01,249053000,58.21593333,-134.26125,0,136.2,15.9,137,9106302,9HJG9,CELEBRITY MERCURY,16,SITKA
2008-07-25T03:03:56,249053000,58.2162,-134.2617333,0,136.2,15.8,137,9106302,9HJG9,CELEBRITY MERCURY,16,SITKA
2008-07-25T03:03:49,249053000,58.21656667,-134.2623833,0,136.2,15.8,137,9106302,9HJG9,CELEBRITY MERCURY,16,SITKA
2008-07-25T03:03:44,249053000,58.21698333,-134.2631333,0,136.6,15.7,137,9106302,9HJG9,CELEBRITY MERCURY,16,SITKA
2008-07-25T03:03:37,249053000,58.21718333,-134.2635,0,136.2,15.7,137,9106302,9HJG9,CELEBRITY MERCURY,16,SITKA
2008-07-25T03:03:31,249053000,58.2175,-134.2640667,0,136.6,15.5,137,9106302,9HJG9,CELEBRITY MERCURY,16,SITKA
2008-07-25T03:03:25,249053000,58.21786667,-134.2647167,0,136.2,15.5,137,9106302,9HJG9,CELEBRITY MERCURY,16,SITKA
2008-07-25T03:03:20,249053000,58.21811667,-134.2651667,0,136.2,15.5,137,9106302,9HJG9,CELEBRITY MERCURY,16,SITKA
2008-07-25T03:03:19,249053000,58.21848333,-134.2658333,0,0.0,0.0,0,9106302,9HJG9,CELEBRITY MERCURY,16,SITKA
2008-07-25T03:03:13,249053000,58.21848333,-134.2658333,0,136.6,15.5,137,9106302,9HJG9,CELEBRITY MERCURY,16,SITKA
2008-07-25T03:03:07,249053000,58.2188,-134.2663833,0,136.6,15.4,137,9106302,9HJG9,CELEBRITY MERCURY,16,SITKA
2008-07-25T03:03:01,249053000,58.2191,-134.2669167,0,136.6,15.3,137,9106302,9HJG9,CELEBRITY MERCURY,16,SITKA
2008-07-25T03:02:56,249053000,58.21935,-134.2673667,0,136.6,15.3,137,9106302,9HJG9,CELEBRITY MERCURY,16,SITKA
2008-07-25T03:02:49,249053000,58.2198,-134.2681833,0,136.6,15.2,137,9106302,9HJG9,CELEBRITY MERCURY,16,SITKA
2008-07-25T03:02:43,249053000,58.22001667,-134.2685333,0,137.2,15.1,138,9106302,9HJG9,CELEBRITY MERCURY,16,SITKA
2008-07-25T03:02:37,249053000,58.22031667,-134.2690667,0,136.6,15.1,137,9106302,9HJG9,CELEBRITY MERCURY,16,SITKA
2008-07-25T03:02:31,249053000,58.22061667,-134.2696167,0,136.6,15.0,137,9106302,9HJG9,CELEBRITY MERCURY,16,SITKA
2008-07-25T03:02:25,249053000,58.22106667,-134.2704167,0,136.6,14.8,137,9106302,9HJG9,CELEBRITY MERCURY,16,SITKA
2008-07-25T03:02:21,249053000,58.22121667,-134.2706667,0,136.6,14.8,137,9106302,9HJG9,CELEBRITY MERCURY,16,SITKA
2008-07-25T03:02:20,249053000,58.22121667,-134.2706667,0,136.6,14.8,137,9106302,9HJG9,CELEBRITY MERCURY,16,SITKA
2008-07-25T03:02:13,249053000,58.22156667,-134.2713,0,136.6,14.8,137,9106302,9HJG9,CELEBRITY MERCURY,16,SITKA
2008-07-25T03:02:11,249053000,58.22163333,-134.2714,0,136.6,14.7,137,9106302,9HJG9,CELEBRITY MERCURY,16,SITKA
2008-07-25T03:02:07,249053000,58.22185,-134.2718167,0,136.2,14.7,137,9106302,9HJG9,CELEBRITY MERCURY,16,SITKA
2008-07-25T03:02:01,249053000,58.22215,-134.27235,0,136.2,14.6,137,9106302,9HJG9,CELEBRITY MERCURY,16,SITKA
2008-07-25T03:01:56,249053000,58.22245,-134.27285,0,136.6,14.6,137,9106302,9HJG9,CELEBRITY MERCURY,16,SITKA
2008-07-25T03:01:52,249053000,58.22263333,-134.2731667,0,136.6,14.5,137,9106302,9HJG9,CELEBRITY MERCURY,16,SITKA
2008-07-25T03:01:49,249053000,58.22273333,-134.2733833,0,136.6,14.4,137,9106302,9HJG9,CELEBRITY MERCURY,16,SITKA
2008-07-25T03:01:43,249053000,58.22306667,-134.2739833,0,136.6,14.4,137,9106302,9HJG9,CELEBRITY MERCURY,16,SITKA
2008-07-25T03:01:43,249053000,58.22306667,-134.2739833,0,136.6,14.4,137,9106302,9HJG9,CELEBRITY MERCURY,16,SITKA
2008-07-25T03:01:37,249053000,58.22336667,-134.2745,0,136.5,14.3,137,9106302,9HJG9,CELEBRITY MERCURY,16,SITKA
2008-07-25T03:01:31,249053000,58.22363333,-134.275,0,136.5,14.1,137,9106302,9HJG9,CELEBRITY MERCURY,16,SITKA
2008-07-25T03:01:21,249053000,58.2242,-134.2759667,0,136.5,14.0,137,9106302,9HJG9,CELEBRITY MERCURY,16,SITKA
2008-07-25T03:01:11,249053000,58.2246,-134.2767,0,136.1,13.8,137,9106302,9HJG9,CELEBRITY MERCURY,16,SITKA
2008-07-25T03:01:01,249053000,58.22508333,-134.2775833,0,136.5,13.6,137,9106302,9HJG9,CELEBRITY MERCURY,16,SITKA
2008-07-25T03:00:52,249053000,58.22551667,-134.2783667,0,136.5,13.5,137,9106302,9HJG9,CELEBRITY MERCURY,16,SITKA
2008-07-25T03:00:43,249053000,58.2259,-134.2790333,0,136.5,13.4,137,9106302,9HJG9,CELEBRITY MERCURY,16,SITKA
2008-07-25T03:00:31,249053000,58.22638333,-134.2798833,0,136.5,13.2,137,9106302,9HJG9,CELEBRITY MERCURY,16,SITKA
2008-07-25T03:00:21,249053000,58.22685,-134.2807167,0,136.5,13.1,137,9106302,9HJG9,CELEBRITY MERCURY,16,SITKA
2008-07-25T03:00:11,249053000,58.2273,-134.28155,0,136.5,13.0,137,9106302,9HJG9,CELEBRITY MERCURY,16,SITKA
2008-07-25T03:00:01,249053000,58.22776667,-134.2823833,0,137.0,12.8,137,9106302,9HJG9,CELEBRITY MERCURY,16,SITKA
2008-07-25T02:59:52,249053000,58.22811667,-134.2830333,0,136.5,12.7,137,9106302,9HJG9,CELEBRITY MERCURY,16,SITKA
2008-07-25T02:59:43,249053000,58.22861667,-134.2839333,0,136.5,12.6,137,9106302,9HJG9,CELEBRITY MERCURY,16,SITKA
2008-07-25T02:59:31,249053000,58.22906667,-134.28475,0,136.5,12.5,137,9106302,9HJG9,CELEBRITY MERCURY,16,SITKA
2008-07-25T02:59:21,249053000,58.22945,-134.2854667,0,136.5,12.4,137,9106302,9HJG9,CELEBRITY MERCURY,16,SITKA
2008-07-25T02:59:11,249053000,58.22988333,-134.2862333,0,136.5,12.4,137,9106302,9HJG9,CELEBRITY MERCURY,16,SITKA
2008-07-25T02:59:01,249053000,58.2303,-134.2869667,0,136.5,12.1,137,9106302,9HJG9,CELEBRITY MERCURY,16,SITKA
2008-07-25T02:58:51,249053000,58.23068333,-134.28765,0,136.0,12.1,137,9106302,9HJG9,CELEBRITY MERCURY,16,SITKA
2008-07-25T02:58:43,249053000,58.23106667,-134.28835,0,136.5,12.1,137,9106302,9HJG9,CELEBRITY MERCURY,16,SITKA
2008-07-25T02:58:31,249053000,58.23166667,-134.2894167,0,136.0,12.0,137,9106302,9HJG9,CELEBRITY MERCURY,16,SITKA
2008-07-25T02:58:21,249053000,58.23191667,-134.2898833,0,136.5,11.9,137,9106302,9HJG9,CELEBRITY MERCURY,16,SITKA
2008-07-25T02:58:12,249053000,58.23225,-134.2904833,0,136.5,11.9,137,9106302,9HJG9,CELEBRITY MERCURY,16,SITKA
2008-07-25T02:58:01,249053000,58.23275,-134.2914167,0,136.5,11.8,137,9106302,9HJG9,CELEBRITY MERCURY,16,SITKA
2008-07-25T02:57:51,249053000,58.23311667,-134.2921,0,136.5,11.7,137,9106302,9HJG9,CELEBRITY MERCURY,16,SITKA
2008-07-25T02:57:43,249053000,58.23348333,-134.29275,0,136.5,11.7,137,9106302,9HJG9,CELEBRITY MERCURY,16,SITKA
2008-07-25T02:57:31,249053000,58.23391667,-134.2935,0,136.5,11.6,137,9106302,9HJG9,CELEBRITY MERCURY,16,SITKA
2008-07-25T02:57:22,249053000,58.23423333,-134.2940833,0,136.0,11.6,137,9106302,9HJG9,CELEBRITY MERCURY,16,SITKA
2008-07-25T02:57:17,249053000,58.23461667,-134.2948,0,0.0,0.0,0,9106302,9HJG9,CELEBRITY MERCURY,16,SITKA
2008-07-25T02:57:12,249053000,58.23461667,-134.2948,0,136.4,11.4,137,9106302,9HJG9,CELEBRITY MERCURY,16,SITKA
2008-07-25T02:57:01,249053000,58.23506667,-134.2956167,0,136.4,11.4,137,9106302,9HJG9,CELEBRITY MERCURY,16,SITKA
2008-07-25T02:56:51,249053000,58.23546667,-134.2963667,0,136.4,11.4,137,9106302,9HJG9,CELEBRITY MERCURY,16,SITKA
2008-07-25T02:56:43,249053000,58.23575,-134.29685,0,136.4,11.4,137,9106302,9HJG9,CELEBRITY MERCURY,16,SITKA
2008-07-25T02:56:31,249053000,58.2362,-134.2976667,0,136.4,11.2,137,9106302,9HJG9,CELEBRITY MERCURY,16,SITKA
2008-07-25T02:56:22,249053000,58.23656667,-134.2983,0,136.4,11.2,137,9106302,9HJG9,CELEBRITY MERCURY,16,SITKA
2008-07-25T02:56:12,249053000,58.23705,-134.2992,0,136.4,11.2,137,9106302,9HJG9,CELEBRITY MERCURY,16,SITKA
2008-07-25T02:56:01,249053000,58.2374,-134.2998,0,136.4,11.2,137,9106302,9HJG9,CELEBRITY MERCURY,16,SITKA
2008-07-25T02:55:51,249053000,58.23771667,-134.30045,0,135.9,11.1,137,9106302,9HJG9,CELEBRITY MERCURY,16,SITKA
2008-07-25T02:55:43,249053000,58.23808333,-134.3010667,0,136.4,11.1,137,9106302,9HJG9,CELEBRITY MERCURY,16,SITKA
2008-07-25T02:55:31,249053000,58.23848333,-134.3017833,0,136.4,11.0,137,9106302,9HJG9,CELEBRITY MERCURY,16,SITKA
2008-07-25T02:55:22,249053000,58.23878333,-134.3023667,0,136.4,10.9,137,9106302,9HJG9,CELEBRITY MERCURY,16,SITKA
2008-07-25T02:55:12,249053000,58.23916667,-134.3030167,0,136.4,10.9,137,9106302,9HJG9,CELEBRITY MERCURY,16,SITKA
2008-07-25T02:55:01,249053000,58.23958333,-134.3038,0,135.9,10.8,137,9106302,9HJG9,CELEBRITY MERCURY,16,SITKA
2008-07-25T02:54:51,249053000,58.23993333,-134.3044333,0,136.4,10.7,137,9106302,9HJG9,CELEBRITY MERCURY,16,SITKA
2008-07-25T02:54:41,249053000,58.24026667,-134.3050333,0,136.4,10.5,137,9106302,9HJG9,CELEBRITY MERCURY,16,SITKA
2008-07-25T02:54:31,249053000,58.24066667,-134.3057833,0,135.8,10.4,137,9106302,9HJG9,CELEBRITY MERCURY,16,SITKA
2008-07-25T02:54:22,249053000,58.24106667,-134.3065,0,136.4,10.3,137,9106302,9HJG9,CELEBRITY MERCURY,16,SITKA
2008-07-25T02:54:12,249053000,58.24126667,-134.3069,0,135.8,10.1,137,9106302,9HJG9,CELEBRITY MERCURY,16,SITKA
2008-07-25T02:54:02,249053000,58.24166667,-134.3076167,0,135.8,10.1,137,9106302,9HJG9,CELEBRITY MERCURY,16,SITKA
2008-07-25T02:53:51,249053000,58.24198333,-134.3082,0,136.4,9.9,137,9106302,9HJG9,CELEBRITY MERCURY,16,SITKA
2008-07-25T02:53:41,249053000,58.24236667,-134.3088833,0,135.8,9.8,137,9106302,9HJG9,CELEBRITY MERCURY,16,SITKA
2008-07-25T02:53:31,249053000,58.24266667,-134.30945,0,136.4,9.7,137,9106302,9HJG9,CELEBRITY MERCURY,16,SITKA
2008-07-25T02:53:22,249053000,58.24313333,-134.3102833,0,135.7,9.4,137,9106302,9HJG9,CELEBRITY MERCURY,16,SITKA
2008-07-25T02:53:11,249053000,58.24331667,-134.3106,0,135.7,9.3,137,9106302,9HJG9,CELEBRITY MERCURY,16,SITKA
2008-07-25T02:53:02,249053000,58.24358333,-134.3111333,0,137.0,9.1,137,9106302,9HJG9,CELEBRITY MERCURY,16,SITKA
2008-07-25T02:52:51,249053000,58.24391667,-134.3117,0,136.3,8.7,137,9106302,9HJG9,CELEBRITY MERCURY,16,SITKA
2008-07-25T02:52:41,249053000,58.24421667,-134.3122667,0,137.0,8.6,137,9106302,9HJG9,CELEBRITY MERCURY,16,SITKA
2008-07-25T02:52:31,249053000,58.24451667,-134.3128,0,137.0,8.3,137,9106302,9HJG9,CELEBRITY MERCURY,16,SITKA
2008-07-25T02:52:22,249053000,58.24475,-134.3132,0,136.3,8.2,137,9106302,9HJG9,CELEBRITY MERCURY,16,SITKA
2008-07-25T02:52:11,249053000,58.24513333,-134.3139,0,137.0,8.0,137,9106302,9HJG9,CELEBRITY MERCURY,16,SITKA
2008-07-25T02:52:02,249053000,58.24531667,-134.3142,0,137.0,7.9,137,9106302,9HJG9,CELEBRITY MERCURY,16,SITKA
2008-07-25T02:51:51,249053000,58.24553333,-134.3146333,0,136.2,7.7,137,9106302,9HJG9,CELEBRITY MERCURY,16,SITKA
2008-07-25T02:51:41,249053000,58.24585,-134.3151667,0,137.0,7.7,137,9106302,9HJG9,CELEBRITY MERCURY,16,SITKA
2008-07-25T02:51:31,249053000,58.24608333,-134.3156,0,136.2,7.7,137,9106302,9HJG9,CELEBRITY MERCURY,16,SITKA
2008-07-25T02:51:22,249053000,58.24633333,-134.3160333,0,136.2,7.7,137,9106302,9HJG9,CELEBRITY MERCURY,16,SITKA
2008-07-25T02:51:19,249053000,58.24661667,-134.3165333,0,0.0,0.0,0,9106302,9HJG9,CELEBRITY MERCURY,16,SITKA
2008-07-25T02:51:11,249053000,58.24661667,-134.3165333,0,137.2,7.7,138,9106302,9HJG9,CELEBRITY MERCURY,16,SITKA
2008-07-25T02:51:02,249053000,58.24686667,-134.3169667,0,138.0,7.6,138,9106302,9HJG9,CELEBRITY MERCURY,16,SITKA
2008-07-25T02:50:51,249053000,58.24718333,-134.3175,0,137.0,7.6,137,9106302,9HJG9,CELEBRITY MERCURY,16,SITKA
2008-07-25T02:50:41,249053000,58.24741667,-134.3179167,0,136.2,7.5,137,9106302,9HJG9,CELEBRITY MERCURY,16,SITKA
2008-07-25T02:50:31,249053000,58.24768333,-134.3184167,0,137.0,7.4,137,9106302,9HJG9,CELEBRITY MERCURY,16,SITKA
2008-07-25T02:50:21,249053000,58.2479,-134.3187667,0,136.2,7.3,137,9106302,9HJG9,CELEBRITY MERCURY,16,SITKA
2008-07-25T02:50:11,249053000,58.2482,-134.3192833,0,136.2,7.2,137,9106302,9HJG9,CELEBRITY MERCURY,16,SITKA
2008-07-25T02:50:02,249053000,58.2484,-134.3196333,0,136.2,7.2,137,9106302,9HJG9,CELEBRITY MERCURY,16,SITKA
2008-07-25T02:49:51,249053000,58.24865,-134.3201,0,136.2,7.4,137,9106302,9HJG9,CELEBRITY MERCURY,16,SITKA
2008-07-25T02:49:41,249053000,58.24893333,-134.3206167,0,137.0,7.5,137,9106302,9HJG9,CELEBRITY MERCURY,16,SITKA
2008-07-25T02:49:31,249053000,58.24918333,-134.3210333,0,137.0,7.7,137,9106302,9HJG9,CELEBRITY MERCURY,16,SITKA
2008-07-25T02:49:21,249053000,58.24945,-134.3215167,0,136.2,7.9,137,9106302,9HJG9,CELEBRITY MERCURY,16,SITKA
2008-07-25T02:49:11,249053000,58.2497,-134.3219833,0,136.2,8.1,137,9106302,9HJG9,CELEBRITY MERCURY,16,SITKA
2008-07-25T02:49:02,249053000,58.24995,-134.3224333,0,137.0,8.2,137,9106302,9HJG9,CELEBRITY MERCURY,16,SITKA
2008-07-25T02:48:51,249053000,58.25026667,-134.3229833,0,136.3,8.4,137,9106302,9HJG9,CELEBRITY MERCURY,16,SITKA
2008-07-25T02:48:41,249053000,58.25055,-134.3234667,0,136.3,8.7,137,9106302,9HJG9,CELEBRITY MERCURY,16,SITKA
2008-07-25T02:48:31,249053000,58.25081667,-134.3239833,0,137.0,8.9,137,9106302,9HJG9,CELEBRITY MERCURY,16,SITKA
2008-07-25T02:48:21,249053000,58.25113333,-134.3245167,0,136.3,9.2,137,9106302,9HJG9,CELEBRITY MERCURY,16,SITKA
2008-07-25T02:48:11,249053000,58.25143333,-134.3250667,0,135.7,9.4,137,9106302,9HJG9,CELEBRITY MERCURY,16,SITKA
2008-07-25T02:48:02,249053000,58.25168333,-134.32555,0,136.4,9.8,137,9106302,9HJG9,CELEBRITY MERCURY,16,SITKA
2008-07-25T02:47:51,249053000,58.25206667,-134.3262333,0,136.4,10.1,137,9106302,9HJG9,CELEBRITY MERCURY,16,SITKA
2008-07-25T02:47:41,249053000,58.25243333,-134.3269,0,135.9,10.6,137,9106302,9HJG9,CELEBRITY MERCURY,16,SITKA
2008-07-25T02:47:31,249053000,58.25291667,-134.3277667,0,135.9,10.9,137,9106302,9HJG9,CELEBRITY MERCURY,16,SITKA
2008-07-25T02:47:21,249053000,58.25318333,-134.3282667,0,135.4,11.0,137,9106302,9HJG9,CELEBRITY MERCURY,16,SITKA
2008-07-25T02:47:12,249053000,58.25348333,-134.3288167,0,135.4,11.2,137,9106302,9HJG9,CELEBRITY MERCURY,16,SITKA
2008-07-25T02:47:02,249053000,58.25388333,-134.3295667,0,135.9,11.1,137,9106302,9HJG9,CELEBRITY MERCURY,16,SITKA
2008-07-25T02:46:51,249053000,58.25423333,-134.3302,0,134.9,11.1,136,9106302,9HJG9,CELEBRITY MERCURY,16,SITKA
2008-07-25T02:46:42,249053000,58.2546,-134.3309167,0,134.9,11.1,136,9106302,9HJG9,CELEBRITY MERCURY,16,SITKA
2008-07-25T02:46:31,249053000,58.25506667,-134.3317833,0,134.4,11.1,135,9106302,9HJG9,CELEBRITY MERCURY,16,SITKA
2008-07-25T02:46:21,249053000,58.25531667,-134.3323333,0,133.4,11.1,135,9106302,9HJG9,CELEBRITY MERCURY,16,SITKA
2008-07-25T02:46:12,249053000,58.25565,-134.3329833,0,133.4,11.1,135,9106302,9HJG9,CELEBRITY MERCURY,16,SITKA
2008-07-25T02:46:02,249053000,58.25605,-134.3338,0,133.9,11.1,135,9106302,9HJG9,CELEBRITY MERCURY,16,SITKA
2008-07-25T02:45:51,249053000,58.25643333,-134.3345333,0,133.4,11.1,135,9106302,9HJG9,CELEBRITY MERCURY,16,SITKA
2008-07-25T02:45:42,249053000,58.25671667,-134.3350167,0,132.4,11.1,134,9106302,9HJG9,CELEBRITY MERCURY,16,SITKA
2008-07-25T02:45:32,249053000,58.25715,-134.33595,0,131.9,11.1,133,9106302,9HJG9,CELEBRITY MERCURY,16,SITKA
2008-07-25T02:45:21,249053000,58.25745,-134.3365833,0,130.9,11.1,132,9106302,9HJG9,CELEBRITY MERCURY,16,SITKA
2008-07-25T02:45:17,249053000,58.25778333,-134.3373167,0,0.0,0.0,0,9106302,9HJG9,CELEBRITY MERCURY,16,SITKA
2008-07-25T02:45:12,249053000,58.25778333,-134.3373167,0,130.9,11.1,132,9106302,9HJG9,CELEBRITY MERCURY,16,SITKA
2008-07-25T02:45:02,249053000,58.25815,-134.3381,0,130.9,11.1,132,9106302,9HJG9,CELEBRITY MERCURY,16,SITKA
2008-07-25T02:44:51,249053000,58.2585,-134.3388833,0,130.9,11.1,132,9106302,9HJG9,CELEBRITY MERCURY,16,SITKA
2008-07-25T02:44:42,249053000,58.25895,-134.3398833,0,130.9,11.1,132,9106302,9HJG9,CELEBRITY MERCURY,16,SITKA
2008-07-25T02:44:32,249053000,58.25915,-134.34035,0,130.9,11.1,132,9106302,9HJG9,CELEBRITY MERCURY,16,SITKA
2008-07-25T02:44:22,249053000,58.2595,-134.3410667,0,130.9,11.1,132,9106302,9HJG9,CELEBRITY MERCURY,16,SITKA
2008-07-25T02:44:12,249053000,58.25981667,-134.3417667,0,130.9,11.1,132,9106302,9HJG9,CELEBRITY MERCURY,16,SITKA
2008-07-25T02:44:02,249053000,58.26013333,-134.34245,0,130.9,11.1,132,9106302,9HJG9,CELEBRITY MERCURY,16,SITKA
2008-07-25T02:43:51,249053000,58.26055,-134.3433333,0,130.9,11.0,132,9106302,9HJG9,CELEBRITY MERCURY,16,SITKA
2008-07-25T02:43:42,249053000,58.26081667,-134.3439,0,131.4,11.0,132,9106302,9HJG9,CELEBRITY MERCURY,16,SITKA
2008-07-25T02:43:32,249053000,58.26125,-134.3448333,0,130.9,11.1,132,9106302,9HJG9,CELEBRITY MERCURY,16,SITKA
2008-07-25T02:43:22,249053000,58.2615,-134.3454667,0,131.4,11.0,132,9106302,9HJG9,CELEBRITY MERCURY,16,SITKA
2008-07-25T02:43:12,249053000,58.26188333,-134.3462167,0,130.9,11.0,132,9106302,9HJG9,CELEBRITY MERCURY,16,SITKA
2008-07-25T02:43:03,249053000,58.26215,-134.3468167,0,130.9,11.0,132,9106302,9HJG9,CELEBRITY MERCURY,16,SITKA
2008-07-25T02:42:51,249053000,58.26255,-134.3476667,0,131.4,11.0,132,9106302,9HJG9,CELEBRITY MERCURY,16,SITKA
2008-07-25T02:42:42,249053000,58.26285,-134.34835,0,130.9,11.0,132,9106302,9HJG9,CELEBRITY MERCURY,16,SITKA
2008-07-25T02:42:32,249053000,58.26316667,-134.3490333,0,130.9,10.9,132,9106302,9HJG9,CELEBRITY MERCURY,16,SITKA
2008-07-25T02:42:22,249053000,58.26351667,-134.3498,0,131.4,10.9,132,9106302,9HJG9,CELEBRITY MERCURY,16,SITKA
2008-07-25T02:42:12,249053000,58.26386667,-134.35055,0,131.4,10.9,132,9106302,9HJG9,CELEBRITY MERCURY,16,SITKA
2008-07-25T02:42:03,249053000,58.26418333,-134.3512167,0,131.4,10.9,132,9106302,9HJG9,CELEBRITY MERCURY,16,SITKA
2008-07-25T02:41:51,249053000,58.26453333,-134.352,0,130.9,10.9,132,9106302,9HJG9,CELEBRITY MERCURY,16,SITKA
2008-07-25T02:41:32,249053000,58.26523333,-134.3535,0,130.9,10.8,132,9106302,9HJG9,CELEBRITY MERCURY,16,SITKA
2008-07-25T02:41:22,249053000,58.26551667,-134.3541,0,131.4,10.8,132,9106302,9HJG9,CELEBRITY MERCURY,16,SITKA
2008-07-25T02:41:12,249053000,58.26593333,-134.3550167,0,131.4,10.8,132,9106302,9HJG9,CELEBRITY MERCURY,16,SITKA
2008-07-25T02:41:03,249053000,58.26613333,-134.3554333,0,130.9,10.8,132,9106302,9HJG9,CELEBRITY MERCURY,16,SITKA
2008-07-25T02:40:51,249053000,58.26651667,-134.3562833,0,132.0,10.8,132,9106302,9HJG9,CELEBRITY MERCURY,16,SITKA
2008-07-25T02:40:42,249053000,58.26681667,-134.3569167,0,130.4,10.7,131,9106302,9HJG9,CELEBRITY MERCURY,16,SITKA
2008-07-25T02:40:32,249053000,58.26716667,-134.3576667,0,130.4,10.7,131,9106302,9HJG9,CELEBRITY MERCURY,16,SITKA
2008-07-25T02:40:22,249053000,58.2675,-134.35845,0,130.4,10.7,131,9106302,9HJG9,CELEBRITY MERCURY,16,SITKA
2008-07-25T02:40:12,249053000,58.2678,-134.3591333,0,129.4,10.6,130,9106302,9HJG9,CELEBRITY MERCURY,16,SITKA
2008-07-25T02:40:03,249053000,58.26813333,-134.3598667,0,129.4,10.6,130,9106302,9HJG9,CELEBRITY MERCURY,16,SITKA
2008-07-25T02:39:51,249053000,58.26846667,-134.3606167,0,129.4,10.6,130,9106302,9HJG9,CELEBRITY MERCURY,16,SITKA
2008-07-25T02:39:41,249053000,58.26876667,-134.3613,0,129.4,10.5,130,9106302,9HJG9,CELEBRITY MERCURY,16,SITKA
2008-07-25T02:39:32,249053000,58.26916667,-134.36225,0,129.4,10.5,130,9106302,9HJG9,CELEBRITY MERCURY,16,SITKA
2008-07-25T02:39:22,249053000,58.26938333,-134.3627333,0,129.4,10.4,130,9106302,9HJG9,CELEBRITY MERCURY,16,SITKA
2008-07-25T02:39:16,249053000,58.2697,-134.3634833,0,0.0,0.0,0,9106302,9HJG9,CELEBRITY MERCURY,16,SITKA
2008-07-25T02:39:12,249053000,58.2697,-134.3634833,0,129.4,10.3,130,9106302,9HJG9,CELEBRITY MERCURY,16,SITKA
2008-07-25T02:39:03,249053000,58.27,-134.3641167,0,130.0,10.3,130,9106302,9HJG9,CELEBRITY MERCURY,16,SITKA
2008-07-25T02:38:51,249053000,58.27036667,-134.3649333,0,129.4,10.1,130,9106302,9HJG9,CELEBRITY MERCURY,16,SITKA
2008-07-25T02:38:41,249053000,58.27068333,-134.3656667,0,129.4,10.1,130,9106302,9HJG9,CELEBRITY MERCURY,16,SITKA
2008-07-25T02:38:32,249053000,58.27093333,-134.3662167,0,128.8,10.1,130,9106302,9HJG9,CELEBRITY MERCURY,16,SITKA
2008-07-25T02:38:22,249053000,58.27121667,-134.3668833,0,129.4,10.0,130,9106302,9HJG9,CELEBRITY MERCURY,16,SITKA
2008-07-25T02:38:12,249053000,58.27151667,-134.3675833,0,129.4,10.0,130,9106302,9HJG9,CELEBRITY MERCURY,16,SITKA
2008-07-25T02:38:03,249053000,58.27178333,-134.3682167,0,129.4,9.9,130,9106302,9HJG9,CELEBRITY MERCURY,16,SITKA
2008-07-25T02:37:51,249053000,58.27215,-134.3690167,0,129.4,9.8,130,9106302,9HJG9,CELEBRITY MERCURY,16,SITKA
2008-07-25T02:37:41,249053000,58.27241667,-134.36965,0,129.4,9.6,130,9106302,9HJG9,CELEBRITY MERCURY,16,SITKA
2008-07-25T02:37:32,249053000,58.27268333,-134.37025,0,129.4,9.6,130,9106302,9HJG9,CELEBRITY MERCURY,16,SITKA
2008-07-25T02:37:22,249053000,58.27296667,-134.3709333,0,128.7,9.4,130,9106302,9HJG9,CELEBRITY MERCURY,16,SITKA
2008-07-25T02:37:12,249053000,58.27321667,-134.3715,0,129.3,9.3,130,9106302,9HJG9,CELEBRITY MERCURY,16,SITKA
2008-07-25T02:37:03,249053000,58.27353333,-134.3722167,0,129.3,9.2,130,9106302,9HJG9,CELEBRITY MERCURY,16,SITKA
2008-07-25T02:36:51,249053000,58.27381667,-134.3728667,0,129.3,9.0,130,9106302,9HJG9,CELEBRITY MERCURY,16,SITKA
2008-07-25T02:36:41,249053000,58.2741,-134.3735167,0,130.0,8.7,130,9106302,9HJG9,CELEBRITY MERCURY,16,SITKA
2008-07-25T02:36:32,249053000,58.27431667,-134.3740167,0,129.3,8.7,130,9106302,9HJG9,CELEBRITY MERCURY,16,SITKA
2008-07-25T02:36:21,249053000,58.2746,-134.3747167,0,129.3,8.5,130,9106302,9HJG9,CELEBRITY MERCURY,16,SITKA
2008-07-25T02:36:12,249053000,58.27485,-134.37525,0,130.0,8.4,130,9106302,9HJG9,CELEBRITY MERCURY,16,SITKA
2008-07-25T02:36:02,249053000,58.27511667,-134.3759,0,129.3,8.3,130,9106302,9HJG9,CELEBRITY MERCURY,16,SITKA
2008-07-25T02:35:51,249053000,58.27535,-134.37645,0,130.0,8.1,130,9106302,9HJG9,CELEBRITY MERCURY,16,SITKA
2008-07-25T02:35:41,249053000,58.27561667,-134.3770167,0,130.0,7.9,130,9106302,9HJG9,CELEBRITY MERCURY,16,SITKA
2008-07-25T02:35:32,249053000,58.27578333,-134.3774167,0,130.0,7.8,130,9106302,9HJG9,CELEBRITY MERCURY,16,SITKA
2008-07-25T02:35:21,249053000,58.27603333,-134.3780333,0,130.7,7.6,130,9106302,9HJG9,CELEBRITY MERCURY,16,SITKA
2008-07-25T02:35:12,249053000,58.27625,-134.3784833,0,130.7,7.4,130,9106302,9HJG9,CELEBRITY MERCURY,16,SITKA
2008-07-25T02:35:02,249053000,58.2765,-134.3790833,0,130.0,7.2,130,9106302,9HJG9,CELEBRITY MERCURY,16,SITKA
2008-07-25T02:34:51,249053000,58.27673333,-134.3795833,0,130.8,6.9,130,9106302,9HJG9,CELEBRITY MERCURY,16,SITKA
2008-07-25T02:34:41,249053000,58.27695,-134.3800167,0,130.8,6.7,130,9106302,9HJG9,CELEBRITY MERCURY,16,SITKA
2008-07-25T02:34:32,249053000,58.27718333,-134.3805833,0,130.8,6.6,130,9106302,9HJG9,CELEBRITY MERCURY,16,SITKA
2008-07-25T02:34:21,249053000,58.27731667,-134.3808667,0,130.8,6.6,130,9106302,9HJG9,CELEBRITY MERCURY,16,SITKA
2008-07-25T02:34:11,249053000,58.27751667,-134.3813333,0,130.8,6.6,130,9106302,9HJG9,CELEBRITY MERCURY,16,SITKA
2008-07-25T02:34:02,249053000,58.2777,-134.3817667,0,130.8,6.6,130,9106302,9HJG9,CELEBRITY MERCURY,16,SITKA
2008-07-25T02:33:51,249053000,58.2779,-134.3821667,0,130.8,6.6,130,9106302,9HJG9,CELEBRITY MERCURY,16,SITKA
2008-07-25T02:33:41,249053000,58.27818333,-134.3828,0,130.8,6.6,130,9106302,9HJG9,CELEBRITY MERCURY,16,SITKA
2008-07-25T02:33:32,249053000,58.27831667,-134.3831,0,130.8,6.6,130,9106302,9HJG9,CELEBRITY MERCURY,16,SITKA
2008-07-25T02:33:21,249053000,58.27855,-134.3836,0,130.8,6.6,130,9106302,9HJG9,CELEBRITY MERCURY,16,SITKA
2008-07-25T02:33:16,249053000,58.27875,-134.3840333,0,0.0,0.0,0,9106302,9HJG9,CELEBRITY MERCURY,16,SITKA
2008-07-25T02:33:11,249053000,58.27875,-134.3840333,0,130.8,6.6,130,9106302,9HJG9,CELEBRITY MERCURY,16,SITKA
2008-07-25T02:33:02,249053000,58.27888333,-134.3844,0,130.8,6.6,130,9106302,9HJG9,CELEBRITY MERCURY,16,SITKA
2008-07-25T02:32:52,249053000,58.27915,-134.3849333,0,131.7,6.6,130,9106302,9HJG9,CELEBRITY MERCURY,16,SITKA
2008-07-25T02:32:41,249053000,58.27933333,-134.3853167,0,131.7,6.6,130,9106302,9HJG9,CELEBRITY MERCURY,16,SITKA
2008-07-25T02:32:32,249053000,58.27953333,-134.3857,0,130.7,6.6,129,9106302,9HJG9,CELEBRITY MERCURY,16,SITKA
2008-07-25T02:32:22,249053000,58.27971667,-134.3861167,0,131.6,6.6,129,9106302,9HJG9,CELEBRITY MERCURY,16,SITKA
2008-07-25T02:32:11,249053000,58.27991667,-134.3865833,0,129.7,6.6,128,9106302,9HJG9,CELEBRITY MERCURY,16,SITKA
2008-07-25T02:32:02,249053000,58.28013333,-134.3870667,0,129.7,6.6,128,9106302,9HJG9,CELEBRITY MERCURY,16,SITKA
2008-07-25T02:31:52,249053000,58.28031667,-134.3874833,0,130.6,6.6,128,9106302,9HJG9,CELEBRITY MERCURY,16,SITKA
2008-07-25T02:31:41,249053000,58.28053333,-134.38795,0,130.6,6.6,128,9106302,9HJG9,CELEBRITY MERCURY,16,SITKA
2008-07-25T02:31:32,249053000,58.28071667,-134.3884,0,130.6,6.6,128,9106302,9HJG9,CELEBRITY MERCURY,16,SITKA
2008-07-25T02:31:22,249053000,58.28093333,-134.3889,0,129.7,6.6,128,9106302,9HJG9,CELEBRITY MERCURY,16,SITKA
2008-07-25T02:31:11,249053000,58.28116667,-134.3894333,0,129.7,6.6,128,9106302,9HJG9,CELEBRITY MERCURY,16,SITKA
2008-07-25T02:31:02,249053000,58.2813,-134.38975,0,129.7,6.6,128,9106302,9HJG9,CELEBRITY MERCURY,16,SITKA
2008-07-25T02:30:52,249053000,58.2815,-134.3901667,0,129.7,6.6,128,9106302,9HJG9,CELEBRITY MERCURY,16,SITKA
2008-07-25T02:30:41,249053000,58.28166667,-134.3905833,0,129.7,6.6,128,9106302,9HJG9,CELEBRITY MERCURY,16,SITKA
2008-07-25T02:30:32,249053000,58.28188333,-134.3911,0,129.7,6.6,128,9106302,9HJG9,CELEBRITY MERCURY,16,SITKA
2008-07-25T02:30:22,249053000,58.2821,-134.3915833,0,128.8,6.6,128,9106302,9HJG9,CELEBRITY MERCURY,16,SITKA
2008-07-25T02:30:11,249053000,58.2823,-134.3920833,0,128.8,6.6,128,9106302,9HJG9,CELEBRITY MERCURY,16,SITKA
2008-07-25T02:30:02,249053000,58.28243333,-134.39245,0,128.0,6.6,128,9106302,9HJG9,CELEBRITY MERCURY,16,SITKA
2008-07-25T02:29:52,249053000,58.28263333,-134.3929167,0,128.8,6.6,128,9106302,9HJG9,CELEBRITY MERCURY,16,SITKA
2008-07-25T02:29:41,249053000,58.28285,-134.3934,0,128.8,6.6,128,9106302,9HJG9,CELEBRITY MERCURY,16,SITKA
2008-07-25T02:29:32,249053000,58.28301667,-134.3938167,0,128.0,6.6,128,9106302,9HJG9,CELEBRITY MERCURY,16,SITKA
2008-07-25T02:29:22,249053000,58.28321667,-134.39425,0,128.8,6.6,128,9106302,9HJG9,CELEBRITY MERCURY,16,SITKA
2008-07-25T02:29:11,249053000,58.28341667,-134.3947833,0,128.8,6.7,128,9106302,9HJG9,CELEBRITY MERCURY,16,SITKA
2008-07-25T02:29:02,249053000,58.2836,-134.3952167,0,128.0,6.7,128,9106302,9HJG9,CELEBRITY MERCURY,16,SITKA
2008-07-25T02:28:52,249053000,58.28378333,-134.39565,0,128.8,6.7,128,9106302,9HJG9,CELEBRITY MERCURY,16,SITKA
2008-07-25T02:28:41,249053000,58.28401667,-134.3962167,0,128.8,6.7,128,9106302,9HJG9,CELEBRITY MERCURY,16,SITKA
2008-07-25T02:28:32,249053000,58.28418333,-134.3966,0,128.8,6.9,128,9106302,9HJG9,CELEBRITY MERCURY,16,SITKA
2008-07-25T02:28:22,249053000,58.28438333,-134.3971,0,129.6,6.9,128,9106302,9HJG9,CELEBRITY MERCURY,16,SITKA
2008-07-25T02:28:11,249053000,58.28463333,-134.39765,0,130.6,7.0,129,9106302,9HJG9,CELEBRITY MERCURY,16,SITKA
2008-07-25T02:28:02,249053000,58.28478333,-134.3979833,0,130.6,7.0,129,9106302,9HJG9,CELEBRITY MERCURY,16,SITKA
2008-07-25T02:27:52,249053000,58.285,-134.3984833,0,132.4,6.9,130,9106302,9HJG9,CELEBRITY MERCURY,16,SITKA
2008-07-25T02:27:41,249053000,58.28525,-134.3990167,0,132.7,6.7,131,9106302,9HJG9,CELEBRITY MERCURY,16,SITKA
2008-07-25T02:27:32,249053000,58.28545,-134.3994333,0,133.8,6.7,133,9106302,9HJG9,CELEBRITY MERCURY,16,SITKA
2008-07-25T02:27:22,249053000,58.28565,-134.3998667,0,135.8,6.7,135,9106302,9HJG9,CELEBRITY MERCURY,16,SITKA
2008-07-25T02:27:17,249053000,58.2859,-134.4002667,0,0.0,0.0,0,9106302,9HJG9,CELEBRITY MERCURY,16,SITKA
2008-07-25T02:27:12,249053000,58.2859,-134.4002667,0,139.7,6.7,138,9106302,9HJG9,CELEBRITY MERCURY,16,JUNEAU
2008-07-25T02:27:02,249053000,58.2861,-134.4006167,5,142.7,6.7,141,9106302,9HJG9,CELEBRITY MERCURY,16,JUNEAU
2008-07-25T02:26:51,249053000,58.28636667,-134.4010333,5,145.7,6.7,144,9106302,9HJG9,CELEBRITY MERCURY,16,JUNEAU
2008-07-25T02:26:41,249053000,58.28665,-134.4014,5,149.7,6.6,147,9106302,9HJG9,CELEBRITY MERCURY,16,JUNEAU
2008-07-25T02:26:32,249053000,58.2869,-134.4016833,5,151.7,6.6,150,9106302,9HJG9,CELEBRITY MERCURY,16,JUNEAU
2008-07-25T02:26:22,249053000,58.2872,-134.402,5,154.7,6.5,153,9106302,9HJG9,CELEBRITY MERCURY,16,JUNEAU
2008-07-25T02:26:11,249053000,58.28745,-134.4022667,5,157.7,6.5,155,9106302,9HJG9,CELEBRITY MERCURY,16,JUNEAU
2008-07-25T02:26:02,249053000,58.28771667,-134.40245,5,160.7,6.4,158,9106302,9HJG9,CELEBRITY MERCURY,16,JUNEAU
2008-07-25T02:25:51,249053000,58.28803333,-134.4026667,5,163.6,6.4,161,9106302,9HJG9,CELEBRITY MERCURY,16,JUNEAU
2008-07-25T02:25:41,249053000,58.2883,-134.4028333,5,164.8,6.3,163,9106302,9HJG9,CELEBRITY MERCURY,16,JUNEAU
2008-07-25T02:25:32,249053000,58.28868333,-134.4030333,5,166.8,6.2,165,9106302,9HJG9,CELEBRITY MERCURY,16,JUNEAU
2008-07-25T02:25:21,249053000,58.2889,-134.4031333,5,168.9,6.0,167,9106302,9HJG9,CELEBRITY MERCURY,16,JUNEAU
2008-07-25T02:25:12,249053000,58.28913333,-134.4032167,5,169.9,6.0,169,9106302,9HJG9,CELEBRITY MERCURY,16,JUNEAU
2008-07-25T02:25:02,249053000,58.28938333,-134.4033167,5,171.9,5.9,171,9106302,9HJG9,CELEBRITY MERCURY,16,JUNEAU
2008-07-25T02:24:51,249053000,58.28968333,-134.4033833,5,173.9,5.8,173,9106302,9HJG9,CELEBRITY MERCURY,16,JUNEAU
2008-07-25T02:24:41,249053000,58.28998333,-134.40345,5,175.0,5.7,174,9106302,9HJG9,CELEBRITY MERCURY,16,JUNEAU
2008-07-25T02:24:32,249053000,58.29021667,-134.4034833,5,175.0,5.6,175,9106302,9HJG9,CELEBRITY MERCURY,16,JUNEAU
2008-07-25T02:24:21,249053000,58.2905,-134.4035333,5,178.0,5.5,177,9106302,9HJG9,CELEBRITY MERCURY,16,JUNEAU
2008-07-25T02:24:12,249053000,58.29076667,-134.40355,5,178.0,5.3,178,9106302,9HJG9,CELEBRITY MERCURY,16,JUNEAU
2008-07-25T02:24:01,249053000,58.29106667,-134.4035833,5,179.0,5.2,179,9106302,9HJG9,CELEBRITY MERCURY,16,JUNEAU
2008-07-25T02:23:51,249053000,58.29126667,-134.4035833,5,181.1,5.0,180,9106302,9HJG9,CELEBRITY MERCURY,16,JUNEAU
2008-07-25T02:23:45,249053000,58.2915,-134.4035833,0,0.0,0.0,0,9106302,9HJG9,CELEBRITY MERCURY,16,JUNEAU
2008-07-25T02:23:41,249053000,58.2915,-134.4035833,5,180.0,4.9,180,9106302,9HJG9,CELEBRITY MERCURY,16,JUNEAU
2008-07-25T02:23:32,249053000,58.29173333,-134.4035833,5,180.0,4.7,180,9106302,9HJG9,CELEBRITY MERCURY,16,JUNEAU
2008-07-25T02:23:21,249053000,58.29195,-134.4035833,5,182.4,4.6,180,9106302,9HJG9,CELEBRITY MERCURY,16,JUNEAU
2008-07-25T02:23:12,249053000,58.29215,-134.4035667,5,180.3,4.3,179,9106302,9HJG9,CELEBRITY MERCURY,16,JUNEAU
2008-07-25T02:23:01,249053000,58.29238333,-134.4035667,5,180.4,4.0,179,9106302,9HJG9,CELEBRITY MERCURY,16,JUNEAU
2008-07-25T02:22:51,249053000,58.29253333,-134.40355,5,182.0,3.7,179,9106302,9HJG9,CELEBRITY MERCURY,16,JUNEAU
2008-07-25T02:22:41,249053000,58.29275,-134.40355,5,179.6,3.5,178,9106302,9HJG9,CELEBRITY MERCURY,16,JUNEAU
2008-07-25T02:22:32,249053000,58.29288333,-134.4035667,5,178.7,3.3,177,9106302,9HJG9,CELEBRITY MERCURY,16,JUNEAU
2008-07-25T02:22:21,249053000,58.29306667,-134.4035667,5,180.8,3.0,177,9106302,9HJG9,CELEBRITY MERCURY,16,JUNEAU
2008-07-25T02:22:12,249053000,58.29321667,-134.4035667,5,180.0,2.8,176,9106302,9HJG9,CELEBRITY MERCURY,16,JUNEAU
2008-07-25T02:22:01,249053000,58.29335,-134.4035667,5,182.1,2.4,175,9106302,9HJG9,CELEBRITY MERCURY,16,JUNEAU
2008-07-25T02:21:51,249053000,58.29345,-134.4035667,5,179.1,2.2,174,9106302,9HJG9,CELEBRITY MERCURY,16,JUNEAU
2008-07-25T02:21:41,249053000,58.29358333,-134.4035667,5,175.8,2.0,174,9106302,9HJG9,CELEBRITY MERCURY,16,JUNEAU
2008-07-25T02:21:32,249053000,58.29366667,-134.4035667,5,176.1,1.8,173,9106302,9HJG9,CELEBRITY MERCURY,16,JUNEAU
2008-07-25T02:21:21,249053000,58.29378333,-134.4035833,5,176.3,1.7,173,9106302,9HJG9,CELEBRITY MERCURY,16,JUNEAU
2008-07-25T02:21:11,249053000,58.29385,-134.4036,5,176.5,1.6,173,9106302,9HJG9,CELEBRITY MERCURY,16,JUNEAU
2008-07-25T02:21:01,249053000,58.29393333,-134.4036,5,184.3,1.5,173,9106302,9HJG9,CELEBRITY MERCURY,16,JUNEAU
2008-07-25T02:20:51,249053000,58.294,-134.4036,5,190.1,1.4,173,9106302,9HJG9,CELEBRITY MERCURY,16,JUNEAU
2008-07-25T02:20:41,249053000,58.29408333,-134.4035833,5,198.5,1.3,172,9106302,9HJG9,CELEBRITY MERCURY,16,JUNEAU
2008-07-25T02:20:32,249053000,58.29413333,-134.40355,5,211.2,1.4,172,9106302,9HJG9,CELEBRITY MERCURY,16,JUNEAU
2008-07-25T02:20:21,249053000,58.29421667,-134.4034667,5,220.7,1.4,170,9106302,9HJG9,CELEBRITY MERCURY,16,JUNEAU
2008-07-25T02:20:11,249053000,58.29426667,-134.4034,5,225.3,1.4,169,9106302,9HJG9,CELEBRITY MERCURY,16,JUNEAU
2008-07-25T02:20:01,249053000,58.29433333,-134.4033,5,227.6,1.5,166,9106302,9HJG9,CELEBRITY MERCURY,16,JUNEAU
2008-07-25T02:18:08,249053000,58.29461667,-134.4023333,5,238.0,0.9,148,9106302,9HJG9,CELEBRITY MERCURY,16,JUNEAU
2008-07-25T02:17:46,249053000,58.29496667,-134.4014833,0,0.0,0.0,0,9106302,9HJG9,CELEBRITY MERCURY,16,JUNEAU
2008-07-25T02:15:07,249053000,58.29496667,-134.4014833,5,229.0,0.4,139,9106302,9HJG9,CELEBRITY MERCURY,16,JUNEAU
2008-07-25T02:12:08,249053000,58.2952,-134.4012667,5,215.5,0.6,144,9106302,9HJG9,CELEBRITY MERCURY,16,JUNEAU
2008-07-25T02:11:42,249053000,58.29543333,-134.4007667,0,0.0,0.0,0,9106302,9HJG9,CELEBRITY MERCURY,16,JUNEAU
2008-07-25T02:09:04,249053000,58.29543333,-134.4007667,5,204.4,0.4,141,9106302,9HJG9,CELEBRITY MERCURY,16,JUNEAU
2008-07-25T02:06:04,249053000,58.29558333,-134.4007833,5,139.0,0.0,139,9106302,9HJG9,CELEBRITY MERCURY,16,JUNEAU
2008-07-25T02:05:44,249053000,58.2956,-134.4007667,0,0.0,0.0,0,9106302,9HJG9,CELEBRITY MERCURY,16,JUNEAU
2008-07-25T02:03:01,249053000,58.2956,-134.4007667,5,139.0,0.0,139,9106302,9HJG9,CELEBRITY MERCURY,16,JUNEAU
2008-07-25T02:00:00,249053000,58.2956,-134.4007833,5,139.0,0.0,139,9106302,9HJG9,CELEBRITY MERCURY,16,JUNEAU
2008-07-25T01:59:42,249053000,58.29558333,-134.4007833,0,0.0,0.0,0,9106302,9HJG9,CELEBRITY MERCURY,16,JUNEAU
2008-07-25T01:57:02,249053000,58.29558333,-134.4007833,5,139.0,0.0,139,9106302,9HJG9,CELEBRITY MERCURY,16,JUNEAU
2008-07-25T01:53:58,249053000,58.29556667,-134.4007667,5,139.0,0.0,139,9106302,9HJG9,CELEBRITY MERCURY,16,JUNEAU
2008-07-25T01:53:43,249053000,58.29556667,-134.4007333,0,0.0,0.0,0,9106302,9HJG9,CELEBRITY MERCURY,16,JUNEAU
2008-07-25T01:50:56,249053000,58.29556667,-134.4007333,5,139.0,0.0,139,9106302,9HJG9,CELEBRITY MERCURY,16,JUNEAU
2008-07-25T01:47:57,249053000,58.29558333,-134.40075,5,139.0,0.0,139,9106302,9HJG9,CELEBRITY MERCURY,16,JUNEAU
2008-07-25T01:47:43,249053000,58.29558333,-134.40075,0,0.0,0.0,0,9106302,9HJG9,CELEBRITY MERCURY,16,JUNEAU
2008-07-25T01:44:55,249053000,58.29558333,-134.40075,5,139.0,0.0,139,9106302,9HJG9,CELEBRITY MERCURY,16,JUNEAU
2008-07-25T01:41:53,249053000,58.29556667,-134.4007167,5,139.0,0.0,139,9106302,9HJG9,CELEBRITY MERCURY,16,JUNEAU
2008-07-25T01:41:44,249053000,58.29556667,-134.4007333,0,0.0,0.0,0,9106302,9HJG9,CELEBRITY MERCURY,16,JUNEAU
2008-07-25T01:38:51,249053000,58.29556667,-134.4007333,5,139.0,0.0,139,9106302,9HJG9,CELEBRITY MERCURY,16,JUNEAU
2008-07-25T01:35:53,249053000,58.29553333,-134.4007167,5,139.0,0.0,139,9106302,9HJG9,CELEBRITY MERCURY,16,JUNEAU
2008-07-25T01:35:39,249053000,58.29553333,-134.4007167,0,0.0,0.0,0,9106302,9HJG9,CELEBRITY MERCURY,16,JUNEAU
2008-07-25T01:32:51,249053000,58.29553333,-134.4007167,5,139.0,0.0,139,9106302,9HJG9,CELEBRITY MERCURY,16,JUNEAU
2008-07-25T01:29:50,249053000,58.29553333,-134.4007333,5,139.0,0.0,139,9106302,9HJG9,CELEBRITY MERCURY,16,JUNEAU
2008-07-25T01:29:42,249053000,58.29556667,-134.4007333,0,0.0,0.0,0,9106302,9HJG9,CELEBRITY MERCURY,16,JUNEAU
2008-07-25T01:26:47,249053000,58.29556667,-134.4007333,5,139.0,0.0,139,9106302,9HJG9,CELEBRITY MERCURY,16,JUNEAU
2008-07-25T01:23:45,249053000,58.29555,-134.4007333,5,139.0,0.0,139,9106302,9HJG9,CELEBRITY MERCURY,16,JUNEAU
2008-07-25T01:23:41,249053000,58.29555,-134.40075,0,0.0,0.0,0,9106302,9HJG9,CELEBRITY MERCURY,16,JUNEAU
2008-07-25T01:20:44,249053000,58.29555,-134.40075,5,139.0,0.0,139,9106302,9HJG9,CELEBRITY MERCURY,16,JUNEAU
2008-07-25T01:17:42,249053000,58.29558333,-134.4007333,5,139.0,0.0,139,9106302,9HJG9,CELEBRITY MERCURY,16,JUNEAU
2008-07-25T01:17:40,249053000,58.29556667,-134.4008,0,0.0,0.0,0,9106302,9HJG9,CELEBRITY MERCURY,16,JUNEAU
2008-07-25T01:14:42,249053000,58.29556667,-134.4008,5,139.0,0.0,139,9106302,9HJG9,CELEBRITY MERCURY,16,JUNEAU
2008-07-25T01:11:40,249053000,58.29556667,-134.4007833,5,319.0,0.1,139,9106302,9HJG9,CELEBRITY MERCURY,16,JUNEAU
2008-07-25T01:11:38,249053000,58.29555,-134.4006667,0,0.0,0.0,0,9106302,9HJG9,CELEBRITY MERCURY,16,JUNEAU
2008-07-25T01:08:40,249053000,58.29555,-134.4006667,5,139.0,0.0,139,9106302,9HJG9,CELEBRITY MERCURY,16,JUNEAU
2008-07-25T01:05:38,249053000,58.29553333,-134.4007,5,139.0,0.0,139,9106302,9HJG9,CELEBRITY MERCURY,16,JUNEAU
2008-07-25T01:05:36,249053000,58.29553333,-134.4007167,0,0.0,0.0,0,9106302,9HJG9,CELEBRITY MERCURY,16,JUNEAU
2008-07-25T01:02:38,249053000,58.29553333,-134.4007167,5,139.0,0.0,139,9106302,9HJG9,CELEBRITY MERCURY,16,JUNEAU
2008-07-25T00:59:35,249053000,58.29553333,-134.4007,0,0.0,0.0,0,9106302,9HJG9,CELEBRITY MERCURY,16,JUNEAU
2008-07-25T00:59:34,249053000,58.29553333,-134.4007,5,139.0,0.0,139,9106302,9HJG9,CELEBRITY MERCURY,16,JUNEAU
2008-07-25T00:56:32,249053000,58.29555,-134.4007167,5,139.0,0.0,139,9106302,9HJG9,CELEBRITY MERCURY,16,JUNEAU
2008-07-25T00:53:34,249053000,58.29555,-134.4007167,0,0.0,0.0,0,9106302,9HJG9,CELEBRITY MERCURY,16,JUNEAU
2008-07-25T00:53:33,249053000,58.29555,-134.4007167,5,139.0,0.0,139,9106302,9HJG9,CELEBRITY MERCURY,16,JUNEAU
2008-07-25T00:50:31,249053000,58.29553333,-134.4007,5,139.0,0.0,139,9106302,9HJG9,CELEBRITY MERCURY,16,JUNEAU
2008-07-25T00:47:36,249053000,58.29553333,-134.4006833,0,0.0,0.0,0,9106302,9HJG9,CELEBRITY MERCURY,16,JUNEAU
2008-07-25T00:47:30,249053000,58.29553333,-134.4006833,5,139.0,0.0,139,9106302,9HJG9,CELEBRITY MERCURY,16,JUNEAU
2008-07-25T00:44:29,249053000,58.29553333,-134.40075,5,139.0,0.0,139,9106302,9HJG9,CELEBRITY MERCURY,16,JUNEAU
2008-07-25T00:41:39,249053000,58.29553333,-134.4007,0,0.0,0.0,0,9106302,9HJG9,CELEBRITY MERCURY,16,JUNEAU
2008-07-25T00:41:26,249053000,58.29553333,-134.4007,5,139.0,0.0,139,9106302,9HJG9,CELEBRITY MERCURY,16,JUNEAU
2008-07-25T00:38:28,249053000,58.29553333,-134.4007,5,139.0,0.0,139,9106302,9HJG9,CELEBRITY MERCURY,16,JUNEAU
2008-07-25T00:35:35,249053000,58.29555,-134.4006833,0,0.0,0.0,0,9106302,9HJG9,CELEBRITY MERCURY,16,JUNEAU
2008-07-25T00:35:25,249053000,58.29555,-134.4006833,5,139.0,0.0,139,9106302,9HJG9,CELEBRITY MERCURY,16,JUNEAU
2008-07-25T00:32:24,249053000,58.29556667,-134.4007,5,139.0,0.0,139,9106302,9HJG9,CELEBRITY MERCURY,16,JUNEAU
2008-07-25T00:29:37,249053000,58.29556667,-134.4007167,0,0.0,0.0,0,9106302,9HJG9,CELEBRITY MERCURY,16,JUNEAU
2008-07-25T00:29:22,249053000,58.29556667,-134.4007167,5,139.0,0.0,139,9106302,9HJG9,CELEBRITY MERCURY,16,JUNEAU
2008-07-25T00:26:20,249053000,58.29555,-134.4007167,5,139.0,0.0,139,9106302,9HJG9,CELEBRITY MERCURY,16,JUNEAU
2008-07-25T00:23:32,249053000,58.29555,-134.4007167,0,0.0,0.0,0,9106302,9HJG9,CELEBRITY MERCURY,16,JUNEAU
2008-07-25T00:23:17,249053000,58.29555,-134.4007167,5,139.0,0.0,139,9106302,9HJG9,CELEBRITY MERCURY,16,JUNEAU
2008-07-25T00:20:19,249053000,58.29555,-134.4007,5,139.0,0.0,139,9106302,9HJG9,CELEBRITY MERCURY,16,JUNEAU
2008-07-25T00:17:36,249053000,58.29555,-134.4007333,0,0.0,0.0,0,9106302,9HJG9,CELEBRITY MERCURY,16,JUNEAU
2008-07-25T00:17:17,249053000,58.29555,-134.4007333,5,139.0,0.0,139,9106302,9HJG9,CELEBRITY MERCURY,16,JUNEAU
2008-07-25T00:14:15,249053000,58.29553333,-134.4007833,5,139.0,0.0,139,9106302,9HJG9,CELEBRITY MERCURY,16,JUNEAU
2008-07-25T00:11:31,249053000,58.29553333,-134.4007833,0,0.0,0.0,0,9106302,9HJG9,CELEBRITY MERCURY,16,JUNEAU
2008-07-25T00:11:16,249053000,58.29553333,-134.4007833,5,139.0,0.0,139,9106302,9HJG9,CELEBRITY MERCURY,16,JUNEAU
2008-07-25T00:08:15,249053000,58.29553333,-134.4008,5,229.0,0.1,139,9106302,9HJG9,CELEBRITY MERCURY,16,JUNEAU
2008-07-25T00:05:31,249053000,58.29556667,-134.4007667,0,0.0,0.0,0,9106302,9HJG9,CELEBRITY MERCURY,16,JUNEAU
2008-07-25T00:05:10,249053000,58.29556667,-134.4007667,5,139.0,0.0,139,9106302,9HJG9,CELEBRITY MERCURY,16,JUNEAU
2008-07-25T00:02:11,249053000,58.29555,-134.4008,5,49.0,0.1,139,9106302,9HJG9,CELEBRITY MERCURY,16,JUNEAU
