bs_ts,mmsi,name,destination,lat,lon,heading,cog,sog,nav_status,imo,callsign
2008-05-19T23:59:50,310405000,SAPPHIRE PRINCESS,JUNEAU,55.53969833,-132.1566083,314,313.6,17.2,0,9228186,ZCDG7
2008-05-19T23:59:38,310405000,SAPPHIRE PRINCESS,JUNEAU,55.53898833,-132.1552983,313,312.6,17.2,0,9228186,ZCDG7
2008-05-19T23:59:32,310405000,SAPPHIRE PRINCESS,JUNEAU,55.53866333,-132.154675,313,313.0,17.2,0,9228186,ZCDG7
2008-05-19T23:59:26,310405000,SAPPHIRE PRINCESS,JUNEAU,55.538345,-132.154075,312,312.0,17.2,0,9228186,ZCDG7
2008-05-19T23:59:14,310405000,SAPPHIRE PRINCESS,JUNEAU,55.53771333,-132.1528233,311,310.6,17.3,0,9228186,ZCDG7
2008-05-19T23:59:13,310405000,SAPPHIRE PRINCESS,JUNEAU,55.53709333,-132.15155,0,0.0,0.0,0,9228186,ZCDG7
2008-05-19T23:59:01,310405000,SAPPHIRE PRINCESS,JUNEAU,55.53709333,-132.15155,310,309.6,17.3,0,9228186,ZCDG7
2008-05-19T23:58:50,310405000,SAPPHIRE PRINCESS,JUNEAU,55.53648167,-132.150255,310,309.3,17.3,0,9228186,ZCDG7
2008-05-19T23:58:38,310405000,SAPPHIRE PRINCESS,JUNEAU,55.53582833,-132.1488517,310,309.6,17.3,0,9228186,ZCDG7
2008-05-19T23:58:32,310405000,SAPPHIRE PRINCESS,JUNEAU,55.53551667,-132.1481933,310,308.6,17.3,0,9228186,ZCDG7
2008-05-19T23:58:26,310405000,SAPPHIRE PRINCESS,JUNEAU,55.53522167,-132.1475433,310,309.3,17.3,0,9228186,ZCDG7
2008-05-19T23:58:14,310405000,SAPPHIRE PRINCESS,JUNEAU,55.53467167,-132.146345,309,308.3,17.3,0,9228186,ZCDG7
2008-05-19T23:58:01,310405000,SAPPHIRE PRINCESS,JUNEAU,55.53404,-132.14491,308,307.3,17.3,0,9228186,ZCDG7
2008-05-19T23:57:50,310405000,SAPPHIRE PRINCESS,JUNEAU,55.53350667,-132.1436767,307,306.6,17.3,0,9228186,ZCDG7
2008-05-19T23:57:38,310405000,SAPPHIRE PRINCESS,JUNEAU,55.53294,-132.1423167,306,306.0,17.4,0,9228186,ZCDG7
2008-05-19T23:57:32,310405000,SAPPHIRE PRINCESS,JUNEAU,55.53261167,-132.1415117,305,305.0,17.4,0,9228186,ZCDG7
2008-05-19T23:57:26,310405000,SAPPHIRE PRINCESS,JUNEAU,55.53233833,-132.1408317,305,305.0,17.3,0,9228186,ZCDG7
2008-05-19T23:57:14,310405000,SAPPHIRE PRINCESS,JUNEAU,55.53178833,-132.1394583,305,305.0,17.3,0,9228186,ZCDG7
2008-05-19T23:57:01,310405000,SAPPHIRE PRINCESS,JUNEAU,55.53124,-132.1380783,305,305.0,17.3,0,9228186,ZCDG7
2008-05-19T23:56:50,310405000,SAPPHIRE PRINCESS,JUNEAU,55.53069,-132.136695,305,305.0,17.3,0,9228186,ZCDG7
2008-05-19T23:56:38,310405000,SAPPHIRE PRINCESS,JUNEAU,55.53013833,-132.135315,305,305.0,17.3,0,9228186,ZCDG7
2008-05-19T23:56:32,310405000,SAPPHIRE PRINCESS,JUNEAU,55.52981333,-132.1345033,305,305.0,17.2,0,9228186,ZCDG7
2008-05-19T23:56:26,310405000,SAPPHIRE PRINCESS,JUNEAU,55.52959167,-132.1339433,305,305.0,17.2,0,9228186,ZCDG7
2008-05-19T23:56:14,310405000,SAPPHIRE PRINCESS,JUNEAU,55.52904333,-132.1325733,305,305.3,17.2,0,9228186,ZCDG7
2008-05-19T23:56:02,310405000,SAPPHIRE PRINCESS,JUNEAU,55.52849667,-132.1312133,305,305.0,17.2,0,9228186,ZCDG7
2008-05-19T23:55:50,310405000,SAPPHIRE PRINCESS,JUNEAU,55.52794667,-132.1298467,305,305.0,17.2,0,9228186,ZCDG7
2008-05-19T23:55:38,310405000,SAPPHIRE PRINCESS,JUNEAU,55.52739833,-132.1284867,305,305.0,17.1,0,9228186,ZCDG7
2008-05-19T23:55:32,310405000,SAPPHIRE PRINCESS,JUNEAU,55.52708167,-132.1277067,305,305.0,17.1,0,9228186,ZCDG7
2008-05-19T23:55:26,310405000,SAPPHIRE PRINCESS,JUNEAU,55.52680833,-132.12703,305,305.0,17.1,0,9228186,ZCDG7
2008-05-19T23:55:14,310405000,SAPPHIRE PRINCESS,JUNEAU,55.52626333,-132.1256783,305,305.0,17.1,0,9228186,ZCDG7
2008-05-19T23:55:02,310405000,SAPPHIRE PRINCESS,JUNEAU,55.52576,-132.1244317,305,305.0,17.0,0,9228186,ZCDG7
2008-05-19T23:54:50,310405000,SAPPHIRE PRINCESS,JUNEAU,55.52517667,-132.1229717,305,305.0,17.0,0,9228186,ZCDG7
2008-05-19T23:54:38,310405000,SAPPHIRE PRINCESS,JUNEAU,55.52463667,-132.1216183,305,304.6,17.0,0,9228186,ZCDG7
2008-05-19T23:54:32,310405000,SAPPHIRE PRINCESS,JUNEAU,55.52441333,-132.1210567,305,304.6,17.0,0,9228186,ZCDG7
2008-05-19T23:54:26,310405000,SAPPHIRE PRINCESS,JUNEAU,55.5241,-132.1202683,305,305.0,17.0,0,9228186,ZCDG7
2008-05-19T23:54:14,310405000,SAPPHIRE PRINCESS,JUNEAU,55.52356167,-132.1189233,305,305.0,16.9,0,9228186,ZCDG7
2008-05-19T23:54:02,310405000,SAPPHIRE PRINCESS,JUNEAU,55.52302833,-132.1175883,305,305.0,16.9,0,9228186,ZCDG7
2008-05-19T23:53:50,310405000,SAPPHIRE PRINCESS,JUNEAU,55.52249,-132.1162533,305,305.0,16.9,0,9228186,ZCDG7
2008-05-19T23:53:38,310405000,SAPPHIRE PRINCESS,JUNEAU,55.52195833,-132.1149133,305,305.0,16.8,0,9228186,ZCDG7
2008-05-19T23:53:32,310405000,SAPPHIRE PRINCESS,JUNEAU,55.521645,-132.11413,305,305.0,16.8,0,9228186,ZCDG7
2008-05-19T23:53:26,310405000,SAPPHIRE PRINCESS,JUNEAU,55.52137667,-132.1134567,305,305.0,16.8,0,9228186,ZCDG7
2008-05-19T23:53:14,310405000,SAPPHIRE PRINCESS,JUNEAU,55.52084667,-132.1121167,305,305.0,16.8,0,9228186,ZCDG7
2008-05-19T23:53:09,310405000,SAPPHIRE PRINCESS,JUNEAU,55.52035333,-132.1108817,0,0.0,0.0,0,9228186,ZCDG7
2008-05-19T23:53:02,310405000,SAPPHIRE PRINCESS,JUNEAU,55.52035333,-132.1108817,305,304.6,16.8,0,9228186,ZCDG7
2008-05-19T23:52:50,310405000,SAPPHIRE PRINCESS,JUNEAU,55.51982167,-132.109545,305,305.0,16.8,0,9228186,ZCDG7
2008-05-19T23:52:38,310405000,SAPPHIRE PRINCESS,JUNEAU,55.51928833,-132.1082133,305,305.0,16.8,0,9228186,ZCDG7
2008-05-19T23:52:32,310405000,SAPPHIRE PRINCESS,JUNEAU,55.519025,-132.107555,305,304.6,16.8,0,9228186,ZCDG7
2008-05-19T23:52:26,310405000,SAPPHIRE PRINCESS,JUNEAU,55.518715,-132.1067717,305,305.0,16.8,0,9228186,ZCDG7
2008-05-19T23:52:14,310405000,SAPPHIRE PRINCESS,JUNEAU,55.518185,-132.1054417,305,305.0,16.8,0,9228186,ZCDG7
2008-05-19T23:52:02,310405000,SAPPHIRE PRINCESS,JUNEAU,55.51765333,-132.104115,305,305.0,16.7,0,9228186,ZCDG7
2008-05-19T23:51:50,310405000,SAPPHIRE PRINCESS,JUNEAU,55.517125,-132.1027883,305,305.0,16.7,0,9228186,ZCDG7
2008-05-19T23:51:38,310405000,SAPPHIRE PRINCESS,JUNEAU,55.516635,-132.1015683,305,305.0,16.7,0,9228186,ZCDG7
2008-05-19T23:51:32,310405000,SAPPHIRE PRINCESS,JUNEAU,55.516375,-132.10092,306,306.0,16.7,0,9228186,ZCDG7
2008-05-19T23:51:26,310405000,SAPPHIRE PRINCESS,JUNEAU,55.51606667,-132.1001517,306,306.0,16.7,0,9228186,ZCDG7
2008-05-19T23:51:14,310405000,SAPPHIRE PRINCESS,JUNEAU,55.51553333,-132.0988383,305,304.6,16.7,0,9228186,ZCDG7
2008-05-19T23:51:01,310405000,SAPPHIRE PRINCESS,JUNEAU,55.51495667,-132.097405,305,305.0,16.7,0,9228186,ZCDG7
2008-05-19T23:50:50,310405000,SAPPHIRE PRINCESS,JUNEAU,55.51447,-132.0961817,305,305.0,16.6,0,9228186,ZCDG7
2008-05-19T23:50:38,310405000,SAPPHIRE PRINCESS,JUNEAU,55.51394333,-132.09486,305,305.0,16.6,0,9228186,ZCDG7
2008-05-19T23:50:32,310405000,SAPPHIRE PRINCESS,JUNEAU,55.51368333,-132.0942083,305,305.0,16.7,0,9228186,ZCDG7
2008-05-19T23:50:26,310405000,SAPPHIRE PRINCESS,JUNEAU,55.51337667,-132.09344,305,305.0,16.6,0,9228186,ZCDG7
2008-05-19T23:50:14,310405000,SAPPHIRE PRINCESS,JUNEAU,55.512855,-132.0921183,305,305.0,16.6,0,9228186,ZCDG7
2008-05-19T23:50:01,310405000,SAPPHIRE PRINCESS,JUNEAU,55.51233,-132.090805,305,304.6,16.6,0,9228186,ZCDG7
2008-05-19T23:49:50,310405000,SAPPHIRE PRINCESS,JUNEAU,55.51181,-132.089475,305,305.0,16.6,0,9228186,ZCDG7
2008-05-19T23:49:38,310405000,SAPPHIRE PRINCESS,JUNEAU,55.51132167,-132.0882567,305,304.6,16.6,0,9228186,ZCDG7
2008-05-19T23:49:32,310405000,SAPPHIRE PRINCESS,JUNEAU,55.51101833,-132.087495,305,304.6,16.6,0,9228186,ZCDG7
2008-05-19T23:49:26,310405000,SAPPHIRE PRINCESS,JUNEAU,55.51076,-132.086835,305,305.0,16.6,0,9228186,ZCDG7
2008-05-19T23:49:14,310405000,SAPPHIRE PRINCESS,JUNEAU,55.51023667,-132.0855217,305,305.0,16.6,0,9228186,ZCDG7
2008-05-19T23:49:01,310405000,SAPPHIRE PRINCESS,JUNEAU,55.509665,-132.08408,305,305.0,16.7,0,9228186,ZCDG7
2008-05-19T23:48:50,310405000,SAPPHIRE PRINCESS,JUNEAU,55.50922667,-132.08298,305,305.0,16.7,0,9228186,ZCDG7
2008-05-19T23:48:37,310405000,SAPPHIRE PRINCESS,JUNEAU,55.50860833,-132.0814383,305,305.0,16.7,0,9228186,ZCDG7
2008-05-19T23:48:32,310405000,SAPPHIRE PRINCESS,JUNEAU,55.508385,-132.0808883,305,305.0,16.7,0,9228186,ZCDG7
2008-05-19T23:48:26,310405000,SAPPHIRE PRINCESS,JUNEAU,55.50811667,-132.0802183,306,306.0,16.7,0,9228186,ZCDG7
2008-05-19T23:48:14,310405000,SAPPHIRE PRINCESS,JUNEAU,55.507585,-132.078895,306,306.0,16.7,0,9228186,ZCDG7
2008-05-19T23:48:01,310405000,SAPPHIRE PRINCESS,JUNEAU,55.50701333,-132.0774817,306,306.0,16.7,0,9228186,ZCDG7
2008-05-19T23:47:50,310405000,SAPPHIRE PRINCESS,JUNEAU,55.50651833,-132.076265,306,305.0,16.7,0,9228186,ZCDG7
2008-05-19T23:47:37,310405000,SAPPHIRE PRINCESS,JUNEAU,55.50590167,-132.0747333,305,305.3,16.7,0,9228186,ZCDG7
2008-05-19T23:47:32,310405000,SAPPHIRE PRINCESS,JUNEAU,55.50568167,-132.0741833,305,305.3,16.7,0,9228186,ZCDG7
2008-05-19T23:47:26,310405000,SAPPHIRE PRINCESS,JUNEAU,55.50541333,-132.0735233,305,305.3,16.7,0,9228186,ZCDG7
2008-05-19T23:47:14,310405000,SAPPHIRE PRINCESS,JUNEAU,55.504925,-132.0722967,305,305.3,16.7,0,9228186,ZCDG7
2008-05-19T23:47:10,310405000,SAPPHIRE PRINCESS,JUNEAU,55.504305,-132.0707617,0,0.0,0.0,0,9228186,ZCDG7
2008-05-19T23:47:01,310405000,SAPPHIRE PRINCESS,JUNEAU,55.504305,-132.0707617,305,305.3,16.7,0,9228186,ZCDG7
2008-05-19T23:46:50,310405000,SAPPHIRE PRINCESS,JUNEAU,55.50385833,-132.06965,305,305.3,16.8,0,9228186,ZCDG7
2008-05-19T23:46:37,310405000,SAPPHIRE PRINCESS,JUNEAU,55.50323833,-132.0681233,305,305.3,16.7,0,9228186,ZCDG7
2008-05-19T23:46:31,310405000,SAPPHIRE PRINCESS,JUNEAU,55.50297,-132.0674633,305,305.3,16.8,0,9228186,ZCDG7
2008-05-19T23:46:26,310405000,SAPPHIRE PRINCESS,JUNEAU,55.50274167,-132.066905,305,305.3,16.8,0,9228186,ZCDG7
2008-05-19T23:46:14,310405000,SAPPHIRE PRINCESS,JUNEAU,55.50220333,-132.065585,305,305.3,16.8,0,9228186,ZCDG7
2008-05-19T23:46:01,310405000,SAPPHIRE PRINCESS,JUNEAU,55.50162333,-132.0641567,305,305.6,16.8,0,9228186,ZCDG7
2008-05-19T23:45:50,310405000,SAPPHIRE PRINCESS,JUNEAU,55.501085,-132.0628367,305,305.6,16.8,0,9228186,ZCDG7
2008-05-19T23:45:37,310405000,SAPPHIRE PRINCESS,JUNEAU,55.50054167,-132.0615067,305,305.6,16.8,0,9228186,ZCDG7
2008-05-19T23:45:31,310405000,SAPPHIRE PRINCESS,JUNEAU,55.50022333,-132.06073,305,305.6,16.8,0,9228186,ZCDG7
2008-05-19T23:45:26,310405000,SAPPHIRE PRINCESS,JUNEAU,55.50000333,-132.0601917,305,305.6,16.8,0,9228186,ZCDG7
2008-05-19T23:45:14,310405000,SAPPHIRE PRINCESS,JUNEAU,55.49950333,-132.0589667,305,305.6,16.8,0,9228186,ZCDG7
2008-05-19T23:45:01,310405000,SAPPHIRE PRINCESS,JUNEAU,55.49892333,-132.05755,305,305.6,16.8,0,9228186,ZCDG7
2008-05-19T23:44:50,310405000,SAPPHIRE PRINCESS,JUNEAU,55.498425,-132.0563283,305,306.0,16.8,0,9228186,ZCDG7
2008-05-19T23:44:37,310405000,SAPPHIRE PRINCESS,JUNEAU,55.4978,-132.0548083,305,305.6,16.8,0,9228186,ZCDG7
2008-05-19T23:44:31,310405000,SAPPHIRE PRINCESS,JUNEAU,55.49752833,-132.0541383,305,305.6,16.8,0,9228186,ZCDG7
2008-05-19T23:44:26,310405000,SAPPHIRE PRINCESS,JUNEAU,55.49730667,-132.0536017,305,305.6,16.8,0,9228186,ZCDG7
2008-05-19T23:44:14,310405000,SAPPHIRE PRINCESS,JUNEAU,55.49676167,-132.0522733,305,305.6,16.8,0,9228186,ZCDG7
2008-05-19T23:44:01,310405000,SAPPHIRE PRINCESS,JUNEAU,55.496185,-132.0508483,305,305.6,16.8,0,9228186,ZCDG7
2008-05-19T23:43:50,310405000,SAPPHIRE PRINCESS,JUNEAU,55.49568667,-132.0496333,305,305.6,16.8,0,9228186,ZCDG7
2008-05-19T23:43:37,310405000,SAPPHIRE PRINCESS,JUNEAU,55.49511,-132.0482117,305,305.6,16.8,0,9228186,ZCDG7
2008-05-19T23:43:31,310405000,SAPPHIRE PRINCESS,JUNEAU,55.49484,-132.0475533,305,305.6,16.8,0,9228186,ZCDG7
2008-05-19T23:43:26,310405000,SAPPHIRE PRINCESS,JUNEAU,55.49461167,-132.0469967,305,305.3,16.8,0,9228186,ZCDG7
2008-05-19T23:43:14,310405000,SAPPHIRE PRINCESS,JUNEAU,55.49407167,-132.0456683,305,305.6,16.8,0,9228186,ZCDG7
2008-05-19T23:43:01,310405000,SAPPHIRE PRINCESS,JUNEAU,55.493495,-132.0442483,305,305.3,16.8,0,9228186,ZCDG7
2008-05-19T23:42:50,310405000,SAPPHIRE PRINCESS,JUNEAU,55.49296,-132.0429283,305,305.3,16.8,0,9228186,ZCDG7
2008-05-19T23:42:37,310405000,SAPPHIRE PRINCESS,JUNEAU,55.49238,-132.0414883,305,305.3,16.8,0,9228186,ZCDG7
2008-05-19T23:42:31,310405000,SAPPHIRE PRINCESS,JUNEAU,55.49210167,-132.0408017,305,305.3,16.8,0,9228186,ZCDG7
2008-05-19T23:42:26,310405000,SAPPHIRE PRINCESS,JUNEAU,55.49192333,-132.040365,305,305.3,16.8,0,9228186,ZCDG7
2008-05-19T23:42:14,310405000,SAPPHIRE PRINCESS,JUNEAU,55.491345,-132.0389383,305,305.3,16.8,0,9228186,ZCDG7
2008-05-19T23:42:01,310405000,SAPPHIRE PRINCESS,JUNEAU,55.490805,-132.0376017,305,305.6,16.8,0,9228186,ZCDG7
2008-05-19T23:41:50,310405000,SAPPHIRE PRINCESS,JUNEAU,55.49022833,-132.0361733,305,305.3,16.8,0,9228186,ZCDG7
2008-05-19T23:41:37,310405000,SAPPHIRE PRINCESS,JUNEAU,55.48969,-132.0348333,305,305.3,16.8,0,9228186,ZCDG7
2008-05-19T23:41:32,310405000,SAPPHIRE PRINCESS,JUNEAU,55.48947333,-132.0342933,305,305.3,16.8,0,9228186,ZCDG7
2008-05-19T23:41:26,310405000,SAPPHIRE PRINCESS,JUNEAU,55.4892,-132.0336167,305,305.3,16.8,0,9228186,ZCDG7
2008-05-19T23:41:13,310405000,SAPPHIRE PRINCESS,JUNEAU,55.48861833,-132.0321767,305,305.0,16.8,0,9228186,ZCDG7
2008-05-19T23:41:09,310405000,SAPPHIRE PRINCESS,JUNEAU,55.48808667,-132.0308633,0,0.0,0.0,0,9228186,ZCDG7
2008-05-19T23:41:01,310405000,SAPPHIRE PRINCESS,JUNEAU,55.48808667,-132.0308633,306,306.0,16.8,0,9228186,ZCDG7
2008-05-19T23:40:50,310405000,SAPPHIRE PRINCESS,JUNEAU,55.48754333,-132.02952,306,305.6,16.8,0,9228186,ZCDG7
2008-05-19T23:40:37,310405000,SAPPHIRE PRINCESS,JUNEAU,55.48701167,-132.0282083,306,305.6,16.8,0,9228186,ZCDG7
2008-05-19T23:40:32,310405000,SAPPHIRE PRINCESS,JUNEAU,55.48674333,-132.0275433,305,304.6,16.8,0,9228186,ZCDG7
2008-05-19T23:40:26,310405000,SAPPHIRE PRINCESS,JUNEAU,55.48651667,-132.0269733,305,304.6,16.8,0,9228186,ZCDG7
2008-05-19T23:40:13,310405000,SAPPHIRE PRINCESS,JUNEAU,55.485945,-132.0255383,305,304.6,16.8,0,9228186,ZCDG7
2008-05-19T23:40:01,310405000,SAPPHIRE PRINCESS,JUNEAU,55.48541,-132.0241983,305,304.6,16.8,0,9228186,ZCDG7
2008-05-19T23:39:50,310405000,SAPPHIRE PRINCESS,JUNEAU,55.484885,-132.02288,305,304.6,16.7,0,9228186,ZCDG7
2008-05-19T23:39:38,310405000,SAPPHIRE PRINCESS,JUNEAU,55.48435167,-132.0215417,305,304.6,16.8,0,9228186,ZCDG7
2008-05-19T23:39:32,310405000,SAPPHIRE PRINCESS,JUNEAU,55.48409333,-132.02089,305,304.6,16.8,0,9228186,ZCDG7
2008-05-19T23:39:26,310405000,SAPPHIRE PRINCESS,JUNEAU,55.48382833,-132.020225,305,304.6,16.8,0,9228186,ZCDG7
2008-05-19T23:39:13,310405000,SAPPHIRE PRINCESS,JUNEAU,55.483295,-132.0188783,305,304.6,16.8,0,9228186,ZCDG7
2008-05-19T23:39:01,310405000,SAPPHIRE PRINCESS,JUNEAU,55.48272833,-132.017435,305,304.6,16.8,0,9228186,ZCDG7
2008-05-19T23:38:50,310405000,SAPPHIRE PRINCESS,JUNEAU,55.48219833,-132.016085,305,305.0,16.8,0,9228186,ZCDG7
2008-05-19T23:38:38,310405000,SAPPHIRE PRINCESS,JUNEAU,55.48167333,-132.01476,305,304.6,16.8,0,9228186,ZCDG7
2008-05-19T23:38:32,310405000,SAPPHIRE PRINCESS,JUNEAU,55.48145333,-132.0142033,305,304.6,16.8,0,9228186,ZCDG7
2008-05-19T23:38:26,310405000,SAPPHIRE PRINCESS,JUNEAU,55.48118667,-132.0135283,305,304.6,16.8,0,9228186,ZCDG7
2008-05-19T23:38:13,310405000,SAPPHIRE PRINCESS,JUNEAU,55.480615,-132.012095,305,304.6,16.8,0,9228186,ZCDG7
2008-05-19T23:38:01,310405000,SAPPHIRE PRINCESS,JUNEAU,55.480085,-132.010755,305,304.6,16.7,0,9228186,ZCDG7
2008-05-19T23:37:50,310405000,SAPPHIRE PRINCESS,JUNEAU,55.47960167,-132.0095333,305,304.6,16.7,0,9228186,ZCDG7
2008-05-19T23:37:38,310405000,SAPPHIRE PRINCESS,JUNEAU,55.47903,-132.0080883,305,304.3,16.7,0,9228186,ZCDG7
2008-05-19T23:37:32,310405000,SAPPHIRE PRINCESS,JUNEAU,55.47877333,-132.0074383,305,304.3,16.7,0,9228186,ZCDG7
2008-05-19T23:37:26,310405000,SAPPHIRE PRINCESS,JUNEAU,55.47855,-132.0068717,305,304.3,16.7,0,9228186,ZCDG7
2008-05-19T23:37:13,310405000,SAPPHIRE PRINCESS,JUNEAU,55.47798833,-132.00543,305,303.9,16.7,0,9228186,ZCDG7
2008-05-19T23:37:01,310405000,SAPPHIRE PRINCESS,JUNEAU,55.477475,-132.004105,305,304.6,16.6,0,9228186,ZCDG7
2008-05-19T23:36:50,310405000,SAPPHIRE PRINCESS,JUNEAU,55.47691333,-132.0026667,305,303.6,16.7,0,9228186,ZCDG7
2008-05-19T23:36:38,310405000,SAPPHIRE PRINCESS,JUNEAU,55.476445,-132.0014267,305,304.6,16.6,0,9228186,ZCDG7
2008-05-19T23:36:32,310405000,SAPPHIRE PRINCESS,JUNEAU,55.47619,-132.0007767,305,303.9,16.6,0,9228186,ZCDG7
2008-05-19T23:36:26,310405000,SAPPHIRE PRINCESS,JUNEAU,55.47593167,-132.000095,305,303.6,16.6,0,9228186,ZCDG7
2008-05-19T23:36:13,310405000,SAPPHIRE PRINCESS,JUNEAU,55.47538667,-131.9986533,305,304.3,16.6,0,9228186,ZCDG7
2008-05-19T23:36:02,310405000,SAPPHIRE PRINCESS,JUNEAU,55.47492167,-131.997415,304,302.6,16.6,0,9228186,ZCDG7
2008-05-19T23:35:50,310405000,SAPPHIRE PRINCESS,JUNEAU,55.474385,-131.99596,304,302.6,16.6,0,9228186,ZCDG7
2008-05-19T23:35:38,310405000,SAPPHIRE PRINCESS,JUNEAU,55.47389667,-131.99459,303,301.2,16.6,0,9228186,ZCDG7
2008-05-19T23:35:31,310405000,SAPPHIRE PRINCESS,JUNEAU,55.47366,-131.9939217,303,301.6,16.6,0,9228186,ZCDG7
2008-05-19T23:35:26,310405000,SAPPHIRE PRINCESS,JUNEAU,55.473455,-131.99334,303,301.2,16.6,0,9228186,ZCDG7
2008-05-19T23:35:13,310405000,SAPPHIRE PRINCESS,JUNEAU,55.47294667,-131.9918533,303,300.2,16.6,0,9228186,ZCDG7
2008-05-19T23:35:09,310405000,SAPPHIRE PRINCESS,JUNEAU,55.47248333,-131.99048,0,0.0,0.0,0,9228186,ZCDG7
2008-05-19T23:35:02,310405000,SAPPHIRE PRINCESS,JUNEAU,55.47248333,-131.99048,302,299.9,16.6,0,9228186,ZCDG7
2008-05-19T23:34:50,310405000,SAPPHIRE PRINCESS,JUNEAU,55.47202667,-131.9890717,301,298.9,16.6,0,9228186,ZCDG7
2008-05-19T23:34:37,310405000,SAPPHIRE PRINCESS,JUNEAU,55.47155333,-131.9875633,300,297.5,16.6,0,9228186,ZCDG7
2008-05-19T23:34:31,310405000,SAPPHIRE PRINCESS,JUNEAU,55.47134167,-131.9868517,300,296.9,16.6,0,9228186,ZCDG7
2008-05-19T23:34:27,310405000,SAPPHIRE PRINCESS,JUNEAU,55.4712,-131.9863767,299,296.9,16.6,0,9228186,ZCDG7
2008-05-19T23:34:13,310405000,SAPPHIRE PRINCESS,JUNEAU,55.470715,-131.984695,298,295.5,16.6,0,9228186,ZCDG7
2008-05-19T23:34:02,310405000,SAPPHIRE PRINCESS,JUNEAU,55.47032,-131.98324,297,295.2,16.6,0,9228186,ZCDG7
2008-05-19T23:33:50,310405000,SAPPHIRE PRINCESS,JUNEAU,55.46996167,-131.9818933,296,293.9,16.6,0,9228186,ZCDG7
2008-05-19T23:33:37,310405000,SAPPHIRE PRINCESS,JUNEAU,55.46956667,-131.9803083,295,293.6,16.6,0,9228186,ZCDG7
2008-05-19T23:33:31,310405000,SAPPHIRE PRINCESS,JUNEAU,55.46937833,-131.97957,295,292.9,16.6,0,9228186,ZCDG7
2008-05-19T23:33:27,310405000,SAPPHIRE PRINCESS,JUNEAU,55.46922667,-131.97894,295,292.9,16.6,0,9228186,ZCDG7
2008-05-19T23:33:13,310405000,SAPPHIRE PRINCESS,JUNEAU,55.46884,-131.977335,295,292.9,16.6,0,9228186,ZCDG7
2008-05-19T23:33:02,310405000,SAPPHIRE PRINCESS,JUNEAU,55.468515,-131.9759733,295,293.2,16.6,0,9228186,ZCDG7
2008-05-19T23:32:50,310405000,SAPPHIRE PRINCESS,JUNEAU,55.46812833,-131.9743767,295,292.5,16.6,0,9228186,ZCDG7
2008-05-19T23:32:37,310405000,SAPPHIRE PRINCESS,JUNEAU,55.46775667,-131.9727683,294,292.2,16.6,0,9228186,ZCDG7
2008-05-19T23:32:31,310405000,SAPPHIRE PRINCESS,JUNEAU,55.46757833,-131.9720167,294,291.5,16.6,0,9228186,ZCDG7
2008-05-19T23:32:27,310405000,SAPPHIRE PRINCESS,JUNEAU,55.46746167,-131.971515,294,291.5,16.6,0,9228186,ZCDG7
2008-05-19T23:32:13,310405000,SAPPHIRE PRINCESS,JUNEAU,55.46707,-131.9697833,294,291.5,16.6,0,9228186,ZCDG7
2008-05-19T23:32:02,310405000,SAPPHIRE PRINCESS,JUNEAU,55.46676,-131.9684,294,291.5,16.6,0,9228186,ZCDG7
2008-05-19T23:31:50,310405000,SAPPHIRE PRINCESS,JUNEAU,55.46643167,-131.9669083,293,290.5,16.5,0,9228186,ZCDG7
2008-05-19T23:31:37,310405000,SAPPHIRE PRINCESS,JUNEAU,55.46608333,-131.9652683,292,289.2,16.5,0,9228186,ZCDG7
2008-05-19T23:31:32,310405000,SAPPHIRE PRINCESS,JUNEAU,55.46595833,-131.964655,292,289.5,16.5,0,9228186,ZCDG7
2008-05-19T23:31:27,310405000,SAPPHIRE PRINCESS,JUNEAU,55.46583333,-131.9640283,292,289.5,16.5,0,9228186,ZCDG7
2008-05-19T23:31:13,310405000,SAPPHIRE PRINCESS,JUNEAU,55.46548667,-131.96225,291,288.2,16.5,0,9228186,ZCDG7
2008-05-19T23:31:02,310405000,SAPPHIRE PRINCESS,JUNEAU,55.46523,-131.9608533,290,287.5,16.5,0,9228186,ZCDG7
2008-05-19T23:30:50,310405000,SAPPHIRE PRINCESS,JUNEAU,55.46493833,-131.959195,289,286.2,16.5,0,9228186,ZCDG7
2008-05-19T23:30:37,310405000,SAPPHIRE PRINCESS,JUNEAU,55.46467,-131.9575483,288,284.9,16.5,0,9228186,ZCDG7
2008-05-19T23:30:32,310405000,SAPPHIRE PRINCESS,JUNEAU,55.46456833,-131.95692,287,284.5,16.5,0,9228186,ZCDG7
2008-05-19T23:30:26,310405000,SAPPHIRE PRINCESS,JUNEAU,55.46446333,-131.9562433,287,284.5,16.5,0,9228186,ZCDG7
2008-05-19T23:30:13,310405000,SAPPHIRE PRINCESS,JUNEAU,55.46422333,-131.954575,286,284.2,16.5,0,9228186,ZCDG7
2008-05-19T23:30:02,310405000,SAPPHIRE PRINCESS,JUNEAU,55.464005,-131.9530183,286,283.5,16.5,0,9228186,ZCDG7
2008-05-19T23:29:50,310405000,SAPPHIRE PRINCESS,JUNEAU,55.46379667,-131.9514617,286,283.9,16.5,0,9228186,ZCDG7
2008-05-19T23:29:37,310405000,SAPPHIRE PRINCESS,JUNEAU,55.46356667,-131.9497967,286,283.5,16.5,0,9228186,ZCDG7
2008-05-19T23:29:32,310405000,SAPPHIRE PRINCESS,JUNEAU,55.46348,-131.9491517,286,283.5,16.5,0,9228186,ZCDG7
2008-05-19T23:29:26,310405000,SAPPHIRE PRINCESS,JUNEAU,55.46337333,-131.9483567,286,283.5,16.5,0,9228186,ZCDG7
2008-05-19T23:29:13,310405000,SAPPHIRE PRINCESS,JUNEAU,55.46314667,-131.9466717,286,283.5,16.5,0,9228186,ZCDG7
2008-05-19T23:29:08,310405000,SAPPHIRE PRINCESS,JUNEAU,55.46296,-131.9452467,0,0.0,0.0,0,9228186,ZCDG7
2008-05-19T23:29:02,310405000,SAPPHIRE PRINCESS,JUNEAU,55.46296,-131.9452467,285,282.5,16.5,0,9228186,ZCDG7
2008-05-19T23:28:50,310405000,SAPPHIRE PRINCESS,JUNEAU,55.46274,-131.9435283,285,282.2,16.5,0,9228186,ZCDG7
2008-05-19T23:28:37,310405000,SAPPHIRE PRINCESS,JUNEAU,55.46255333,-131.9419783,285,282.5,16.5,0,9228186,ZCDG7
2008-05-19T23:28:32,310405000,SAPPHIRE PRINCESS,JUNEAU,55.462475,-131.9413433,285,282.2,16.5,0,9228186,ZCDG7
2008-05-19T23:28:26,310405000,SAPPHIRE PRINCESS,JUNEAU,55.46238,-131.94056,284,281.2,16.5,0,9228186,ZCDG7
2008-05-19T23:28:13,310405000,SAPPHIRE PRINCESS,JUNEAU,55.46218167,-131.9388467,284,281.2,16.5,0,9228186,ZCDG7
2008-05-19T23:28:01,310405000,SAPPHIRE PRINCESS,JUNEAU,55.46200333,-131.937265,283,279.8,16.5,0,9228186,ZCDG7
2008-05-19T23:27:50,310405000,SAPPHIRE PRINCESS,JUNEAU,55.46184167,-131.9357,282,279.5,16.6,0,9228186,ZCDG7
2008-05-19T23:27:37,310405000,SAPPHIRE PRINCESS,JUNEAU,55.46167667,-131.9339967,281,278.2,16.6,0,9228186,ZCDG7
2008-05-19T23:27:32,310405000,SAPPHIRE PRINCESS,JUNEAU,55.46161833,-131.9333383,281,278.5,16.6,0,9228186,ZCDG7
2008-05-19T23:27:26,310405000,SAPPHIRE PRINCESS,JUNEAU,55.46156167,-131.9326767,281,278.5,16.6,0,9228186,ZCDG7
2008-05-19T23:27:13,310405000,SAPPHIRE PRINCESS,JUNEAU,55.46140833,-131.93082,281,278.5,16.6,0,9228186,ZCDG7
2008-05-19T23:27:01,310405000,SAPPHIRE PRINCESS,JUNEAU,55.46128167,-131.9292167,281,278.5,16.6,0,9228186,ZCDG7
2008-05-19T23:26:50,310405000,SAPPHIRE PRINCESS,JUNEAU,55.46115,-131.9276067,281,278.5,16.6,0,9228186,ZCDG7
2008-05-19T23:26:38,310405000,SAPPHIRE PRINCESS,JUNEAU,55.461035,-131.926175,280,277.5,16.6,0,9228186,ZCDG7
2008-05-19T23:26:32,310405000,SAPPHIRE PRINCESS,JUNEAU,55.46097333,-131.92538,280,277.5,16.6,0,9228186,ZCDG7
2008-05-19T23:26:26,310405000,SAPPHIRE PRINCESS,JUNEAU,55.46090667,-131.924585,280,277.5,16.6,0,9228186,ZCDG7
2008-05-19T23:26:14,310405000,SAPPHIRE PRINCESS,JUNEAU,55.46077833,-131.92299,280,277.5,16.6,0,9228186,ZCDG7
2008-05-19T23:26:01,310405000,SAPPHIRE PRINCESS,JUNEAU,55.46062833,-131.921135,280,277.9,16.6,0,9228186,ZCDG7
2008-05-19T23:25:50,310405000,SAPPHIRE PRINCESS,JUNEAU,55.46051167,-131.9196617,281,278.5,16.6,0,9228186,ZCDG7
2008-05-19T23:25:38,310405000,SAPPHIRE PRINCESS,JUNEAU,55.46038,-131.9180683,281,278.5,16.6,0,9228186,ZCDG7
2008-05-19T23:25:32,310405000,SAPPHIRE PRINCESS,JUNEAU,55.460315,-131.9172883,281,278.5,16.6,0,9228186,ZCDG7
2008-05-19T23:25:26,310405000,SAPPHIRE PRINCESS,JUNEAU,55.46026,-131.9166267,281,278.5,16.6,0,9228186,ZCDG7
2008-05-19T23:25:14,310405000,SAPPHIRE PRINCESS,JUNEAU,55.460115,-131.91487,280,277.9,16.6,0,9228186,ZCDG7
2008-05-19T23:25:01,310405000,SAPPHIRE PRINCESS,JUNEAU,55.459975,-131.9131683,281,278.5,16.6,0,9228186,ZCDG7
2008-05-19T23:24:50,310405000,SAPPHIRE PRINCESS,JUNEAU,55.45984167,-131.9115767,281,278.5,16.6,0,9228186,ZCDG7
2008-05-19T23:24:38,310405000,SAPPHIRE PRINCESS,JUNEAU,55.45972333,-131.9101167,280,277.9,16.6,0,9228186,ZCDG7
2008-05-19T23:24:32,310405000,SAPPHIRE PRINCESS,JUNEAU,55.45965833,-131.9093183,280,277.9,16.6,0,9228186,ZCDG7
2008-05-19T23:24:26,310405000,SAPPHIRE PRINCESS,JUNEAU,55.45959167,-131.9085233,280,277.5,16.6,0,9228186,ZCDG7
2008-05-19T23:24:14,310405000,SAPPHIRE PRINCESS,JUNEAU,55.45946167,-131.9069317,280,277.9,16.6,0,9228186,ZCDG7
2008-05-19T23:24:01,310405000,SAPPHIRE PRINCESS,JUNEAU,55.45931833,-131.9051817,280,278.2,16.6,0,9228186,ZCDG7
2008-05-19T23:23:50,310405000,SAPPHIRE PRINCESS,JUNEAU,55.459185,-131.903585,280,277.9,16.6,0,9228186,ZCDG7
2008-05-19T23:23:38,310405000,SAPPHIRE PRINCESS,JUNEAU,55.459055,-131.9019933,280,278.6,16.6,0,9228186,ZCDG7
2008-05-19T23:23:32,310405000,SAPPHIRE PRINCESS,JUNEAU,55.45899833,-131.9013467,280,278.2,16.6,0,9228186,ZCDG7
2008-05-19T23:23:26,310405000,SAPPHIRE PRINCESS,JUNEAU,55.45891667,-131.900415,280,278.2,16.6,0,9228186,ZCDG7
2008-05-19T23:23:14,310405000,SAPPHIRE PRINCESS,JUNEAU,55.45877833,-131.8988267,280,278.6,16.5,0,9228186,ZCDG7
2008-05-19T23:23:09,310405000,SAPPHIRE PRINCESS,JUNEAU,55.458625,-131.897125,0,0.0,0.0,0,9228186,ZCDG7
2008-05-19T23:23:01,310405000,SAPPHIRE PRINCESS,JUNEAU,55.458625,-131.897125,281,279.9,16.5,0,9228186,ZCDG7
2008-05-19T23:22:50,310405000,SAPPHIRE PRINCESS,JUNEAU,55.45848667,-131.895665,282,280.9,16.5,0,9228186,ZCDG7
2008-05-19T23:22:38,310405000,SAPPHIRE PRINCESS,JUNEAU,55.45832,-131.894085,283,282.3,16.5,0,9228186,ZCDG7
2008-05-19T23:22:32,310405000,SAPPHIRE PRINCESS,JUNEAU,55.45823167,-131.89331,283,281.9,16.5,0,9228186,ZCDG7
2008-05-19T23:22:26,310405000,SAPPHIRE PRINCESS,JUNEAU,55.458135,-131.89251,284,283.3,16.5,0,9228186,ZCDG7
2008-05-19T23:22:14,310405000,SAPPHIRE PRINCESS,JUNEAU,55.45793333,-131.8909483,285,284.3,16.5,0,9228186,ZCDG7
2008-05-19T23:22:01,310405000,SAPPHIRE PRINCESS,JUNEAU,55.45771667,-131.88941,286,285.3,16.5,0,9228186,ZCDG7
2008-05-19T23:21:49,310405000,SAPPHIRE PRINCESS,JUNEAU,55.457455,-131.887725,287,286.3,16.5,0,9228186,ZCDG7
2008-05-19T23:21:38,310405000,SAPPHIRE PRINCESS,JUNEAU,55.45719833,-131.8861867,288,287.6,16.5,0,9228186,ZCDG7
2008-05-19T23:21:32,310405000,SAPPHIRE PRINCESS,JUNEAU,55.45708667,-131.8855617,289,288.6,16.5,0,9228186,ZCDG7
2008-05-19T23:21:26,310405000,SAPPHIRE PRINCESS,JUNEAU,55.456945,-131.8847983,289,288.6,16.5,0,9228186,ZCDG7
2008-05-19T23:21:14,310405000,SAPPHIRE PRINCESS,JUNEAU,55.456655,-131.8832933,290,289.6,16.5,0,9228186,ZCDG7
2008-05-19T23:21:01,310405000,SAPPHIRE PRINCESS,JUNEAU,55.456315,-131.8816567,292,292.0,16.5,0,9228186,ZCDG7
2008-05-19T23:20:50,310405000,SAPPHIRE PRINCESS,JUNEAU,55.45598167,-131.8801633,293,293.0,16.5,0,9228186,ZCDG7
2008-05-19T23:20:38,310405000,SAPPHIRE PRINCESS,JUNEAU,55.45563667,-131.87869,294,294.0,16.5,0,9228186,ZCDG7
2008-05-19T23:20:32,310405000,SAPPHIRE PRINCESS,JUNEAU,55.45546333,-131.8779883,294,294.0,16.5,0,9228186,ZCDG7
2008-05-19T23:20:26,310405000,SAPPHIRE PRINCESS,JUNEAU,55.455275,-131.8772467,295,295.0,16.5,0,9228186,ZCDG7
2008-05-19T23:20:14,310405000,SAPPHIRE PRINCESS,JUNEAU,55.45489167,-131.8757917,296,296.3,16.5,0,9228186,ZCDG7
2008-05-19T23:20:01,310405000,SAPPHIRE PRINCESS,JUNEAU,55.45449167,-131.8743517,297,297.3,16.5,0,9228186,ZCDG7
2008-05-19T23:19:50,310405000,SAPPHIRE PRINCESS,JUNEAU,55.45403667,-131.8728017,298,298.3,16.5,0,9228186,ZCDG7
2008-05-19T23:19:38,310405000,SAPPHIRE PRINCESS,JUNEAU,55.45364,-131.8715117,299,299.3,16.6,0,9228186,ZCDG7
2008-05-19T23:19:32,310405000,SAPPHIRE PRINCESS,JUNEAU,55.45342167,-131.8708283,300,300.3,16.6,0,9228186,ZCDG7
2008-05-19T23:19:26,310405000,SAPPHIRE PRINCESS,JUNEAU,55.45318833,-131.8701133,301,301.3,16.6,0,9228186,ZCDG7
2008-05-19T23:19:14,310405000,SAPPHIRE PRINCESS,JUNEAU,55.45271667,-131.8687217,302,302.6,16.6,0,9228186,ZCDG7
2008-05-19T23:19:01,310405000,SAPPHIRE PRINCESS,JUNEAU,55.45223,-131.86736,303,303.0,16.6,0,9228186,ZCDG7
2008-05-19T23:18:50,310405000,SAPPHIRE PRINCESS,JUNEAU,55.451695,-131.8659033,304,304.3,16.6,0,9228186,ZCDG7
2008-05-19T23:18:38,310405000,SAPPHIRE PRINCESS,JUNEAU,55.45117667,-131.8645717,305,305.0,16.6,0,9228186,ZCDG7
2008-05-19T23:18:32,310405000,SAPPHIRE PRINCESS,JUNEAU,55.450955,-131.864015,305,305.0,16.6,0,9228186,ZCDG7
2008-05-19T23:18:26,310405000,SAPPHIRE PRINCESS,JUNEAU,55.45069167,-131.8633567,305,305.0,16.6,0,9228186,ZCDG7
2008-05-19T23:18:14,310405000,SAPPHIRE PRINCESS,JUNEAU,55.45016333,-131.8620417,305,305.3,16.6,0,9228186,ZCDG7
2008-05-19T23:18:01,310405000,SAPPHIRE PRINCESS,JUNEAU,55.44959333,-131.8606217,305,305.3,16.6,0,9228186,ZCDG7
2008-05-19T23:17:49,310405000,SAPPHIRE PRINCESS,JUNEAU,55.44906167,-131.8593117,305,305.3,16.6,0,9228186,ZCDG7
2008-05-19T23:17:37,310405000,SAPPHIRE PRINCESS,JUNEAU,55.448485,-131.8578867,305,305.3,16.5,0,9228186,ZCDG7
2008-05-19T23:17:32,310405000,SAPPHIRE PRINCESS,JUNEAU,55.44827167,-131.8573583,305,305.6,16.6,0,9228186,ZCDG7
2008-05-19T23:17:26,310405000,SAPPHIRE PRINCESS,JUNEAU,55.44799833,-131.8567017,306,306.3,16.5,0,9228186,ZCDG7
2008-05-19T23:17:13,310405000,SAPPHIRE PRINCESS,JUNEAU,55.44746833,-131.8554017,306,306.3,16.5,0,9228186,ZCDG7
2008-05-19T23:17:06,310405000,SAPPHIRE PRINCESS,JUNEAU,55.44692333,-131.854115,0,0.0,0.0,0,9228186,ZCDG7
2008-05-19T23:17:01,310405000,SAPPHIRE PRINCESS,JUNEAU,55.44692333,-131.854115,307,307.3,16.5,0,9228186,ZCDG7
2008-05-19T23:16:49,310405000,SAPPHIRE PRINCESS,JUNEAU,55.44636833,-131.8528417,309,309.0,16.5,0,9228186,ZCDG7
2008-05-19T23:16:37,310405000,SAPPHIRE PRINCESS,JUNEAU,55.44575167,-131.85149,310,309.6,16.5,0,9228186,ZCDG7
2008-05-19T23:16:32,310405000,SAPPHIRE PRINCESS,JUNEAU,55.44551333,-131.8509817,310,309.6,16.5,0,9228186,ZCDG7
2008-05-19T23:16:26,310405000,SAPPHIRE PRINCESS,JUNEAU,55.44521667,-131.8503467,310,309.6,16.5,0,9228186,ZCDG7
2008-05-19T23:16:13,310405000,SAPPHIRE PRINCESS,JUNEAU,55.44458667,-131.849025,310,309.6,16.4,0,9228186,ZCDG7
2008-05-19T23:16:01,310405000,SAPPHIRE PRINCESS,JUNEAU,55.444005,-131.847805,310,309.6,16.4,0,9228186,ZCDG7
2008-05-19T23:15:49,310405000,SAPPHIRE PRINCESS,JUNEAU,55.44342667,-131.8465817,310,309.6,16.4,0,9228186,ZCDG7
2008-05-19T23:15:37,310405000,SAPPHIRE PRINCESS,JUNEAU,55.4428,-131.8452617,310,309.6,16.4,0,9228186,ZCDG7
2008-05-19T23:15:32,310405000,SAPPHIRE PRINCESS,JUNEAU,55.44256833,-131.84477,310,309.6,16.4,0,9228186,ZCDG7
2008-05-19T23:15:26,310405000,SAPPHIRE PRINCESS,JUNEAU,55.442275,-131.8441517,310,310.0,16.4,0,9228186,ZCDG7
2008-05-19T23:15:13,310405000,SAPPHIRE PRINCESS,JUNEAU,55.44169667,-131.84294,310,309.6,16.4,0,9228186,ZCDG7
2008-05-19T23:15:01,310405000,SAPPHIRE PRINCESS,JUNEAU,55.44111667,-131.8417217,310,310.0,16.4,0,9228186,ZCDG7
2008-05-19T23:14:49,310405000,SAPPHIRE PRINCESS,JUNEAU,55.44053167,-131.8405067,310,310.0,16.4,0,9228186,ZCDG7
2008-05-19T23:14:37,310405000,SAPPHIRE PRINCESS,JUNEAU,55.43989833,-131.8391833,310,310.0,16.4,0,9228186,ZCDG7
2008-05-19T23:14:32,310405000,SAPPHIRE PRINCESS,JUNEAU,55.43966333,-131.8386917,310,310.0,16.4,0,9228186,ZCDG7
2008-05-19T23:14:26,310405000,SAPPHIRE PRINCESS,JUNEAU,55.43936333,-131.8380733,310,310.0,16.3,0,9228186,ZCDG7
2008-05-19T23:14:13,310405000,SAPPHIRE PRINCESS,JUNEAU,55.438785,-131.8368717,310,310.3,16.3,0,9228186,ZCDG7
2008-05-19T23:14:01,310405000,SAPPHIRE PRINCESS,JUNEAU,55.438205,-131.83567,310,310.3,16.3,0,9228186,ZCDG7
2008-05-19T23:13:49,310405000,SAPPHIRE PRINCESS,JUNEAU,55.43757333,-131.8343667,310,310.0,16.3,0,9228186,ZCDG7
2008-05-19T23:13:37,310405000,SAPPHIRE PRINCESS,JUNEAU,55.43699333,-131.833165,310,310.3,16.3,0,9228186,ZCDG7
2008-05-19T23:13:32,310405000,SAPPHIRE PRINCESS,JUNEAU,55.436705,-131.832575,310,310.3,16.3,0,9228186,ZCDG7
2008-05-19T23:13:26,310405000,SAPPHIRE PRINCESS,JUNEAU,55.43641,-131.8319683,310,310.0,16.2,0,9228186,ZCDG7
2008-05-19T23:13:13,310405000,SAPPHIRE PRINCESS,JUNEAU,55.43583,-131.8307717,310,310.3,16.2,0,9228186,ZCDG7
2008-05-19T23:13:01,310405000,SAPPHIRE PRINCESS,JUNEAU,55.43524667,-131.8295783,310,310.3,16.2,0,9228186,ZCDG7
2008-05-19T23:12:49,310405000,SAPPHIRE PRINCESS,JUNEAU,55.434665,-131.82838,310,310.7,16.2,0,9228186,ZCDG7
2008-05-19T23:12:37,310405000,SAPPHIRE PRINCESS,JUNEAU,55.43408667,-131.8271933,310,310.7,16.1,0,9228186,ZCDG7
2008-05-19T23:12:32,310405000,SAPPHIRE PRINCESS,JUNEAU,55.43380167,-131.8266083,310,310.7,16.1,0,9228186,ZCDG7
2008-05-19T23:12:26,310405000,SAPPHIRE PRINCESS,JUNEAU,55.43350333,-131.8260067,310,310.7,16.1,0,9228186,ZCDG7
2008-05-19T23:12:14,310405000,SAPPHIRE PRINCESS,JUNEAU,55.43292167,-131.824825,310,310.7,16.1,0,9228186,ZCDG7
2008-05-19T23:12:01,310405000,SAPPHIRE PRINCESS,JUNEAU,55.432345,-131.82365,310,310.7,16.0,0,9228186,ZCDG7
2008-05-19T23:11:49,310405000,SAPPHIRE PRINCESS,JUNEAU,55.431765,-131.8224783,310,311.0,16.0,0,9228186,ZCDG7
2008-05-19T23:11:37,310405000,SAPPHIRE PRINCESS,JUNEAU,55.43118667,-131.821315,310,310.7,15.9,0,9228186,ZCDG7
2008-05-19T23:11:32,310405000,SAPPHIRE PRINCESS,JUNEAU,55.43086,-131.8206483,310,311.0,15.8,0,9228186,ZCDG7
2008-05-19T23:11:26,310405000,SAPPHIRE PRINCESS,JUNEAU,55.430565,-131.820065,310,311.0,15.7,0,9228186,ZCDG7
2008-05-19T23:11:13,310405000,SAPPHIRE PRINCESS,JUNEAU,55.43,-131.8189183,310,311.1,15.6,0,9228186,ZCDG7
2008-05-19T23:11:09,310405000,SAPPHIRE PRINCESS,JUNEAU,55.42943333,-131.8177867,0,0.0,0.0,0,9228186,ZCDG7
2008-05-19T23:11:01,310405000,SAPPHIRE PRINCESS,JUNEAU,55.42943333,-131.8177867,310,311.1,15.4,0,9228186,ZCDG7
2008-05-19T23:10:49,310405000,SAPPHIRE PRINCESS,JUNEAU,55.42887833,-131.8166633,310,311.5,15.2,0,9228186,ZCDG7
2008-05-19T23:10:37,310405000,SAPPHIRE PRINCESS,JUNEAU,55.42828,-131.81548,310,310.7,15.1,0,9228186,ZCDG7
2008-05-19T23:10:32,310405000,SAPPHIRE PRINCESS,JUNEAU,55.42805167,-131.815015,310,311.1,15.0,0,9228186,ZCDG7
2008-05-19T23:10:26,310405000,SAPPHIRE PRINCESS,JUNEAU,55.42777667,-131.8144567,310,311.5,14.9,0,9228186,ZCDG7
2008-05-19T23:10:16,310405000,SAPPHIRE PRINCESS,JUNEAU,55.42732667,-131.813575,310,311.1,14.8,0,9228186,ZCDG7
2008-05-19T23:10:13,310405000,SAPPHIRE PRINCESS,JUNEAU,55.427225,-131.8133733,310,311.1,14.8,0,9228186,ZCDG7
2008-05-19T23:10:05,310405000,SAPPHIRE PRINCESS,JUNEAU,55.42687,-131.8126617,310,311.5,14.7,0,9228186,ZCDG7
2008-05-19T23:10:01,310405000,SAPPHIRE PRINCESS,JUNEAU,55.42669167,-131.8123067,310,311.5,14.6,0,9228186,ZCDG7
2008-05-19T23:09:57,310405000,SAPPHIRE PRINCESS,JUNEAU,55.42650833,-131.8119467,310,311.5,14.6,0,9228186,ZCDG7
2008-05-19T23:09:49,310405000,SAPPHIRE PRINCESS,JUNEAU,55.42615667,-131.8112567,310,311.1,14.4,0,9228186,ZCDG7
2008-05-19T23:09:46,310405000,SAPPHIRE PRINCESS,JUNEAU,55.42602333,-131.81099,310,311.1,14.4,0,9228186,ZCDG7
2008-05-19T23:09:37,310405000,SAPPHIRE PRINCESS,JUNEAU,55.42559167,-131.81013,310,311.6,14.3,0,9228186,ZCDG7
2008-05-19T23:09:37,310405000,SAPPHIRE PRINCESS,JUNEAU,55.42559167,-131.81013,310,311.6,14.3,0,9228186,ZCDG7
2008-05-19T23:09:26,310405000,SAPPHIRE PRINCESS,JUNEAU,55.42509667,-131.8091667,310,311.2,14.1,0,9228186,ZCDG7
2008-05-19T23:09:16,310405000,SAPPHIRE PRINCESS,JUNEAU,55.42466833,-131.8083183,310,312.0,14.0,0,9228186,ZCDG7
2008-05-19T23:09:05,310405000,SAPPHIRE PRINCESS,JUNEAU,55.424195,-131.8073917,310,311.6,13.9,0,9228186,ZCDG7
2008-05-19T23:08:57,310405000,SAPPHIRE PRINCESS,JUNEAU,55.42385833,-131.8067317,310,312.0,13.8,0,9228186,ZCDG7
2008-05-19T23:08:45,310405000,SAPPHIRE PRINCESS,JUNEAU,55.42338833,-131.8058267,310,312.1,13.6,0,9228186,ZCDG7
2008-05-19T23:08:37,310405000,SAPPHIRE PRINCESS,JUNEAU,55.42296667,-131.8050117,310,312.5,13.5,0,9228186,ZCDG7
2008-05-19T23:08:26,310405000,SAPPHIRE PRINCESS,JUNEAU,55.4225,-131.804125,311,313.5,13.4,0,9228186,ZCDG7
2008-05-19T23:08:16,310405000,SAPPHIRE PRINCESS,JUNEAU,55.42212833,-131.8034233,311,314.5,13.3,0,9228186,ZCDG7
2008-05-19T23:08:05,310405000,SAPPHIRE PRINCESS,JUNEAU,55.42166,-131.8025633,313,315.1,13.2,0,9228186,ZCDG7
2008-05-19T23:07:57,310405000,SAPPHIRE PRINCESS,JUNEAU,55.42131833,-131.8019567,313,315.1,13.1,0,9228186,ZCDG7
2008-05-19T23:07:45,310405000,SAPPHIRE PRINCESS,JUNEAU,55.42080167,-131.801065,315,317.2,13.0,0,9228186,ZCDG7
2008-05-19T23:07:37,310405000,SAPPHIRE PRINCESS,JUNEAU,55.42045333,-131.800485,315,318.2,13.0,0,9228186,ZCDG7
2008-05-19T23:07:26,310405000,SAPPHIRE PRINCESS,JUNEAU,55.41993,-131.799645,317,319.2,12.9,0,9228186,ZCDG7
2008-05-19T23:07:16,310405000,SAPPHIRE PRINCESS,JUNEAU,55.41952667,-131.7990233,318,320.2,12.8,0,9228186,ZCDG7
2008-05-19T23:07:05,310405000,SAPPHIRE PRINCESS,JUNEAU,55.41903833,-131.7982917,319,321.2,12.7,0,9228186,ZCDG7
2008-05-19T23:06:57,310405000,SAPPHIRE PRINCESS,JUNEAU,55.41863,-131.7977017,320,321.8,12.7,0,9228186,ZCDG7
2008-05-19T23:06:45,310405000,SAPPHIRE PRINCESS,JUNEAU,55.41812833,-131.797005,321,323.2,12.6,0,9228186,ZCDG7
2008-05-19T23:06:37,310405000,SAPPHIRE PRINCESS,JUNEAU,55.417715,-131.79645,322,323.8,12.6,0,9228186,ZCDG7
2008-05-19T23:06:26,310405000,SAPPHIRE PRINCESS,JUNEAU,55.41716,-131.7957283,323,324.8,12.5,0,9228186,ZCDG7
2008-05-19T23:06:16,310405000,SAPPHIRE PRINCESS,JUNEAU,55.416735,-131.7951967,324,325.8,12.5,0,9228186,ZCDG7
2008-05-19T23:06:05,310405000,SAPPHIRE PRINCESS,JUNEAU,55.41622,-131.7945717,325,326.8,12.4,0,9228186,ZCDG7
2008-05-19T23:05:57,310405000,SAPPHIRE PRINCESS,JUNEAU,55.41584,-131.7941267,326,327.8,12.4,0,9228186,ZCDG7
2008-05-19T23:05:45,310405000,SAPPHIRE PRINCESS,JUNEAU,55.415265,-131.7934717,327,328.8,12.4,0,9228186,ZCDG7
2008-05-19T23:05:37,310405000,SAPPHIRE PRINCESS,JUNEAU,55.41483,-131.792995,327,329.3,12.4,0,9228186,ZCDG7
2008-05-19T23:05:26,310405000,SAPPHIRE PRINCESS,JUNEAU,55.4143,-131.7924333,329,329.9,12.3,0,9228186,ZCDG7
2008-05-19T23:05:16,310405000,SAPPHIRE PRINCESS,JUNEAU,55.41385667,-131.7919717,329,330.3,12.4,0,9228186,ZCDG7
2008-05-19T23:05:08,310405000,SAPPHIRE PRINCESS,JUNEAU,55.41331333,-131.7914417,0,0.0,0.0,0,9228186,ZCDG7
2008-05-19T23:05:05,310405000,SAPPHIRE PRINCESS,JUNEAU,55.41331333,-131.7914417,331,331.4,12.3,0,9228186,ZCDG7
2008-05-19T23:04:55,310405000,SAPPHIRE PRINCESS,JUNEAU,55.41282333,-131.7909567,331,332.9,12.4,0,9228186,ZCDG7
2008-05-19T23:04:45,310405000,SAPPHIRE PRINCESS,JUNEAU,55.412315,-131.7904883,332,332.4,12.4,0,9228186,ZCDG7
2008-05-19T23:04:35,310405000,SAPPHIRE PRINCESS,JUNEAU,55.41175833,-131.78998,333,333.4,12.4,0,9228186,ZCDG7
2008-05-19T23:04:26,310405000,SAPPHIRE PRINCESS,JUNEAU,55.411305,-131.789585,333,333.9,12.4,0,9228186,ZCDG7
2008-05-19T23:04:16,310405000,SAPPHIRE PRINCESS,JUNEAU,55.41079667,-131.7891467,333,333.4,12.4,0,9228186,ZCDG7
2008-05-19T23:04:05,310405000,SAPPHIRE PRINCESS,JUNEAU,55.41022833,-131.7886567,333,333.9,12.4,0,9228186,ZCDG7
2008-05-19T23:03:55,310405000,SAPPHIRE PRINCESS,JUNEAU,55.40971667,-131.7882167,333,333.9,12.4,0,9228186,ZCDG7
2008-05-19T23:03:45,310405000,SAPPHIRE PRINCESS,JUNEAU,55.40919667,-131.78777,333,333.9,12.4,0,9228186,ZCDG7
2008-05-19T23:03:35,310405000,SAPPHIRE PRINCESS,JUNEAU,55.40869333,-131.7873417,333,333.9,12.4,0,9228186,ZCDG7
2008-05-19T23:03:26,310405000,SAPPHIRE PRINCESS,JUNEAU,55.408235,-131.7869433,333,333.9,12.5,0,9228186,ZCDG7
2008-05-19T23:03:17,310405000,SAPPHIRE PRINCESS,JUNEAU,55.40772333,-131.7865083,333,333.9,12.5,0,9228186,ZCDG7
2008-05-19T23:03:05,310405000,SAPPHIRE PRINCESS,JUNEAU,55.407145,-131.78601,333,333.9,12.4,0,9228186,ZCDG7
2008-05-19T23:02:55,310405000,SAPPHIRE PRINCESS,JUNEAU,55.40664,-131.785575,333,333.9,12.4,0,9228186,ZCDG7
2008-05-19T23:02:45,310405000,SAPPHIRE PRINCESS,JUNEAU,55.40612,-131.78513,333,333.4,12.4,0,9228186,ZCDG7
2008-05-19T23:02:35,310405000,SAPPHIRE PRINCESS,JUNEAU,55.40556167,-131.7846467,333,333.9,12.4,0,9228186,ZCDG7
2008-05-19T23:02:26,310405000,SAPPHIRE PRINCESS,JUNEAU,55.40514833,-131.7842933,333,333.0,12.4,0,9228186,ZCDG7
2008-05-19T23:02:17,310405000,SAPPHIRE PRINCESS,JUNEAU,55.40463667,-131.7838417,333,333.4,12.4,0,9228186,ZCDG7
2008-05-19T23:02:06,310405000,SAPPHIRE PRINCESS,JUNEAU,55.40407833,-131.7833567,333,333.0,12.4,0,9228186,ZCDG7
2008-05-19T23:01:55,310405000,SAPPHIRE PRINCESS,JUNEAU,55.40357833,-131.7829117,333,332.5,12.4,0,9228186,ZCDG7
2008-05-19T23:01:45,310405000,SAPPHIRE PRINCESS,JUNEAU,55.40306833,-131.782455,333,333.0,12.3,0,9228186,ZCDG7
2008-05-19T23:01:35,310405000,SAPPHIRE PRINCESS,JUNEAU,55.40251667,-131.7819617,333,332.0,12.3,0,9228186,ZCDG7
2008-05-19T23:01:26,310405000,SAPPHIRE PRINCESS,JUNEAU,55.402065,-131.7815483,333,332.5,12.3,0,9228186,ZCDG7
2008-05-19T23:01:17,310405000,SAPPHIRE PRINCESS,JUNEAU,55.40156167,-131.7810867,332,331.0,12.3,0,9228186,ZCDG7
2008-05-19T23:01:05,310405000,SAPPHIRE PRINCESS,JUNEAU,55.40100833,-131.7805583,331,330.5,12.4,0,9228186,ZCDG7
2008-05-19T23:00:55,310405000,SAPPHIRE PRINCESS,JUNEAU,55.40051167,-131.780075,330,329.5,12.4,0,9228186,ZCDG7
2008-05-19T23:00:46,310405000,SAPPHIRE PRINCESS,JUNEAU,55.40006833,-131.779625,329,328.5,12.4,0,9228186,ZCDG7
2008-05-19T23:00:35,310405000,SAPPHIRE PRINCESS,JUNEAU,55.39958,-131.7791067,328,327.5,12.4,0,9228186,ZCDG7
2008-05-19T23:00:26,310405000,SAPPHIRE PRINCESS,JUNEAU,55.39910167,-131.7785783,327,326.5,12.4,0,9228186,ZCDG7
2008-05-19T23:00:17,310405000,SAPPHIRE PRINCESS,JUNEAU,55.39861833,-131.778025,326,325.5,12.4,0,9228186,ZCDG7
2008-05-19T23:00:05,310405000,SAPPHIRE PRINCESS,JUNEAU,55.3981,-131.777405,325,324.5,12.4,0,9228186,ZCDG7
2008-05-19T22:59:57,310405000,SAPPHIRE PRINCESS,JUNEAU,55.39768167,-131.776885,324,323.5,12.4,0,9228186,ZCDG7
2008-05-19T22:59:46,310405000,SAPPHIRE PRINCESS,JUNEAU,55.39722333,-131.7762933,323,322.5,12.4,0,9228186,ZCDG7
2008-05-19T22:59:36,310405000,SAPPHIRE PRINCESS,JUNEAU,55.39673333,-131.7756367,322,321.5,12.4,0,9228186,ZCDG7
2008-05-19T22:59:26,310405000,SAPPHIRE PRINCESS,JUNEAU,55.396285,-131.77502,321,320.5,12.3,0,9228186,ZCDG7
2008-05-19T22:59:17,310405000,SAPPHIRE PRINCESS,JUNEAU,55.39589,-131.774455,320,319.5,12.2,0,9228186,ZCDG7
2008-05-19T22:59:09,310405000,SAPPHIRE PRINCESS,JUNEAU,55.39545833,-131.7738217,0,0.0,0.0,0,9228186,ZCDG7
2008-05-19T22:59:07,310405000,SAPPHIRE PRINCESS,JUNEAU,55.39545833,-131.7738217,319,318.5,12.1,0,9228186,ZCDG7
2008-05-19T22:58:57,310405000,SAPPHIRE PRINCESS,JUNEAU,55.39503833,-131.773185,318,317.5,12.0,0,9228186,ZCDG7
2008-05-19T22:58:46,310405000,SAPPHIRE PRINCESS,JUNEAU,55.39462667,-131.7725367,318,318.0,11.9,0,9228186,ZCDG7
2008-05-19T22:58:36,310405000,SAPPHIRE PRINCESS,JUNEAU,55.39421833,-131.771885,317,316.5,11.8,0,9228186,ZCDG7
2008-05-19T22:58:26,310405000,SAPPHIRE PRINCESS,JUNEAU,55.39378833,-131.7711667,316,316.0,11.6,0,9228186,ZCDG7
2008-05-19T22:58:17,310405000,SAPPHIRE PRINCESS,JUNEAU,55.39339833,-131.7705117,315,315.4,11.5,0,9228186,ZCDG7
2008-05-19T22:58:07,310405000,SAPPHIRE PRINCESS,JUNEAU,55.39306667,-131.7699333,314,314.0,11.4,0,9228186,ZCDG7
2008-05-19T22:57:57,310405000,SAPPHIRE PRINCESS,JUNEAU,55.3927,-131.7692733,313,314.5,11.2,0,9228186,ZCDG7
2008-05-19T22:57:46,310405000,SAPPHIRE PRINCESS,JUNEAU,55.392305,-131.768575,312,312.5,11.0,0,9228186,ZCDG7
2008-05-19T22:57:36,310405000,SAPPHIRE PRINCESS,JUNEAU,55.39195667,-131.767915,312,313.5,10.9,0,9228186,ZCDG7
2008-05-19T22:57:26,310405000,SAPPHIRE PRINCESS,JUNEAU,55.39164833,-131.7673367,311,312.0,10.7,0,9228186,ZCDG7
2008-05-19T22:57:16,310405000,SAPPHIRE PRINCESS,JUNEAU,55.39125333,-131.76657,311,311.5,10.5,0,9228186,ZCDG7
2008-05-19T22:57:07,310405000,SAPPHIRE PRINCESS,JUNEAU,55.39095833,-131.7659933,311,312.1,10.4,0,9228186,ZCDG7
2008-05-19T22:56:57,310405000,SAPPHIRE PRINCESS,JUNEAU,55.39064,-131.7653733,311,311.5,10.2,0,9228186,ZCDG7
2008-05-19T22:56:46,310405000,SAPPHIRE PRINCESS,JUNEAU,55.39032667,-131.7647617,311,311.5,10.0,0,9228186,ZCDG7
2008-05-19T22:56:36,310405000,SAPPHIRE PRINCESS,JUNEAU,55.39001667,-131.7641567,311,311.5,9.8,0,9228186,ZCDG7
2008-05-19T22:56:25,310405000,SAPPHIRE PRINCESS,JUNEAU,55.389655,-131.7634517,311,311.5,9.7,0,9228186,ZCDG7
2008-05-19T22:56:16,310405000,SAPPHIRE PRINCESS,JUNEAU,55.38936167,-131.7628783,311,311.6,9.5,0,9228186,ZCDG7
2008-05-19T22:56:07,310405000,SAPPHIRE PRINCESS,JUNEAU,55.38913,-131.7624233,311,311.6,9.3,0,9228186,ZCDG7
2008-05-19T22:55:57,310405000,SAPPHIRE PRINCESS,JUNEAU,55.38884333,-131.7618567,311,311.6,9.2,0,9228186,ZCDG7
2008-05-19T22:55:47,310405000,SAPPHIRE PRINCESS,JUNEAU,55.38856333,-131.7613117,311,311.6,9.0,0,9228186,ZCDG7
2008-05-19T22:55:36,310405000,SAPPHIRE PRINCESS,JUNEAU,55.38828833,-131.7607683,311,311.6,8.8,0,9228186,ZCDG7
2008-05-19T22:55:25,310405000,SAPPHIRE PRINCESS,JUNEAU,55.38796667,-131.76014,311,311.6,8.6,0,9228186,ZCDG7
2008-05-19T22:55:16,310405000,SAPPHIRE PRINCESS,JUNEAU,55.38770833,-131.75963,311,311.6,8.4,0,9228186,ZCDG7
2008-05-19T22:55:07,310405000,SAPPHIRE PRINCESS,JUNEAU,55.38747667,-131.7591783,311,311.6,8.2,0,9228186,ZCDG7
2008-05-19T22:54:57,310405000,SAPPHIRE PRINCESS,JUNEAU,55.38722167,-131.7586783,311,311.0,8.0,0,9228186,ZCDG7
2008-05-19T22:54:47,310405000,SAPPHIRE PRINCESS,JUNEAU,55.387,-131.75824,311,311.7,7.9,0,9228186,ZCDG7
2008-05-19T22:54:36,310405000,SAPPHIRE PRINCESS,JUNEAU,55.386735,-131.7577183,311,311.7,7.8,0,9228186,ZCDG7
2008-05-19T22:54:25,310405000,SAPPHIRE PRINCESS,JUNEAU,55.38645,-131.7571617,311,311.7,7.6,0,9228186,ZCDG7
2008-05-19T22:54:16,310405000,SAPPHIRE PRINCESS,JUNEAU,55.38624,-131.75675,311,311.7,7.5,0,9228186,ZCDG7
2008-05-19T22:54:07,310405000,SAPPHIRE PRINCESS,JUNEAU,55.38603,-131.7563433,311,311.0,7.5,0,9228186,ZCDG7
2008-05-19T22:53:57,310405000,SAPPHIRE PRINCESS,JUNEAU,55.38580167,-131.7558883,311,311.7,7.4,0,9228186,ZCDG7
2008-05-19T22:53:47,310405000,SAPPHIRE PRINCESS,JUNEAU,55.38557167,-131.755445,311,311.7,7.4,0,9228186,ZCDG7
2008-05-19T22:53:36,310405000,SAPPHIRE PRINCESS,JUNEAU,55.38534333,-131.7549933,311,311.7,7.4,0,9228186,ZCDG7
2008-05-19T22:53:25,310405000,SAPPHIRE PRINCESS,JUNEAU,55.38507,-131.7544583,311,311.7,7.4,0,9228186,ZCDG7
2008-05-19T22:53:16,310405000,SAPPHIRE PRINCESS,JUNEAU,55.38484667,-131.7540183,311,311.0,7.4,0,9228186,ZCDG7
2008-05-19T22:53:07,310405000,SAPPHIRE PRINCESS,JUNEAU,55.38466833,-131.753665,311,311.7,7.4,0,9228186,ZCDG7
2008-05-19T22:53:05,310405000,SAPPHIRE PRINCESS,JUNEAU,55.38442,-131.7531767,0,0.0,0.0,0,9228186,ZCDG7
2008-05-19T22:52:56,310405000,SAPPHIRE PRINCESS,JUNEAU,55.38442,-131.7531767,311,311.7,7.4,0,9228186,ZCDG7
2008-05-19T22:52:47,310405000,SAPPHIRE PRINCESS,JUNEAU,55.38421833,-131.7527767,311,311.7,7.4,0,9228186,ZCDG7
2008-05-19T22:52:36,310405000,SAPPHIRE PRINCESS,JUNEAU,55.38396667,-131.752285,311,311.7,7.4,0,9228186,ZCDG7
2008-05-19T22:52:25,310405000,SAPPHIRE PRINCESS,JUNEAU,55.38374167,-131.7518467,311,312.5,7.4,0,9228186,ZCDG7
2008-05-19T22:52:16,310405000,SAPPHIRE PRINCESS,JUNEAU,55.38349167,-131.751365,311,311.7,7.3,0,9228186,ZCDG7
2008-05-19T22:52:05,310405000,SAPPHIRE PRINCESS,JUNEAU,55.383265,-131.7509217,310,311.5,7.4,0,9228186,ZCDG7
2008-05-19T22:51:56,310405000,SAPPHIRE PRINCESS,JUNEAU,55.38306167,-131.7505233,310,310.7,7.4,0,9228186,ZCDG7
2008-05-19T22:51:47,310405000,SAPPHIRE PRINCESS,JUNEAU,55.38284,-131.750075,310,310.7,7.4,0,9228186,ZCDG7
2008-05-19T22:51:36,310405000,SAPPHIRE PRINCESS,JUNEAU,55.38261833,-131.7496267,310,310.7,7.3,0,9228186,ZCDG7
2008-05-19T22:51:25,310405000,SAPPHIRE PRINCESS,JUNEAU,55.38237167,-131.7491367,310,310.7,7.3,0,9228186,ZCDG7
2008-05-19T22:51:16,310405000,SAPPHIRE PRINCESS,JUNEAU,55.38212833,-131.74865,310,311.5,7.3,0,9228186,ZCDG7
2008-05-19T22:51:05,310405000,SAPPHIRE PRINCESS,JUNEAU,55.38190167,-131.7482,310,311.5,7.3,0,9228186,ZCDG7
2008-05-19T22:50:56,310405000,SAPPHIRE PRINCESS,JUNEAU,55.38170333,-131.7478033,310,311.5,7.3,0,9228186,ZCDG7
2008-05-19T22:50:47,310405000,SAPPHIRE PRINCESS,JUNEAU,55.38150333,-131.7474083,310,311.5,7.3,0,9228186,ZCDG7
2008-05-19T22:50:36,310405000,SAPPHIRE PRINCESS,JUNEAU,55.38127667,-131.7469633,310,311.5,7.3,0,9228186,ZCDG7
2008-05-19T22:50:25,310405000,SAPPHIRE PRINCESS,JUNEAU,55.38103167,-131.7464783,310,311.5,7.3,0,9228186,ZCDG7
2008-05-19T22:50:16,310405000,SAPPHIRE PRINCESS,JUNEAU,55.38080167,-131.7460317,310,311.5,7.3,0,9228186,ZCDG7
2008-05-19T22:50:05,310405000,SAPPHIRE PRINCESS,JUNEAU,55.380555,-131.74554,310,312.3,7.3,0,9228186,ZCDG7
2008-05-19T22:49:56,310405000,SAPPHIRE PRINCESS,JUNEAU,55.38035167,-131.7451483,310,311.5,7.3,0,9228186,ZCDG7
2008-05-19T22:49:47,310405000,SAPPHIRE PRINCESS,JUNEAU,55.380145,-131.7447483,310,312.3,7.3,0,9228186,ZCDG7
2008-05-19T22:49:36,310405000,SAPPHIRE PRINCESS,JUNEAU,55.379895,-131.744265,310,312.3,7.3,0,9228186,ZCDG7
2008-05-19T22:49:27,310405000,SAPPHIRE PRINCESS,JUNEAU,55.37966667,-131.74383,310,312.3,7.3,0,9228186,ZCDG7
2008-05-19T22:49:15,310405000,SAPPHIRE PRINCESS,JUNEAU,55.37941833,-131.743345,310,313.1,7.3,0,9228186,ZCDG7
2008-05-19T22:49:05,310405000,SAPPHIRE PRINCESS,JUNEAU,55.37918667,-131.7429083,310,312.3,7.3,0,9228186,ZCDG7
2008-05-19T22:48:56,310405000,SAPPHIRE PRINCESS,JUNEAU,55.37896167,-131.7424717,310,312.3,7.3,0,9228186,ZCDG7
2008-05-19T22:48:47,310405000,SAPPHIRE PRINCESS,JUNEAU,55.37875667,-131.7420817,310,312.3,7.3,0,9228186,ZCDG7
2008-05-19T22:48:36,310405000,SAPPHIRE PRINCESS,JUNEAU,55.37853167,-131.7416433,311,312.5,7.4,0,9228186,ZCDG7
2008-05-19T22:48:27,310405000,SAPPHIRE PRINCESS,JUNEAU,55.378305,-131.7412033,311,312.5,7.4,0,9228186,ZCDG7
2008-05-19T22:48:15,310405000,SAPPHIRE PRINCESS,JUNEAU,55.378055,-131.7407183,312,312.7,7.4,0,9228186,ZCDG7
2008-05-19T22:48:05,310405000,SAPPHIRE PRINCESS,JUNEAU,55.37782333,-131.7402817,313,313.0,7.4,0,9228186,ZCDG7
2008-05-19T22:47:56,310405000,SAPPHIRE PRINCESS,JUNEAU,55.37759333,-131.7398467,314,314.7,7.4,0,9228186,ZCDG7
2008-05-19T22:47:46,310405000,SAPPHIRE PRINCESS,JUNEAU,55.377355,-131.7394133,315,315.0,7.4,0,9228186,ZCDG7
2008-05-19T22:47:36,310405000,SAPPHIRE PRINCESS,JUNEAU,55.37711667,-131.73899,315,315.0,7.4,0,9228186,ZCDG7
2008-05-19T22:47:27,310405000,SAPPHIRE PRINCESS,JUNEAU,55.3769,-131.7386133,315,315.7,7.4,0,9228186,ZCDG7
2008-05-19T22:47:15,310405000,SAPPHIRE PRINCESS,JUNEAU,55.37660833,-131.7381133,315,315.7,7.4,0,9228186,ZCDG7
2008-05-19T22:47:07,310405000,SAPPHIRE PRINCESS,JUNEAU,55.37641333,-131.7377783,315,315.0,7.4,0,9228186,ZCDG7
2008-05-19T22:47:06,310405000,SAPPHIRE PRINCESS,JUNEAU,55.376165,-131.7373517,0,0.0,0.0,0,9228186,ZCDG7
2008-05-19T22:46:56,310405000,SAPPHIRE PRINCESS,JUNEAU,55.376165,-131.7373517,315,315.0,7.4,0,9228186,ZCDG7
2008-05-19T22:46:46,310405000,SAPPHIRE PRINCESS,JUNEAU,55.3759,-131.7368917,315,315.0,7.4,0,9228186,ZCDG7
2008-05-19T22:46:36,310405000,SAPPHIRE PRINCESS,JUNEAU,55.37563333,-131.7364267,315,315.0,7.4,0,9228186,ZCDG7
2008-05-19T22:46:27,310405000,SAPPHIRE PRINCESS,JUNEAU,55.37541333,-131.736045,315,315.0,7.4,0,9228186,ZCDG7
2008-05-19T22:46:15,310405000,SAPPHIRE PRINCESS,JUNEAU,55.37514667,-131.7355817,315,315.0,7.4,0,9228186,ZCDG7
2008-05-19T22:46:07,310405000,SAPPHIRE PRINCESS,JUNEAU,55.37495,-131.7352367,315,315.0,7.4,0,9228186,ZCDG7
2008-05-19T22:45:56,310405000,SAPPHIRE PRINCESS,JUNEAU,55.37468,-131.7347667,315,315.0,7.5,0,9228186,ZCDG7
2008-05-19T22:45:46,310405000,SAPPHIRE PRINCESS,JUNEAU,55.37443667,-131.7343467,315,315.7,7.5,0,9228186,ZCDG7
2008-05-19T22:45:36,310405000,SAPPHIRE PRINCESS,JUNEAU,55.37419167,-131.73392,314,314.7,7.5,0,9228186,ZCDG7
2008-05-19T22:45:26,310405000,SAPPHIRE PRINCESS,JUNEAU,55.37397333,-131.733535,314,314.0,7.5,0,9228186,ZCDG7
2008-05-19T22:45:16,310405000,SAPPHIRE PRINCESS,JUNEAU,55.37368333,-131.7330167,314,314.7,7.5,0,9228186,ZCDG7
2008-05-19T22:45:07,310405000,SAPPHIRE PRINCESS,JUNEAU,55.37346667,-131.7326283,314,314.7,7.5,0,9228186,ZCDG7
2008-05-19T22:44:55,310405000,SAPPHIRE PRINCESS,JUNEAU,55.37319667,-131.7321517,314,314.7,7.5,0,9228186,ZCDG7
2008-05-19T22:44:46,310405000,SAPPHIRE PRINCESS,JUNEAU,55.37298,-131.7317683,314,314.7,7.5,0,9228186,ZCDG7
2008-05-19T22:44:36,310405000,SAPPHIRE PRINCESS,JUNEAU,55.37273333,-131.7313333,314,314.7,7.5,0,9228186,ZCDG7
2008-05-19T22:44:26,310405000,SAPPHIRE PRINCESS,JUNEAU,55.37249167,-131.7309067,314,314.7,7.5,0,9228186,ZCDG7
2008-05-19T22:44:16,310405000,SAPPHIRE PRINCESS,JUNEAU,55.37224667,-131.7304717,314,314.7,7.5,0,9228186,ZCDG7
2008-05-19T22:44:07,310405000,SAPPHIRE PRINCESS,JUNEAU,55.372025,-131.7300833,314,314.7,7.5,0,9228186,ZCDG7
2008-05-19T22:43:55,310405000,SAPPHIRE PRINCESS,JUNEAU,55.37170833,-131.72952,314,314.7,7.5,0,9228186,ZCDG7
2008-05-19T22:43:47,310405000,SAPPHIRE PRINCESS,JUNEAU,55.37151333,-131.729175,314,314.7,7.5,0,9228186,ZCDG7
2008-05-19T22:43:36,310405000,SAPPHIRE PRINCESS,JUNEAU,55.371245,-131.7286983,314,314.7,7.6,0,9228186,ZCDG7
2008-05-19T22:43:26,310405000,SAPPHIRE PRINCESS,JUNEAU,55.371025,-131.7283083,314,314.7,7.6,0,9228186,ZCDG7
2008-05-19T22:43:16,310405000,SAPPHIRE PRINCESS,JUNEAU,55.37075333,-131.7278317,314,314.0,7.5,0,9228186,ZCDG7
2008-05-19T22:43:07,310405000,SAPPHIRE PRINCESS,JUNEAU,55.37053167,-131.7274417,315,315.7,7.6,0,9228186,ZCDG7
2008-05-19T22:42:55,310405000,SAPPHIRE PRINCESS,JUNEAU,55.37026,-131.7269683,315,315.7,7.6,0,9228186,ZCDG7
2008-05-19T22:42:47,310405000,SAPPHIRE PRINCESS,JUNEAU,55.37006167,-131.72662,314,314.7,7.6,0,9228186,ZCDG7
2008-05-19T22:42:36,310405000,SAPPHIRE PRINCESS,JUNEAU,55.36976333,-131.7260983,314,314.7,7.6,0,9228186,ZCDG7
2008-05-19T22:42:26,310405000,SAPPHIRE PRINCESS,JUNEAU,55.36951167,-131.7256583,314,314.7,7.6,0,9228186,ZCDG7
2008-05-19T22:42:16,310405000,SAPPHIRE PRINCESS,JUNEAU,55.36926667,-131.72523,314,314.7,7.6,0,9228186,ZCDG7
2008-05-19T22:42:07,310405000,SAPPHIRE PRINCESS,JUNEAU,55.369045,-131.7248383,314,314.7,7.6,0,9228186,ZCDG7
2008-05-19T22:41:55,310405000,SAPPHIRE PRINCESS,JUNEAU,55.36877,-131.72436,314,314.7,7.6,0,9228186,ZCDG7
2008-05-19T22:41:47,310405000,SAPPHIRE PRINCESS,JUNEAU,55.368545,-131.72397,314,314.7,7.7,0,9228186,ZCDG7
2008-05-19T22:41:36,310405000,SAPPHIRE PRINCESS,JUNEAU,55.36827,-131.7234933,314,315.4,7.7,0,9228186,ZCDG7
2008-05-19T22:41:26,310405000,SAPPHIRE PRINCESS,JUNEAU,55.36802167,-131.7230583,314,315.4,7.7,0,9228186,ZCDG7
2008-05-19T22:41:16,310405000,SAPPHIRE PRINCESS,JUNEAU,55.36776833,-131.7226233,314,315.4,7.7,0,9228186,ZCDG7
2008-05-19T22:41:06,310405000,SAPPHIRE PRINCESS,JUNEAU,55.36751667,-131.7221867,314,315.4,7.7,0,9228186,ZCDG7
2008-05-19T22:41:05,310405000,SAPPHIRE PRINCESS,JUNEAU,55.36723667,-131.7217067,0,0.0,0.0,0,9228186,ZCDG7
2008-05-19T22:40:55,310405000,SAPPHIRE PRINCESS,JUNEAU,55.36723667,-131.7217067,314,315.4,7.7,0,9228186,ZCDG7
2008-05-19T22:40:47,310405000,SAPPHIRE PRINCESS,JUNEAU,55.367035,-131.72136,314,315.4,7.7,0,9228186,ZCDG7
2008-05-19T22:40:36,310405000,SAPPHIRE PRINCESS,JUNEAU,55.36675333,-131.7208817,314,315.4,7.7,0,9228186,ZCDG7
2008-05-19T22:40:26,310405000,SAPPHIRE PRINCESS,JUNEAU,55.36652333,-131.7204883,314,315.4,7.7,0,9228186,ZCDG7
2008-05-19T22:40:16,310405000,SAPPHIRE PRINCESS,JUNEAU,55.36624,-131.72001,314,315.4,7.7,0,9228186,ZCDG7
2008-05-19T22:40:06,310405000,SAPPHIRE PRINCESS,JUNEAU,55.36596,-131.7195283,314,315.4,7.7,0,9228186,ZCDG7
2008-05-19T22:39:55,310405000,SAPPHIRE PRINCESS,JUNEAU,55.36570667,-131.7190967,314,315.4,7.7,0,9228186,ZCDG7
2008-05-19T22:39:47,310405000,SAPPHIRE PRINCESS,JUNEAU,55.36547667,-131.7187033,314,315.4,7.7,0,9228186,ZCDG7
2008-05-19T22:39:36,310405000,SAPPHIRE PRINCESS,JUNEAU,55.36522167,-131.7182667,314,315.4,7.7,0,9228186,ZCDG7
2008-05-19T22:39:26,310405000,SAPPHIRE PRINCESS,JUNEAU,55.36496333,-131.7178317,314,315.4,7.7,0,9228186,ZCDG7
2008-05-19T22:39:16,310405000,SAPPHIRE PRINCESS,JUNEAU,55.36470833,-131.717395,314,315.4,7.7,0,9228186,ZCDG7
2008-05-19T22:39:06,310405000,SAPPHIRE PRINCESS,JUNEAU,55.36445167,-131.71696,314,315.4,7.7,0,9228186,ZCDG7
2008-05-19T22:38:57,310405000,SAPPHIRE PRINCESS,JUNEAU,55.36422167,-131.7165617,314,315.4,7.7,0,9228186,ZCDG7
2008-05-19T22:38:47,310405000,SAPPHIRE PRINCESS,JUNEAU,55.36394333,-131.7160867,314,315.4,7.7,0,9228186,ZCDG7
2008-05-19T22:38:36,310405000,SAPPHIRE PRINCESS,JUNEAU,55.36366333,-131.7156067,314,315.4,7.7,0,9228186,ZCDG7
2008-05-19T22:38:26,310405000,SAPPHIRE PRINCESS,JUNEAU,55.363435,-131.7152133,314,315.4,7.7,0,9228186,ZCDG7
2008-05-19T22:38:16,310405000,SAPPHIRE PRINCESS,JUNEAU,55.36318167,-131.714775,314,315.4,7.7,0,9228186,ZCDG7
2008-05-19T22:38:06,310405000,SAPPHIRE PRINCESS,JUNEAU,55.36290167,-131.71429,314,315.4,7.7,0,9228186,ZCDG7
2008-05-19T22:37:57,310405000,SAPPHIRE PRINCESS,JUNEAU,55.362675,-131.713905,314,314.7,7.7,0,9228186,ZCDG7
2008-05-19T22:37:47,310405000,SAPPHIRE PRINCESS,JUNEAU,55.362425,-131.7134667,314,315.4,7.7,0,9228186,ZCDG7
2008-05-19T22:37:36,310405000,SAPPHIRE PRINCESS,JUNEAU,55.36217,-131.7130333,314,315.4,7.7,0,9228186,ZCDG7
2008-05-19T22:37:26,310405000,SAPPHIRE PRINCESS,JUNEAU,55.36189333,-131.7125583,314,315.4,7.7,0,9228186,ZCDG7
2008-05-19T22:37:16,310405000,SAPPHIRE PRINCESS,JUNEAU,55.36164,-131.7121217,314,316.2,7.6,0,9228186,ZCDG7
2008-05-19T22:37:06,310405000,SAPPHIRE PRINCESS,JUNEAU,55.36138833,-131.711695,314,314.7,7.6,0,9228186,ZCDG7
2008-05-19T22:36:57,310405000,SAPPHIRE PRINCESS,JUNEAU,55.36116,-131.7112967,314,316.2,7.6,0,9228186,ZCDG7
2008-05-19T22:36:47,310405000,SAPPHIRE PRINCESS,JUNEAU,55.36090667,-131.7108767,314,315.5,7.6,0,9228186,ZCDG7
2008-05-19T22:36:37,310405000,SAPPHIRE PRINCESS,JUNEAU,55.36065333,-131.7104417,314,315.5,7.6,0,9228186,ZCDG7
2008-05-19T22:36:26,310405000,SAPPHIRE PRINCESS,JUNEAU,55.36040167,-131.7100183,314,315.5,7.6,0,9228186,ZCDG7
2008-05-19T22:36:16,310405000,SAPPHIRE PRINCESS,JUNEAU,55.36014833,-131.709585,315,316.5,7.6,0,9228186,ZCDG7
2008-05-19T22:36:06,310405000,SAPPHIRE PRINCESS,JUNEAU,55.3599,-131.7091633,315,317.2,7.6,0,9228186,ZCDG7
2008-05-19T22:35:57,310405000,SAPPHIRE PRINCESS,JUNEAU,55.35964,-131.7087433,315,316.5,7.6,0,9228186,ZCDG7
2008-05-19T22:35:46,310405000,SAPPHIRE PRINCESS,JUNEAU,55.35936167,-131.7082867,315,317.2,7.6,0,9228186,ZCDG7
2008-05-19T22:35:37,310405000,SAPPHIRE PRINCESS,JUNEAU,55.35912667,-131.70791,315,317.2,7.6,0,9228186,ZCDG7
2008-05-19T22:35:26,310405000,SAPPHIRE PRINCESS,JUNEAU,55.358875,-131.7074983,315,316.5,7.6,0,9228186,ZCDG7
2008-05-19T22:35:16,310405000,SAPPHIRE PRINCESS,JUNEAU,55.35862,-131.7070767,316,317.5,7.6,0,9228186,ZCDG7
2008-05-19T22:35:06,310405000,SAPPHIRE PRINCESS,JUNEAU,55.35834167,-131.706625,316,317.5,7.6,0,9228186,ZCDG7
2008-05-19T22:35:02,310405000,SAPPHIRE PRINCESS,JUNEAU,55.35811167,-131.7062517,0,0.0,0.0,0,9228186,ZCDG7
2008-05-19T22:34:57,310405000,SAPPHIRE PRINCESS,JUNEAU,55.35811167,-131.7062517,316,317.5,7.6,0,9228186,ZCDG7
2008-05-19T22:34:46,310405000,SAPPHIRE PRINCESS,JUNEAU,55.357825,-131.7058017,316,318.2,7.6,0,9228186,ZCDG7
2008-05-19T22:34:37,310405000,SAPPHIRE PRINCESS,JUNEAU,55.35759167,-131.705435,316,317.5,7.6,0,9228186,ZCDG7
2008-05-19T22:34:26,310405000,SAPPHIRE PRINCESS,JUNEAU,55.35730667,-131.7049833,316,318.2,7.6,0,9228186,ZCDG7
2008-05-19T22:34:16,310405000,SAPPHIRE PRINCESS,JUNEAU,55.357045,-131.7045733,316,317.5,7.5,0,9228186,ZCDG7
2008-05-19T22:34:06,310405000,SAPPHIRE PRINCESS,JUNEAU,55.35679,-131.7041667,316,318.2,7.5,0,9228186,ZCDG7
2008-05-19T22:33:57,310405000,SAPPHIRE PRINCESS,JUNEAU,55.35655833,-131.7037983,316,317.5,7.5,0,9228186,ZCDG7
2008-05-19T22:33:46,310405000,SAPPHIRE PRINCESS,JUNEAU,55.356275,-131.7033467,316,317.5,7.5,0,9228186,ZCDG7
2008-05-19T22:33:37,310405000,SAPPHIRE PRINCESS,JUNEAU,55.356045,-131.7029767,316,318.2,7.6,0,9228186,ZCDG7
2008-05-19T22:33:25,310405000,SAPPHIRE PRINCESS,JUNEAU,55.35573667,-131.7024883,316,317.5,7.5,0,9228186,ZCDG7
2008-05-19T22:33:15,310405000,SAPPHIRE PRINCESS,JUNEAU,55.35547833,-131.7020717,316,317.5,7.5,0,9228186,ZCDG7
2008-05-19T22:33:07,310405000,SAPPHIRE PRINCESS,JUNEAU,55.35524667,-131.7017083,316,318.2,7.5,0,9228186,ZCDG7
2008-05-19T22:32:57,310405000,SAPPHIRE PRINCESS,JUNEAU,55.35498333,-131.7012983,316,317.5,7.5,0,9228186,ZCDG7
2008-05-19T22:32:46,310405000,SAPPHIRE PRINCESS,JUNEAU,55.35472833,-131.70089,315,317.2,7.6,0,9228186,ZCDG7
2008-05-19T22:32:37,310405000,SAPPHIRE PRINCESS,JUNEAU,55.35449667,-131.70052,315,316.5,7.5,0,9228186,ZCDG7
2008-05-19T22:32:25,310405000,SAPPHIRE PRINCESS,JUNEAU,55.35422,-131.7000633,315,316.5,7.6,0,9228186,ZCDG7
2008-05-19T22:32:15,310405000,SAPPHIRE PRINCESS,JUNEAU,55.35396,-131.6996417,315,316.5,7.5,0,9228186,ZCDG7
2008-05-19T22:32:06,310405000,SAPPHIRE PRINCESS,JUNEAU,55.35370833,-131.6992267,315,316.5,7.5,0,9228186,ZCDG7
2008-05-19T22:31:56,310405000,SAPPHIRE PRINCESS,JUNEAU,55.35345167,-131.6988033,315,317.2,7.5,0,9228186,ZCDG7
2008-05-19T22:31:46,310405000,SAPPHIRE PRINCESS,JUNEAU,55.35319833,-131.6983933,315,316.5,7.5,0,9228186,ZCDG7
2008-05-19T22:31:36,310405000,SAPPHIRE PRINCESS,JUNEAU,55.35294,-131.6979733,315,317.2,7.6,0,9228186,ZCDG7
2008-05-19T22:31:25,310405000,SAPPHIRE PRINCESS,JUNEAU,55.35266333,-131.6975217,314,316.2,7.5,0,9228186,ZCDG7
2008-05-19T22:31:15,310405000,SAPPHIRE PRINCESS,JUNEAU,55.35241167,-131.6971033,314,316.2,7.5,0,9228186,ZCDG7
2008-05-19T22:31:06,310405000,SAPPHIRE PRINCESS,JUNEAU,55.35218667,-131.6967283,314,315.5,7.5,0,9228186,ZCDG7
2008-05-19T22:30:56,310405000,SAPPHIRE PRINCESS,JUNEAU,55.35191333,-131.6962633,314,316.2,7.5,0,9228186,ZCDG7
2008-05-19T22:30:46,310405000,SAPPHIRE PRINCESS,JUNEAU,55.35166333,-131.6958467,314,315.5,7.5,0,9228186,ZCDG7
2008-05-19T22:30:36,310405000,SAPPHIRE PRINCESS,JUNEAU,55.35141833,-131.6954217,314,315.5,7.4,0,9228186,ZCDG7
2008-05-19T22:30:25,310405000,SAPPHIRE PRINCESS,JUNEAU,55.35117167,-131.6950033,314,316.2,7.5,0,9228186,ZCDG7
2008-05-19T22:30:15,310405000,SAPPHIRE PRINCESS,JUNEAU,55.35092333,-131.6945833,314,315.5,7.4,0,9228186,ZCDG7
2008-05-19T22:30:06,310405000,SAPPHIRE PRINCESS,JUNEAU,55.3507,-131.694205,314,316.2,7.5,0,9228186,ZCDG7
2008-05-19T22:29:56,310405000,SAPPHIRE PRINCESS,JUNEAU,55.35042833,-131.6937433,313,314.5,7.5,0,9228186,ZCDG7
2008-05-19T22:29:46,310405000,SAPPHIRE PRINCESS,JUNEAU,55.35021167,-131.69336,313,314.5,7.5,0,9228186,ZCDG7
2008-05-19T22:29:36,310405000,SAPPHIRE PRINCESS,JUNEAU,55.349945,-131.6928933,313,314.5,7.4,0,9228186,ZCDG7
2008-05-19T22:29:25,310405000,SAPPHIRE PRINCESS,JUNEAU,55.34968,-131.6924267,313,314.5,7.4,0,9228186,ZCDG7
2008-05-19T22:29:16,310405000,SAPPHIRE PRINCESS,JUNEAU,55.349465,-131.6920417,313,314.5,7.4,0,9228186,ZCDG7
2008-05-19T22:29:07,310405000,SAPPHIRE PRINCESS,JUNEAU,55.34924833,-131.6916617,313,313.7,7.4,0,9228186,ZCDG7
2008-05-19T22:29:04,310405000,SAPPHIRE PRINCESS,JUNEAU,55.34898833,-131.6911883,0,0.0,0.0,0,9228186,ZCDG7
2008-05-19T22:28:56,310405000,SAPPHIRE PRINCESS,JUNEAU,55.34898833,-131.6911883,313,314.5,7.4,0,9228186,ZCDG7
2008-05-19T22:28:46,310405000,SAPPHIRE PRINCESS,JUNEAU,55.34877667,-131.6908133,313,313.7,7.3,0,9228186,ZCDG7
2008-05-19T22:28:36,310405000,SAPPHIRE PRINCESS,JUNEAU,55.348495,-131.6903033,313,313.7,7.3,0,9228186,ZCDG7
2008-05-19T22:28:25,310405000,SAPPHIRE PRINCESS,JUNEAU,55.34826167,-131.6898767,313,313.7,7.3,0,9228186,ZCDG7
2008-05-19T22:28:15,310405000,SAPPHIRE PRINCESS,JUNEAU,55.34802667,-131.68945,313,313.0,7.3,0,9228186,ZCDG7
2008-05-19T22:28:07,310405000,SAPPHIRE PRINCESS,JUNEAU,55.34781833,-131.6890583,313,313.0,7.3,0,9228186,ZCDG7
2008-05-19T22:27:56,310405000,SAPPHIRE PRINCESS,JUNEAU,55.34758667,-131.6886267,313,312.2,7.3,0,9228186,ZCDG7
2008-05-19T22:27:46,310405000,SAPPHIRE PRINCESS,JUNEAU,55.34736333,-131.6881983,313,311.4,7.2,0,9228186,ZCDG7
2008-05-19T22:27:36,310405000,SAPPHIRE PRINCESS,JUNEAU,55.34713833,-131.68776,313,311.4,7.2,0,9228186,ZCDG7
2008-05-19T22:27:25,310405000,SAPPHIRE PRINCESS,JUNEAU,55.34689833,-131.6872867,313,310.6,7.2,0,9228186,ZCDG7
2008-05-19T22:27:15,310405000,SAPPHIRE PRINCESS,JUNEAU,55.34668,-131.6868467,313,310.6,7.2,0,9228186,ZCDG7
2008-05-19T22:27:07,310405000,SAPPHIRE PRINCESS,JUNEAU,55.34648333,-131.6864517,313,309.8,7.3,0,9228186,ZCDG7
2008-05-19T22:26:55,310405000,SAPPHIRE PRINCESS,JUNEAU,55.34624333,-131.68596,312,309.6,7.3,0,9228186,ZCDG7
2008-05-19T22:26:46,310405000,SAPPHIRE PRINCESS,JUNEAU,55.34604667,-131.6855567,311,308.6,7.3,0,9228186,ZCDG7
2008-05-19T22:26:36,310405000,SAPPHIRE PRINCESS,JUNEAU,55.345835,-131.685095,310,307.6,7.3,0,9228186,ZCDG7
2008-05-19T22:26:25,310405000,SAPPHIRE PRINCESS,JUNEAU,55.34561167,-131.6845867,308,305.6,7.3,0,9228186,ZCDG7
2008-05-19T22:26:16,310405000,SAPPHIRE PRINCESS,JUNEAU,55.34543,-131.6841517,306,303.6,7.4,0,9228186,ZCDG7
2008-05-19T22:26:06,310405000,SAPPHIRE PRINCESS,JUNEAU,55.34523833,-131.6836667,305,302.6,7.4,0,9228186,ZCDG7
2008-05-19T22:25:55,310405000,SAPPHIRE PRINCESS,JUNEAU,55.34501667,-131.683065,303,300.6,7.4,0,9228186,ZCDG7
2008-05-19T22:25:46,310405000,SAPPHIRE PRINCESS,JUNEAU,55.34487667,-131.682655,301,298.6,7.4,0,9228186,ZCDG7
2008-05-19T22:25:36,310405000,SAPPHIRE PRINCESS,JUNEAU,55.34469167,-131.68208,299,296.7,7.5,0,9228186,ZCDG7
2008-05-19T22:25:25,310405000,SAPPHIRE PRINCESS,JUNEAU,55.34451667,-131.6814833,297,294.7,7.5,0,9228186,ZCDG7
2008-05-19T22:25:16,310405000,SAPPHIRE PRINCESS,JUNEAU,55.34438167,-131.6809967,296,293.7,7.5,0,9228186,ZCDG7
2008-05-19T22:25:06,310405000,SAPPHIRE PRINCESS,JUNEAU,55.344255,-131.6805017,294,291.7,7.5,0,9228186,ZCDG7
2008-05-19T22:24:55,310405000,SAPPHIRE PRINCESS,JUNEAU,55.34410833,-131.6798867,292,290.4,7.5,0,9228186,ZCDG7
2008-05-19T22:24:46,310405000,SAPPHIRE PRINCESS,JUNEAU,55.34398667,-131.6793217,291,289.4,7.5,0,9228186,ZCDG7
2008-05-19T22:24:36,310405000,SAPPHIRE PRINCESS,JUNEAU,55.34387167,-131.67875,289,287.4,7.5,0,9228186,ZCDG7
2008-05-19T22:24:25,310405000,SAPPHIRE PRINCESS,JUNEAU,55.343755,-131.6781167,287,285.4,7.5,0,9228186,ZCDG7
2008-05-19T22:24:16,310405000,SAPPHIRE PRINCESS,JUNEAU,55.34366833,-131.677595,286,284.4,7.5,0,9228186,ZCDG7
2008-05-19T22:24:06,310405000,SAPPHIRE PRINCESS,JUNEAU,55.34358,-131.6770117,284,283.2,7.4,0,9228186,ZCDG7
2008-05-19T22:23:55,310405000,SAPPHIRE PRINCESS,JUNEAU,55.34349167,-131.6763683,282,281.2,7.4,0,9228186,ZCDG7
2008-05-19T22:23:46,310405000,SAPPHIRE PRINCESS,JUNEAU,55.34343667,-131.6759017,281,281.0,7.4,0,9228186,ZCDG7
2008-05-19T22:23:37,310405000,SAPPHIRE PRINCESS,JUNEAU,55.34336833,-131.6753167,279,278.2,7.4,0,9228186,ZCDG7
2008-05-19T22:23:25,310405000,SAPPHIRE PRINCESS,JUNEAU,55.34330667,-131.6746117,277,277.0,7.3,0,9228186,ZCDG7
2008-05-19T22:23:16,310405000,SAPPHIRE PRINCESS,JUNEAU,55.34325667,-131.6740267,276,275.7,7.3,0,9228186,ZCDG7
2008-05-19T22:23:06,310405000,SAPPHIRE PRINCESS,JUNEAU,55.34322333,-131.6735017,274,274.0,7.2,0,9228186,ZCDG7
2008-05-19T22:23:02,310405000,SAPPHIRE PRINCESS,JUNEAU,55.34319667,-131.6729767,0,0.0,0.0,0,9228186,ZCDG7
2008-05-19T22:22:57,310405000,SAPPHIRE PRINCESS,JUNEAU,55.34319667,-131.6729767,273,274.5,7.2,0,9228186,ZCDG7
2008-05-19T22:22:45,310405000,SAPPHIRE PRINCESS,JUNEAU,55.34316667,-131.6722817,271,271.8,7.1,0,9228186,ZCDG7
2008-05-19T22:22:37,310405000,SAPPHIRE PRINCESS,JUNEAU,55.34315667,-131.6718217,270,271.6,7.1,0,9228186,ZCDG7
2008-05-19T22:22:26,310405000,SAPPHIRE PRINCESS,JUNEAU,55.343145,-131.6711917,269,270.6,7.0,0,9228186,ZCDG7
2008-05-19T22:22:16,310405000,SAPPHIRE PRINCESS,JUNEAU,55.34314,-131.6705717,268,269.6,6.9,0,9228186,ZCDG7
2008-05-19T22:22:05,310405000,SAPPHIRE PRINCESS,JUNEAU,55.34314,-131.66995,267,269.5,6.8,0,9228186,ZCDG7
2008-05-19T22:21:57,310405000,SAPPHIRE PRINCESS,JUNEAU,55.34313833,-131.66951,267,268.5,6.8,0,9228186,ZCDG7
2008-05-19T22:21:45,310405000,SAPPHIRE PRINCESS,JUNEAU,55.343145,-131.668915,266,269.4,6.7,0,9228186,ZCDG7
2008-05-19T22:21:37,310405000,SAPPHIRE PRINCESS,JUNEAU,55.34315,-131.668485,265,267.6,6.6,0,9228186,ZCDG7
2008-05-19T22:21:26,310405000,SAPPHIRE PRINCESS,JUNEAU,55.343165,-131.6679,265,267.6,6.5,0,9228186,ZCDG7
2008-05-19T22:21:17,310405000,SAPPHIRE PRINCESS,JUNEAU,55.34318,-131.66737,265,267.6,6.4,0,9228186,ZCDG7
2008-05-19T22:21:05,310405000,SAPPHIRE PRINCESS,JUNEAU,55.343195,-131.6667533,265,267.7,6.3,0,9228186,ZCDG7
2008-05-19T22:20:57,310405000,SAPPHIRE PRINCESS,JUNEAU,55.34320333,-131.6663483,265,267.7,6.2,0,9228186,ZCDG7
2008-05-19T22:20:45,310405000,SAPPHIRE PRINCESS,JUNEAU,55.34321667,-131.6657483,265,267.8,6.0,0,9228186,ZCDG7
2008-05-19T22:20:37,310405000,SAPPHIRE PRINCESS,JUNEAU,55.343225,-131.66536,265,267.9,5.8,0,9228186,ZCDG7
2008-05-19T22:20:26,310405000,SAPPHIRE PRINCESS,JUNEAU,55.34323333,-131.6648933,265,268.0,5.7,0,9228186,ZCDG7
2008-05-19T22:20:17,310405000,SAPPHIRE PRINCESS,JUNEAU,55.34324333,-131.6644283,265,268.1,5.5,0,9228186,ZCDG7
2008-05-19T22:20:05,310405000,SAPPHIRE PRINCESS,JUNEAU,55.34325167,-131.663945,265,268.2,5.3,0,9228186,ZCDG7
2008-05-19T22:19:57,310405000,SAPPHIRE PRINCESS,JUNEAU,55.34326,-131.6635583,265,267.2,5.0,0,9228186,ZCDG7
2008-05-19T22:19:45,310405000,SAPPHIRE PRINCESS,JUNEAU,55.34327,-131.6630683,265,268.5,4.8,0,9228186,ZCDG7
2008-05-19T22:19:37,310405000,SAPPHIRE PRINCESS,JUNEAU,55.343275,-131.66276,265,267.5,4.5,0,9228186,ZCDG7
2008-05-19T22:19:26,310405000,SAPPHIRE PRINCESS,JUNEAU,55.34328167,-131.6623633,265,267.7,4.1,0,9228186,ZCDG7
2008-05-19T22:19:17,310405000,SAPPHIRE PRINCESS,JUNEAU,55.343285,-131.6620633,265,268.0,3.8,0,9228186,ZCDG7
2008-05-19T22:19:05,310405000,SAPPHIRE PRINCESS,JUNEAU,55.34329333,-131.6617,265,268.3,3.4,0,9228186,ZCDG7
2008-05-19T22:18:57,310405000,SAPPHIRE PRINCESS,JUNEAU,55.343295,-131.66148,265,268.5,3.2,0,9228186,ZCDG7
2008-05-19T22:18:46,310405000,SAPPHIRE PRINCESS,JUNEAU,55.3433,-131.6611967,265,266.9,2.9,0,9228186,ZCDG7
2008-05-19T22:18:37,310405000,SAPPHIRE PRINCESS,JUNEAU,55.34330667,-131.6609617,265,267.2,2.6,0,9228186,ZCDG7
2008-05-19T22:18:26,310405000,SAPPHIRE PRINCESS,JUNEAU,55.34331167,-131.6607333,265,267.3,2.4,0,9228186,ZCDG7
2008-05-19T22:18:17,310405000,SAPPHIRE PRINCESS,JUNEAU,55.34331667,-131.6605583,265,267.6,2.2,0,9228186,ZCDG7
2008-05-19T22:18:05,310405000,SAPPHIRE PRINCESS,JUNEAU,55.34331667,-131.660365,265,267.8,2.0,0,9228186,ZCDG7
2008-05-19T22:17:57,310405000,SAPPHIRE PRINCESS,JUNEAU,55.34332,-131.6602383,265,268.1,1.8,0,9228186,ZCDG7
2008-05-19T22:17:46,310405000,SAPPHIRE PRINCESS,JUNEAU,55.34332333,-131.6600783,265,265.0,1.6,0,9228186,ZCDG7
2008-05-19T22:17:36,310405000,SAPPHIRE PRINCESS,JUNEAU,55.34333,-131.65995,265,261.1,1.5,0,9228186,ZCDG7
2008-05-19T22:17:26,310405000,SAPPHIRE PRINCESS,JUNEAU,55.34334167,-131.659835,265,260.9,1.4,0,9228186,ZCDG7
2008-05-19T22:17:17,310405000,SAPPHIRE PRINCESS,JUNEAU,55.34335333,-131.659725,265,252.0,1.3,0,9228186,ZCDG7
2008-05-19T22:17:05,310405000,SAPPHIRE PRINCESS,JUNEAU,55.34337667,-131.6596067,266,251.9,1.2,0,9228186,ZCDG7
2008-05-19T22:17:01,310405000,SAPPHIRE PRINCESS,JUNEAU,55.34339167,-131.6595333,0,0.0,0.0,0,9228186,ZCDG7
2008-05-19T22:16:57,310405000,SAPPHIRE PRINCESS,JUNEAU,55.34339167,-131.6595333,267,245.1,1.1,0,9228186,ZCDG7
2008-05-19T22:16:46,310405000,SAPPHIRE PRINCESS,JUNEAU,55.34342167,-131.6594433,267,234.3,1.1,0,9228186,ZCDG7
2008-05-19T22:16:36,310405000,SAPPHIRE PRINCESS,JUNEAU,55.34345167,-131.6593767,268,235.9,0.9,0,9228186,ZCDG7
2008-05-19T22:16:26,310405000,SAPPHIRE PRINCESS,JUNEAU,55.34348167,-131.659305,269,239.2,0.8,0,9228186,ZCDG7
2008-05-19T22:16:16,310405000,SAPPHIRE PRINCESS,JUNEAU,55.34350167,-131.659255,270,251.5,0.6,0,9228186,ZCDG7
2008-05-19T22:16:06,310405000,SAPPHIRE PRINCESS,JUNEAU,55.34351333,-131.6592083,270,260.5,0.6,0,9228186,ZCDG7
2008-05-19T22:15:57,310405000,SAPPHIRE PRINCESS,JUNEAU,55.34351833,-131.659165,269,257.6,0.5,0,9228186,ZCDG7
2008-05-19T22:15:46,310405000,SAPPHIRE PRINCESS,JUNEAU,55.343525,-131.65912,269,230.3,0.6,0,9228186,ZCDG7
2008-05-19T22:15:36,310405000,SAPPHIRE PRINCESS,JUNEAU,55.34354167,-131.6590833,269,223.9,0.6,0,9228186,ZCDG7
2008-05-19T22:15:26,310405000,SAPPHIRE PRINCESS,JUNEAU,55.34356167,-131.6590483,270,213.6,0.7,0,9228186,ZCDG7
2008-05-19T22:15:16,310405000,SAPPHIRE PRINCESS,JUNEAU,55.34359333,-131.6590167,270,203.1,0.8,0,9228186,ZCDG7
2008-05-19T22:15:06,310405000,SAPPHIRE PRINCESS,JUNEAU,55.34362667,-131.6589917,271,201.5,0.9,0,9228186,ZCDG7
2008-05-19T22:14:57,310405000,SAPPHIRE PRINCESS,JUNEAU,55.34366333,-131.6589683,272,196.0,0.8,0,9228186,ZCDG7
2008-05-19T22:14:46,310405000,SAPPHIRE PRINCESS,JUNEAU,55.3437,-131.6589483,273,191.1,0.7,0,9228186,ZCDG7
2008-05-19T22:14:36,310405000,SAPPHIRE PRINCESS,JUNEAU,55.34373833,-131.6589317,274,192.1,0.7,0,9228186,ZCDG7
2008-05-19T22:14:26,310405000,SAPPHIRE PRINCESS,JUNEAU,55.34377167,-131.6589217,275,185.0,0.7,0,9228186,ZCDG7
2008-05-19T22:14:16,310405000,SAPPHIRE PRINCESS,JUNEAU,55.34380667,-131.658915,275,185.0,0.7,0,9228186,ZCDG7
2008-05-19T22:14:06,310405000,SAPPHIRE PRINCESS,JUNEAU,55.343835,-131.6589083,276,186.0,0.7,0,9228186,ZCDG7
2008-05-19T22:13:57,310405000,SAPPHIRE PRINCESS,JUNEAU,55.34386833,-131.6589017,277,187.0,0.6,0,9228186,ZCDG7
2008-05-19T22:13:46,310405000,SAPPHIRE PRINCESS,JUNEAU,55.34390333,-131.6588917,277,187.0,0.7,0,9228186,ZCDG7
2008-05-19T22:13:36,310405000,SAPPHIRE PRINCESS,JUNEAU,55.343935,-131.6588867,278,188.0,0.6,0,9228186,ZCDG7
2008-05-19T22:13:26,310405000,SAPPHIRE PRINCESS,JUNEAU,55.34396833,-131.6588783,278,188.0,0.6,0,9228186,ZCDG7
2008-05-19T22:13:16,310405000,SAPPHIRE PRINCESS,JUNEAU,55.34399833,-131.6588717,279,189.0,0.5,0,9228186,ZCDG7
2008-05-19T22:13:06,310405000,SAPPHIRE PRINCESS,JUNEAU,55.34402167,-131.6588667,279,189.0,0.5,0,9228186,ZCDG7
2008-05-19T22:12:57,310405000,SAPPHIRE PRINCESS,JUNEAU,55.344045,-131.65886,280,190.0,0.5,0,9228186,ZCDG7
2008-05-19T22:12:46,310405000,SAPPHIRE PRINCESS,JUNEAU,55.34407,-131.658855,280,190.0,0.4,0,9228186,ZCDG7
2008-05-19T22:12:36,310405000,SAPPHIRE PRINCESS,JUNEAU,55.34409,-131.6588517,280,190.0,0.4,0,9228186,ZCDG7
2008-05-19T22:12:26,310405000,SAPPHIRE PRINCESS,JUNEAU,55.34410833,-131.658845,280,190.0,0.3,0,9228186,ZCDG7
2008-05-19T22:12:16,310405000,SAPPHIRE PRINCESS,JUNEAU,55.34412333,-131.6588417,280,190.0,0.3,0,9228186,ZCDG7
2008-05-19T22:12:06,310405000,SAPPHIRE PRINCESS,JUNEAU,55.34413833,-131.6588383,280,190.0,0.3,0,9228186,ZCDG7
2008-05-19T22:11:57,310405000,SAPPHIRE PRINCESS,JUNEAU,55.34415,-131.6588317,281,191.0,0.2,0,9228186,ZCDG7
2008-05-19T22:11:46,310405000,SAPPHIRE PRINCESS,JUNEAU,55.34416,-131.6588283,281,191.0,0.2,0,9228186,ZCDG7
2008-05-19T22:11:36,310405000,SAPPHIRE PRINCESS,JUNEAU,55.34416833,-131.6588283,281,281.0,0.0,0,9228186,ZCDG7
2008-05-19T22:11:26,310405000,SAPPHIRE PRINCESS,JUNEAU,55.34417,-131.6588283,281,281.0,0.0,0,9228186,ZCDG7
2008-05-19T22:11:16,310405000,SAPPHIRE PRINCESS,JUNEAU,55.34417,-131.6588283,281,281.0,0.0,0,9228186,ZCDG7
2008-05-19T22:10:58,310405000,SAPPHIRE PRINCESS,JUNEAU,55.34416833,-131.65883,0,0.0,0.0,0,9228186,ZCDG7
2008-05-19T22:10:41,310405000,SAPPHIRE PRINCESS,JUNEAU,55.34416833,-131.65883,281,281.0,0.0,5,9228186,ZCDG7
2008-05-19T22:09:37,310405000,SAPPHIRE PRINCESS,JUNEAU,55.344175,-131.658825,0,0.0,0.0,0,9228186,ZCDG7
2008-05-19T22:07:37,310405000,SAPPHIRE PRINCESS,JUNEAU,55.344175,-131.658825,281,281.0,0.0,5,9228186,ZCDG7
2008-05-19T22:04:38,310405000,SAPPHIRE PRINCESS,JUNEAU,55.34417667,-131.6588233,281,281.0,0.0,5,9228186,ZCDG7
2008-05-19T22:03:36,310405000,SAPPHIRE PRINCESS,JUNEAU,55.34418,-131.6588233,0,0.0,0.0,0,9228186,ZCDG7
2008-05-19T22:01:33,310405000,SAPPHIRE PRINCESS,JUNEAU,55.34418,-131.6588233,281,281.0,0.0,5,9228186,ZCDG7
2008-05-19T21:58:34,310405000,SAPPHIRE PRINCESS,JUNEAU,55.34417667,-131.658825,281,281.0,0.0,5,9228186,ZCDG7
2008-05-19T21:57:35,310405000,SAPPHIRE PRINCESS,JUNEAU,55.344175,-131.658825,0,0.0,0.0,0,9228186,ZCDG7
2008-05-19T21:55:32,310405000,SAPPHIRE PRINCESS,JUNEAU,55.344175,-131.658825,281,281.0,0.0,5,9228186,ZCDG7
2008-05-19T21:52:32,310405000,SAPPHIRE PRINCESS,JUNEAU,55.34417833,-131.658825,281,281.0,0.0,5,9228186,ZCDG7
2008-05-19T21:51:34,310405000,SAPPHIRE PRINCESS,JUNEAU,55.34417667,-131.6588317,0,0.0,0.0,0,9228186,ZCDG7
2008-05-19T21:49:28,310405000,SAPPHIRE PRINCESS,JUNEAU,55.34417667,-131.6588317,281,281.0,0.0,5,9228186,ZCDG7
2008-05-19T21:46:30,310405000,SAPPHIRE PRINCESS,JUNEAU,55.344175,-131.658825,281,281.0,0.0,5,9228186,ZCDG7
2008-05-19T21:45:32,310405000,SAPPHIRE PRINCESS,JUNEAU,55.344175,-131.6588267,0,0.0,0.0,0,9228186,ZCDG7
2008-05-19T21:43:26,310405000,SAPPHIRE PRINCESS,JUNEAU,55.344175,-131.6588267,281,281.0,0.0,5,9228186,ZCDG7
2008-05-19T21:40:24,310405000,SAPPHIRE PRINCESS,JUNEAU,55.34417667,-131.6588267,281,281.0,0.0,5,9228186,ZCDG7
2008-05-19T21:39:30,310405000,SAPPHIRE PRINCESS,JUNEAU,55.34417167,-131.65883,0,0.0,0.0,0,9228186,ZCDG7
2008-05-19T21:37:26,310405000,SAPPHIRE PRINCESS,JUNEAU,55.34417167,-131.65883,281,281.0,0.0,5,9228186,ZCDG7
2008-05-19T21:34:23,310405000,SAPPHIRE PRINCESS,JUNEAU,55.34416667,-131.658835,281,281.0,0.0,5,9228186,ZCDG7
2008-05-19T21:33:35,310405000,SAPPHIRE PRINCESS,JUNEAU,55.34417167,-131.6588317,0,0.0,0.0,0,9228186,ZCDG7
2008-05-19T21:31:24,310405000,SAPPHIRE PRINCESS,JUNEAU,55.34417167,-131.6588317,281,281.0,0.0,5,9228186,ZCDG7
2008-05-19T21:28:20,310405000,SAPPHIRE PRINCESS,JUNEAU,55.344175,-131.6588283,281,281.0,0.0,5,9228186,ZCDG7
2008-05-19T21:27:32,310405000,SAPPHIRE PRINCESS,JUNEAU,55.34418,-131.6588317,0,0.0,0.0,0,9228186,ZCDG7
2008-05-19T21:25:18,310405000,SAPPHIRE PRINCESS,JUNEAU,55.34418,-131.6588317,281,281.0,0.0,5,9228186,ZCDG7
2008-05-19T21:22:18,310405000,SAPPHIRE PRINCESS,JUNEAU,55.344175,-131.6588233,281,281.0,0.0,5,9228186,ZCDG7
2008-05-19T21:21:30,310405000,SAPPHIRE PRINCESS,JUNEAU,55.34417333,-131.6588233,0,0.0,0.0,0,9228186,ZCDG7
2008-05-19T21:19:18,310405000,SAPPHIRE PRINCESS,JUNEAU,55.34417333,-131.6588233,281,281.0,0.0,5,9228186,ZCDG7
2008-05-19T21:16:17,310405000,SAPPHIRE PRINCESS,JUNEAU,55.34416667,-131.6588283,281,281.0,0.0,5,9228186,ZCDG7
2008-05-19T21:15:29,310405000,SAPPHIRE PRINCESS,JUNEAU,55.34416833,-131.65882,0,0.0,0.0,0,9228186,ZCDG7
2008-05-19T21:13:13,310405000,SAPPHIRE PRINCESS,JUNEAU,55.34416833,-131.65882,281,281.0,0.0,5,9228186,ZCDG7
2008-05-19T21:10:14,310405000,SAPPHIRE PRINCESS,JUNEAU,55.34417333,-131.6588233,281,281.0,0.0,5,9228186,ZCDG7
2008-05-19T21:09:32,310405000,SAPPHIRE PRINCESS,JUNEAU,55.34418,-131.658825,0,0.0,0.0,0,9228186,ZCDG7
2008-05-19T21:07:13,310405000,SAPPHIRE PRINCESS,JUNEAU,55.34418,-131.658825,281,281.0,0.0,5,9228186,ZCDG7
2008-05-19T21:04:09,310405000,SAPPHIRE PRINCESS,JUNEAU,55.34418,-131.65883,281,281.0,0.0,5,9228186,ZCDG7
2008-05-19T21:03:29,310405000,SAPPHIRE PRINCESS,JUNEAU,55.34417833,-131.6588217,0,0.0,0.0,0,9228186,ZCDG7
2008-05-19T21:01:08,310405000,SAPPHIRE PRINCESS,JUNEAU,55.34417833,-131.6588217,281,281.0,0.0,5,9228186,ZCDG7
2008-05-19T20:58:09,310405000,SAPPHIRE PRINCESS,JUNEAU,55.34417333,-131.6588267,281,281.0,0.0,5,9228186,ZCDG7
2008-05-19T20:57:30,310405000,SAPPHIRE PRINCESS,JUNEAU,55.34417,-131.6588217,0,0.0,0.0,0,9228186,ZCDG7
2008-05-19T20:55:05,310405000,SAPPHIRE PRINCESS,JUNEAU,55.34417,-131.6588217,281,281.0,0.0,5,9228186,ZCDG7
2008-05-19T20:52:07,310405000,SAPPHIRE PRINCESS,JUNEAU,55.34417167,-131.6588183,281,281.0,0.0,5,9228186,ZCDG7
2008-05-19T20:51:27,310405000,SAPPHIRE PRINCESS,JUNEAU,55.34416833,-131.65882,0,0.0,0.0,0,9228186,ZCDG7
2008-05-19T20:49:03,310405000,SAPPHIRE PRINCESS,JUNEAU,55.34416833,-131.65882,281,281.0,0.0,5,9228186,ZCDG7
2008-05-19T20:46:04,310405000,SAPPHIRE PRINCESS,JUNEAU,55.34417333,-131.6588283,281,281.0,0.0,5,9228186,ZCDG7
2008-05-19T20:45:27,310405000,SAPPHIRE PRINCESS,JUNEAU,55.34417,-131.65883,0,0.0,0.0,0,9228186,ZCDG7
2008-05-19T20:43:02,310405000,SAPPHIRE PRINCESS,JUNEAU,55.34417,-131.65883,281,281.0,0.0,5,9228186,ZCDG7
2008-05-19T20:40:01,310405000,SAPPHIRE PRINCESS,JUNEAU,55.34417833,-131.6588383,281,281.0,0.0,5,9228186,ZCDG7
2008-05-19T20:39:25,310405000,SAPPHIRE PRINCESS,JUNEAU,55.344185,-131.658835,0,0.0,0.0,0,9228186,ZCDG7
2008-05-19T20:36:59,310405000,SAPPHIRE PRINCESS,JUNEAU,55.344185,-131.658835,281,281.0,0.0,5,9228186,ZCDG7
2008-05-19T20:33:57,310405000,SAPPHIRE PRINCESS,JUNEAU,55.34418167,-131.658835,281,281.0,0.0,5,9228186,ZCDG7
2008-05-19T20:33:23,310405000,SAPPHIRE PRINCESS,JUNEAU,55.34418,-131.658835,0,0.0,0.0,0,9228186,ZCDG7
2008-05-19T20:30:55,310405000,SAPPHIRE PRINCESS,JUNEAU,55.34418,-131.658835,281,281.0,0.0,5,9228186,ZCDG7
2008-05-19T20:27:56,310405000,SAPPHIRE PRINCESS,JUNEAU,55.34418,-131.658835,281,281.0,0.0,5,9228186,ZCDG7
2008-05-19T20:27:29,310405000,SAPPHIRE PRINCESS,JUNEAU,55.34417833,-131.6588333,0,0.0,0.0,0,9228186,ZCDG7
2008-05-19T20:24:52,310405000,SAPPHIRE PRINCESS,JUNEAU,55.34417833,-131.6588333,281,281.0,0.0,5,9228186,ZCDG7
2008-05-19T20:21:53,310405000,SAPPHIRE PRINCESS,JUNEAU,55.34417667,-131.6588267,281,281.0,0.0,5,9228186,ZCDG7
2008-05-19T20:21:24,310405000,SAPPHIRE PRINCESS,JUNEAU,55.344175,-131.65883,0,0.0,0.0,0,9228186,ZCDG7
2008-05-19T20:18:50,310405000,SAPPHIRE PRINCESS,JUNEAU,55.344175,-131.65883,281,281.0,0.0,5,9228186,ZCDG7
2008-05-19T20:15:49,310405000,SAPPHIRE PRINCESS,JUNEAU,55.34417667,-131.6588283,281,281.0,0.0,5,9228186,ZCDG7
2008-05-19T20:15:21,310405000,SAPPHIRE PRINCESS,JUNEAU,55.34417667,-131.658835,0,0.0,0.0,0,9228186,ZCDG7
2008-05-19T20:12:50,310405000,SAPPHIRE PRINCESS,JUNEAU,55.34417667,-131.658835,281,281.0,0.0,5,9228186,ZCDG7
2008-05-19T20:09:48,310405000,SAPPHIRE PRINCESS,JUNEAU,55.34417667,-131.6588317,281,281.0,0.0,5,9228186,ZCDG7
2008-05-19T20:09:20,310405000,SAPPHIRE PRINCESS,JUNEAU,55.34417333,-131.6588333,0,0.0,0.0,0,9228186,ZCDG7
2008-05-19T20:06:44,310405000,SAPPHIRE PRINCESS,JUNEAU,55.34417333,-131.6588333,281,281.0,0.0,5,9228186,ZCDG7
2008-05-19T20:03:45,310405000,SAPPHIRE PRINCESS,JUNEAU,55.34417333,-131.658835,281,281.0,0.0,5,9228186,ZCDG7
2008-05-19T20:03:19,310405000,SAPPHIRE PRINCESS,JUNEAU,55.344175,-131.6588317,0,0.0,0.0,0,9228186,ZCDG7
2008-05-19T20:00:42,310405000,SAPPHIRE PRINCESS,JUNEAU,55.344175,-131.6588317,281,281.0,0.0,5,9228186,ZCDG7
2008-05-19T19:57:44,310405000,SAPPHIRE PRINCESS,JUNEAU,55.344175,-131.658835,281,281.0,0.0,5,9228186,ZCDG7
2008-05-19T19:57:26,310405000,SAPPHIRE PRINCESS,JUNEAU,55.34417333,-131.6588233,0,0.0,0.0,0,9228186,ZCDG7
2008-05-19T19:54:42,310405000,SAPPHIRE PRINCESS,JUNEAU,55.34417333,-131.6588233,281,281.0,0.0,5,9228186,ZCDG7
2008-05-19T19:51:39,310405000,SAPPHIRE PRINCESS,JUNEAU,55.34417167,-131.6588217,281,281.0,0.0,5,9228186,ZCDG7
2008-05-19T19:51:24,310405000,SAPPHIRE PRINCESS,JUNEAU,55.34417833,-131.658825,0,0.0,0.0,0,9228186,ZCDG7
2008-05-19T19:48:36,310405000,SAPPHIRE PRINCESS,JUNEAU,55.34417833,-131.658825,281,281.0,0.0,5,9228186,ZCDG7
2008-05-19T19:45:38,310405000,SAPPHIRE PRINCESS,JUNEAU,55.344175,-131.65883,281,281.0,0.0,5,9228186,ZCDG7
2008-05-19T19:45:21,310405000,SAPPHIRE PRINCESS,JUNEAU,55.34417833,-131.658835,0,0.0,0.0,0,9228186,ZCDG7
2008-05-19T19:42:35,310405000,SAPPHIRE PRINCESS,JUNEAU,55.34417833,-131.658835,281,281.0,0.0,5,9228186,ZCDG7
2008-05-19T19:39:34,310405000,SAPPHIRE PRINCESS,JUNEAU,55.34418833,-131.6588233,281,281.0,0.0,5,9228186,ZCDG7
2008-05-19T19:39:21,310405000,SAPPHIRE PRINCESS,JUNEAU,55.34418167,-131.6588233,0,0.0,0.0,0,9228186,ZCDG7
2008-05-19T19:36:34,310405000,SAPPHIRE PRINCESS,JUNEAU,55.34418167,-131.6588233,281,281.0,0.0,5,9228186,ZCDG7
2008-05-19T19:33:32,310405000,SAPPHIRE PRINCESS,JUNEAU,55.344185,-131.6588217,281,281.0,0.0,5,9228186,ZCDG7
2008-05-19T19:33:20,310405000,SAPPHIRE PRINCESS,JUNEAU,55.344185,-131.65882,0,0.0,0.0,0,9228186,ZCDG7
2008-05-19T19:30:29,310405000,SAPPHIRE PRINCESS,JUNEAU,55.344185,-131.65882,281,281.0,0.0,5,9228186,ZCDG7
2008-05-19T19:27:31,310405000,SAPPHIRE PRINCESS,JUNEAU,55.34418667,-131.658825,281,281.0,0.0,5,9228186,ZCDG7
2008-05-19T19:27:18,310405000,SAPPHIRE PRINCESS,JUNEAU,55.34418333,-131.6588267,0,0.0,0.0,0,9228186,ZCDG7
2008-05-19T19:24:28,310405000,SAPPHIRE PRINCESS,JUNEAU,55.34418333,-131.6588267,281,281.0,0.0,5,9228186,ZCDG7
2008-05-19T19:21:27,310405000,SAPPHIRE PRINCESS,JUNEAU,55.34418,-131.6588383,281,281.0,0.0,5,9228186,ZCDG7
2008-05-19T19:21:18,310405000,SAPPHIRE PRINCESS,JUNEAU,55.34417833,-131.6588367,0,0.0,0.0,0,9228186,ZCDG7
2008-05-19T19:18:24,310405000,SAPPHIRE PRINCESS,JUNEAU,55.34417833,-131.6588367,281,281.0,0.0,5,9228186,ZCDG7
2008-05-19T19:15:25,310405000,SAPPHIRE PRINCESS,JUNEAU,55.34417833,-131.6588333,281,281.0,0.0,5,9228186,ZCDG7
2008-05-19T19:15:18,310405000,SAPPHIRE PRINCESS,JUNEAU,55.344175,-131.6588333,0,0.0,0.0,0,9228186,ZCDG7
2008-05-19T19:12:22,310405000,SAPPHIRE PRINCESS,JUNEAU,55.344175,-131.6588333,281,281.0,0.0,5,9228186,ZCDG7
2008-05-19T19:09:23,310405000,SAPPHIRE PRINCESS,JUNEAU,55.34417833,-131.65884,282,282.0,0.0,5,9228186,ZCDG7
2008-05-19T19:09:16,310405000,SAPPHIRE PRINCESS,JUNEAU,55.34417333,-131.6588367,0,0.0,0.0,0,9228186,ZCDG7
2008-05-19T19:06:18,310405000,SAPPHIRE PRINCESS,JUNEAU,55.34417333,-131.6588367,282,282.0,0.0,5,9228186,ZCDG7
2008-05-19T19:03:17,310405000,SAPPHIRE PRINCESS,JUNEAU,55.34416833,-131.6588367,282,282.0,0.0,5,9228186,ZCDG7
2008-05-19T19:03:15,310405000,SAPPHIRE PRINCESS,JUNEAU,55.34417333,-131.6588383,0,0.0,0.0,0,9228186,ZCDG7
2008-05-19T19:00:17,310405000,SAPPHIRE PRINCESS,JUNEAU,55.34417333,-131.6588383,282,282.0,0.0,5,9228186,ZCDG7
2008-05-19T18:57:19,310405000,SAPPHIRE PRINCESS,JUNEAU,55.34418333,-131.6588417,0,0.0,0.0,0,9228186,ZCDG7
2008-05-19T18:57:14,310405000,SAPPHIRE PRINCESS,JUNEAU,55.34418333,-131.6588417,282,282.0,0.0,5,9228186,ZCDG7
2008-05-19T18:54:15,310405000,SAPPHIRE PRINCESS,JUNEAU,55.344175,-131.6588383,282,282.0,0.0,5,9228186,ZCDG7
2008-05-19T18:51:16,310405000,SAPPHIRE PRINCESS,JUNEAU,55.34417167,-131.6588333,0,0.0,0.0,0,9228186,ZCDG7
2008-05-19T18:51:13,310405000,SAPPHIRE PRINCESS,JUNEAU,55.34417167,-131.6588333,282,282.0,0.0,5,9228186,ZCDG7
2008-05-19T18:48:10,310405000,SAPPHIRE PRINCESS,JUNEAU,55.344175,-131.6588383,282,282.0,0.0,5,9228186,ZCDG7
2008-05-19T18:45:15,310405000,SAPPHIRE PRINCESS,JUNEAU,55.34417833,-131.6588367,0,0.0,0.0,0,9228186,ZCDG7
2008-05-19T18:45:10,310405000,SAPPHIRE PRINCESS,JUNEAU,55.34417833,-131.6588367,282,282.0,0.0,5,9228186,ZCDG7
2008-05-19T18:42:09,310405000,SAPPHIRE PRINCESS,JUNEAU,55.34417833,-131.6588317,282,282.0,0.0,5,9228186,ZCDG7
2008-05-19T18:39:15,310405000,SAPPHIRE PRINCESS,JUNEAU,55.34417833,-131.6588317,0,0.0,0.0,0,9228186,ZCDG7
2008-05-19T18:39:09,310405000,SAPPHIRE PRINCESS,JUNEAU,55.34417833,-131.6588317,282,282.0,0.0,5,9228186,ZCDG7
2008-05-19T18:38:06,310405000,SAPPHIRE PRINCESS,JUNEAU,55.34418167,-131.65883,0,0.0,0.0,0,9228186,ZCDG7
2008-05-19T18:36:07,310405000,SAPPHIRE PRINCESS,JUNEAU,55.34418167,-131.65883,282,282.0,0.0,5,9228186,ZCDG7
2008-05-19T18:33:05,310405000,SAPPHIRE PRINCESS,JUNEAU,55.34418333,-131.6588333,282,282.0,0.0,5,9228186,ZCDG7
2008-05-19T18:30:04,310405000,SAPPHIRE PRINCESS,JUNEAU,55.34418167,-131.65883,282,282.0,0.0,5,9228186,ZCDG7
2008-05-19T18:27:15,310405000,SAPPHIRE PRINCESS,JUNEAU,55.34418167,-131.6588383,0,0.0,0.0,0,9228186,ZCDG7
2008-05-19T18:27:04,310405000,SAPPHIRE PRINCESS,JUNEAU,55.34418167,-131.6588383,282,282.0,0.0,5,9228186,ZCDG7
2008-05-19T18:24:02,310405000,SAPPHIRE PRINCESS,JUNEAU,55.34418833,-131.658835,282,282.0,0.0,5,9228186,ZCDG7
2008-05-19T18:21:11,310405000,SAPPHIRE PRINCESS,JUNEAU,55.34418333,-131.658835,0,0.0,0.0,0,9228186,ZCDG7
2008-05-19T18:20:59,310405000,SAPPHIRE PRINCESS,JUNEAU,55.34418333,-131.658835,282,282.0,0.0,5,9228186,ZCDG7
2008-05-19T18:17:59,310405000,SAPPHIRE PRINCESS,JUNEAU,55.344175,-131.6588333,282,282.0,0.0,5,9228186,ZCDG7
2008-05-19T18:15:12,310405000,SAPPHIRE PRINCESS,JUNEAU,55.34418167,-131.6588383,0,0.0,0.0,0,9228186,ZCDG7
2008-05-19T18:14:59,310405000,SAPPHIRE PRINCESS,JUNEAU,55.34418167,-131.6588383,282,282.0,0.0,5,9228186,ZCDG7
2008-05-19T18:11:56,310405000,SAPPHIRE PRINCESS,JUNEAU,55.34418,-131.6588267,282,282.0,0.0,5,9228186,ZCDG7
2008-05-19T18:09:14,310405000,SAPPHIRE PRINCESS,JUNEAU,55.34418167,-131.6588333,0,0.0,0.0,0,9228186,ZCDG7
2008-05-19T18:08:57,310405000,SAPPHIRE PRINCESS,JUNEAU,55.34418167,-131.6588333,282,282.0,0.0,5,9228186,ZCDG7
2008-05-19T18:05:53,310405000,SAPPHIRE PRINCESS,JUNEAU,55.34418167,-131.6588333,282,282.0,0.0,5,9228186,ZCDG7
2008-05-19T18:03:08,310405000,SAPPHIRE PRINCESS,JUNEAU,55.34418,-131.658835,0,0.0,0.0,0,9228186,ZCDG7
2008-05-19T18:02:54,310405000,SAPPHIRE PRINCESS,JUNEAU,55.34418,-131.658835,282,282.0,0.0,5,9228186,ZCDG7
2008-05-19T17:59:52,310405000,SAPPHIRE PRINCESS,JUNEAU,55.34418,-131.6588383,282,282.0,0.0,5,9228186,ZCDG7
2008-05-19T17:57:14,310405000,SAPPHIRE PRINCESS,JUNEAU,55.34418,-131.6588367,0,0.0,0.0,0,9228186,ZCDG7
2008-05-19T17:56:51,310405000,SAPPHIRE PRINCESS,JUNEAU,55.34418,-131.6588367,282,282.0,0.0,5,9228186,ZCDG7
2008-05-19T17:53:48,310405000,SAPPHIRE PRINCESS,JUNEAU,55.34417833,-131.6588367,282,282.0,0.0,5,9228186,ZCDG7
2008-05-19T17:51:10,310405000,SAPPHIRE PRINCESS,JUNEAU,55.34417833,-131.6588333,0,0.0,0.0,0,9228186,ZCDG7
2008-05-19T17:50:47,310405000,SAPPHIRE PRINCESS,JUNEAU,55.34417833,-131.6588333,282,282.0,0.0,5,9228186,ZCDG7
2008-05-19T17:47:44,310405000,SAPPHIRE PRINCESS,JUNEAU,55.34417667,-131.6588317,282,282.0,0.0,5,9228186,ZCDG7
2008-05-19T17:45:09,310405000,SAPPHIRE PRINCESS,JUNEAU,55.34418167,-131.6588333,0,0.0,0.0,0,9228186,ZCDG7
2008-05-19T17:44:43,310405000,SAPPHIRE PRINCESS,JUNEAU,55.34418167,-131.6588333,282,282.0,0.0,5,9228186,ZCDG7
2008-05-19T17:41:45,310405000,SAPPHIRE PRINCESS,JUNEAU,55.34418667,-131.6588333,282,282.0,0.0,5,9228186,ZCDG7
2008-05-19T17:39:12,310405000,SAPPHIRE PRINCESS,JUNEAU,55.344185,-131.6588367,0,0.0,0.0,0,9228186,ZCDG7
2008-05-19T17:38:41,310405000,SAPPHIRE PRINCESS,JUNEAU,55.344185,-131.6588367,282,282.0,0.0,5,9228186,ZCDG7
2008-05-19T17:35:39,310405000,SAPPHIRE PRINCESS,JUNEAU,55.34418833,-131.6588333,282,282.0,0.0,5,9228186,ZCDG7
2008-05-19T17:33:10,310405000,SAPPHIRE PRINCESS,JUNEAU,55.344185,-131.658835,0,0.0,0.0,0,9228186,ZCDG7
2008-05-19T17:32:41,310405000,SAPPHIRE PRINCESS,JUNEAU,55.344185,-131.658835,282,282.0,0.0,5,9228186,ZCDG7
2008-05-19T17:29:39,310405000,SAPPHIRE PRINCESS,JUNEAU,55.344185,-131.65883,282,282.0,0.0,5,9228186,ZCDG7
2008-05-19T17:27:05,310405000,SAPPHIRE PRINCESS,JUNEAU,55.34418667,-131.6588333,0,0.0,0.0,0,9228186,ZCDG7
2008-05-19T17:26:38,310405000,SAPPHIRE PRINCESS,JUNEAU,55.34418667,-131.6588333,282,282.0,0.0,5,9228186,ZCDG7
2008-05-19T17:23:36,310405000,SAPPHIRE PRINCESS,JUNEAU,55.344185,-131.65883,282,282.0,0.0,5,9228186,ZCDG7
2008-05-19T17:21:07,310405000,SAPPHIRE PRINCESS,JUNEAU,55.344185,-131.6588317,0,0.0,0.0,0,9228186,ZCDG7
2008-05-19T17:20:36,310405000,SAPPHIRE PRINCESS,JUNEAU,55.344185,-131.6588317,282,282.0,0.0,5,9228186,ZCDG7
2008-05-19T17:17:33,310405000,SAPPHIRE PRINCESS,JUNEAU,55.34418667,-131.6588367,282,282.0,0.0,5,9228186,ZCDG7
2008-05-19T17:15:06,310405000,SAPPHIRE PRINCESS,JUNEAU,55.34419,-131.6588367,0,0.0,0.0,0,9228186,ZCDG7
2008-05-19T17:14:30,310405000,SAPPHIRE PRINCESS,JUNEAU,55.34419,-131.6588367,282,282.0,0.0,5,9228186,ZCDG7
2008-05-19T17:11:29,310405000,SAPPHIRE PRINCESS,JUNEAU,55.34418833,-131.658835,282,282.0,0.0,5,9228186,ZCDG7
2008-05-19T17:09:08,310405000,SAPPHIRE PRINCESS,JUNEAU,55.34418667,-131.6588383,0,0.0,0.0,0,9228186,ZCDG7
2008-05-19T17:08:31,310405000,SAPPHIRE PRINCESS,JUNEAU,55.34418667,-131.6588383,282,282.0,0.0,5,9228186,ZCDG7
2008-05-19T17:05:27,310405000,SAPPHIRE PRINCESS,JUNEAU,55.34418667,-131.6588367,282,282.0,0.0,5,9228186,ZCDG7
2008-05-19T17:03:06,310405000,SAPPHIRE PRINCESS,JUNEAU,55.34418333,-131.6588383,0,0.0,0.0,0,9228186,ZCDG7
2008-05-19T17:02:27,310405000,SAPPHIRE PRINCESS,JUNEAU,55.34418333,-131.6588383,282,282.0,0.0,5,9228186,ZCDG7
2008-05-19T16:59:26,310405000,SAPPHIRE PRINCESS,JUNEAU,55.344185,-131.6588433,282,282.0,0.0,5,9228186,ZCDG7
2008-05-19T16:57:03,310405000,SAPPHIRE PRINCESS,JUNEAU,55.344185,-131.65884,0,0.0,0.0,0,9228186,ZCDG7
2008-05-19T16:56:23,310405000,SAPPHIRE PRINCESS,JUNEAU,55.344185,-131.65884,282,282.0,0.0,5,9228186,ZCDG7
2008-05-19T16:53:21,310405000,SAPPHIRE PRINCESS,JUNEAU,55.344185,-131.65884,282,282.0,0.0,5,9228186,ZCDG7
2008-05-19T16:51:02,310405000,SAPPHIRE PRINCESS,JUNEAU,55.34418667,-131.6588383,0,0.0,0.0,0,9228186,ZCDG7
2008-05-19T16:50:20,310405000,SAPPHIRE PRINCESS,JUNEAU,55.34418667,-131.6588383,282,282.0,0.0,5,9228186,ZCDG7
2008-05-19T16:47:20,310405000,SAPPHIRE PRINCESS,JUNEAU,55.34418667,-131.6588383,282,282.0,0.0,5,9228186,ZCDG7
2008-05-19T16:45:05,310405000,SAPPHIRE PRINCESS,JUNEAU,55.34418667,-131.6588417,0,0.0,0.0,0,9228186,ZCDG7
2008-05-19T16:44:20,310405000,SAPPHIRE PRINCESS,JUNEAU,55.34418667,-131.6588417,282,282.0,0.0,5,9228186,ZCDG7
2008-05-19T16:41:15,310405000,SAPPHIRE PRINCESS,JUNEAU,55.344185,-131.6588367,282,282.0,0.0,5,9228186,ZCDG7
2008-05-19T16:39:03,310405000,SAPPHIRE PRINCESS,JUNEAU,55.34419,-131.65884,0,0.0,0.0,0,9228186,ZCDG7
2008-05-19T16:38:15,310405000,SAPPHIRE PRINCESS,JUNEAU,55.34419,-131.65884,282,282.0,0.0,5,9228186,ZCDG7
2008-05-19T16:35:15,310405000,SAPPHIRE PRINCESS,JUNEAU,55.34419,-131.6588367,282,282.0,0.0,5,9228186,ZCDG7
2008-05-19T16:33:04,310405000,SAPPHIRE PRINCESS,JUNEAU,55.34419,-131.658835,0,0.0,0.0,0,9228186,ZCDG7
2008-05-19T16:32:12,310405000,SAPPHIRE PRINCESS,JUNEAU,55.34419,-131.658835,282,282.0,0.0,5,9228186,ZCDG7
2008-05-19T16:29:10,310405000,SAPPHIRE PRINCESS,JUNEAU,55.34418667,-131.65884,281,281.0,0.0,5,9228186,ZCDG7
2008-05-19T16:27:02,310405000,SAPPHIRE PRINCESS,JUNEAU,55.34418667,-131.6588433,0,0.0,0.0,0,9228186,ZCDG7
2008-05-19T16:26:09,310405000,SAPPHIRE PRINCESS,JUNEAU,55.34418667,-131.6588433,281,281.0,0.0,5,9228186,ZCDG7
2008-05-19T16:23:09,310405000,SAPPHIRE PRINCESS,JUNEAU,55.34418833,-131.6588483,281,281.0,0.0,5,9228186,ZCDG7
2008-05-19T16:21:02,310405000,SAPPHIRE PRINCESS,JUNEAU,55.34418833,-131.65885,0,0.0,0.0,0,9228186,ZCDG7
2008-05-19T16:20:09,310405000,SAPPHIRE PRINCESS,JUNEAU,55.34418833,-131.65885,281,281.0,0.0,5,9228186,ZCDG7
2008-05-19T16:17:08,310405000,SAPPHIRE PRINCESS,JUNEAU,55.344185,-131.658845,281,281.0,0.0,5,9228186,ZCDG7
2008-05-19T16:15:03,310405000,SAPPHIRE PRINCESS,JUNEAU,55.34418167,-131.6588383,0,0.0,0.0,0,9228186,ZCDG7
2008-05-19T16:14:05,310405000,SAPPHIRE PRINCESS,JUNEAU,55.34418167,-131.6588383,281,281.0,0.0,5,9228186,ZCDG7
2008-05-19T16:11:02,310405000,SAPPHIRE PRINCESS,JUNEAU,55.34418167,-131.658835,281,281.0,0.0,5,9228186,ZCDG7
2008-05-19T16:08:59,310405000,SAPPHIRE PRINCESS,JUNEAU,55.34418,-131.6588433,0,0.0,0.0,0,9228186,ZCDG7
2008-05-19T16:08:04,310405000,SAPPHIRE PRINCESS,JUNEAU,55.34418,-131.6588433,281,281.0,0.0,5,9228186,ZCDG7
2008-05-19T16:05:00,310405000,SAPPHIRE PRINCESS,JUNEAU,55.34417667,-131.6588417,281,281.0,0.0,5,9228186,ZCDG7
2008-05-19T16:02:56,310405000,SAPPHIRE PRINCESS,JUNEAU,55.34417667,-131.6588417,0,0.0,0.0,0,9228186,ZCDG7
2008-05-19T16:02:02,310405000,SAPPHIRE PRINCESS,JUNEAU,55.34417667,-131.6588417,281,281.0,0.0,5,9228186,ZCDG7
2008-05-19T15:58:58,310405000,SAPPHIRE PRINCESS,JUNEAU,55.34417833,-131.6588433,281,281.0,0.0,5,9228186,ZCDG7
2008-05-19T15:56:58,310405000,SAPPHIRE PRINCESS,JUNEAU,55.34417667,-131.6588383,0,0.0,0.0,0,9228186,ZCDG7
2008-05-19T15:55:58,310405000,SAPPHIRE PRINCESS,JUNEAU,55.34417667,-131.6588383,281,281.0,0.0,5,9228186,ZCDG7
2008-05-19T15:52:58,310405000,SAPPHIRE PRINCESS,JUNEAU,55.34417833,-131.65884,281,281.0,0.0,5,9228186,ZCDG7
2008-05-19T15:50:59,310405000,SAPPHIRE PRINCESS,JUNEAU,55.34418,-131.658835,0,0.0,0.0,0,9228186,ZCDG7
2008-05-19T15:49:55,310405000,SAPPHIRE PRINCESS,JUNEAU,55.34418,-131.658835,281,281.0,0.0,5,9228186,ZCDG7
2008-05-19T15:46:55,310405000,SAPPHIRE PRINCESS,JUNEAU,55.34417167,-131.6588267,281,281.0,0.0,5,9228186,ZCDG7
2008-05-19T15:44:56,310405000,SAPPHIRE PRINCESS,JUNEAU,55.34417333,-131.6588317,0,0.0,0.0,0,9228186,ZCDG7
2008-05-19T15:43:52,310405000,SAPPHIRE PRINCESS,JUNEAU,55.34417333,-131.6588317,281,281.0,0.0,5,9228186,ZCDG7
2008-05-19T15:40:50,310405000,SAPPHIRE PRINCESS,JUNEAU,55.34417667,-131.6588317,281,281.0,0.0,5,9228186,ZCDG7
2008-05-19T15:38:59,310405000,SAPPHIRE PRINCESS,JUNEAU,55.344175,-131.6588367,0,0.0,0.0,0,9228186,ZCDG7
2008-05-19T15:37:50,310405000,SAPPHIRE PRINCESS,JUNEAU,55.344175,-131.6588367,281,281.0,0.0,5,9228186,ZCDG7
2008-05-19T15:34:47,310405000,SAPPHIRE PRINCESS,JUNEAU,55.34417667,-131.658835,281,281.0,0.0,5,9228186,ZCDG7
2008-05-19T15:32:56,310405000,SAPPHIRE PRINCESS,JUNEAU,55.34418,-131.6588383,0,0.0,0.0,0,9228186,ZCDG7
2008-05-19T15:31:48,310405000,SAPPHIRE PRINCESS,JUNEAU,55.34418,-131.6588383,281,281.0,0.0,5,9228186,ZCDG7
2008-05-19T15:28:47,310405000,SAPPHIRE PRINCESS,JUNEAU,55.34418167,-131.65884,281,281.0,0.0,5,9228186,ZCDG7
2008-05-19T15:26:57,310405000,SAPPHIRE PRINCESS,JUNEAU,55.34418,-131.6588333,0,0.0,0.0,0,9228186,ZCDG7
2008-05-19T15:25:43,310405000,SAPPHIRE PRINCESS,JUNEAU,55.34418,-131.6588333,281,281.0,0.0,5,9228186,ZCDG7
2008-05-19T15:22:44,310405000,SAPPHIRE PRINCESS,JUNEAU,55.34418167,-131.65884,281,281.0,0.0,5,9228186,ZCDG7
2008-05-19T15:20:55,310405000,SAPPHIRE PRINCESS,JUNEAU,55.34418167,-131.6588383,0,0.0,0.0,0,9228186,ZCDG7
2008-05-19T15:19:42,310405000,SAPPHIRE PRINCESS,JUNEAU,55.34418167,-131.6588383,281,281.0,0.0,5,9228186,ZCDG7
2008-05-19T15:16:42,310405000,SAPPHIRE PRINCESS,JUNEAU,55.34417167,-131.6588333,281,281.0,0.0,5,9228186,ZCDG7
2008-05-19T15:14:52,310405000,SAPPHIRE PRINCESS,JUNEAU,55.34417833,-131.6588317,0,0.0,0.0,0,9228186,ZCDG7
2008-05-19T15:13:40,310405000,SAPPHIRE PRINCESS,JUNEAU,55.34417833,-131.6588317,281,281.0,0.0,5,9228186,ZCDG7
2008-05-19T15:10:36,310405000,SAPPHIRE PRINCESS,JUNEAU,55.34417333,-131.658835,281,281.0,0.0,5,9228186,ZCDG7
2008-05-19T15:09:28,310405000,SAPPHIRE PRINCESS,JUNEAU,55.344175,-131.658835,281,281.0,0.0,5,9228186,ZCDG7
2008-05-19T15:08:51,310405000,SAPPHIRE PRINCESS,JUNEAU,55.344175,-131.6588367,0,0.0,0.0,0,9228186,ZCDG7
2008-05-19T15:06:35,310405000,SAPPHIRE PRINCESS,JUNEAU,55.344175,-131.6588367,0,0.0,0.0,0,9228186,ZCDG7
2008-05-19T15:04:37,310405000,SAPPHIRE PRINCESS,JUNEAU,55.344175,-131.6588367,281,281.0,0.0,5,9228186,ZCDG7
2008-05-19T15:01:33,310405000,SAPPHIRE PRINCESS,JUNEAU,55.344175,-131.6588333,281,281.0,0.0,5,9228186,ZCDG7
2008-05-19T14:58:32,310405000,SAPPHIRE PRINCESS,JUNEAU,55.34417833,-131.6588333,281,281.0,0.0,5,9228186,ZCDG7
2008-05-19T14:56:51,310405000,SAPPHIRE PRINCESS,JUNEAU,55.34417167,-131.6588383,0,0.0,0.0,0,9228186,ZCDG7
2008-05-19T14:55:31,310405000,SAPPHIRE PRINCESS,JUNEAU,55.34417167,-131.6588383,281,281.0,0.0,5,9228186,ZCDG7
2008-05-19T14:52:29,310405000,SAPPHIRE PRINCESS,JUNEAU,55.344175,-131.6588383,281,281.0,0.0,5,9228186,ZCDG7
2008-05-19T14:50:55,310405000,SAPPHIRE PRINCESS,JUNEAU,55.34417833,-131.658835,0,0.0,0.0,0,9228186,ZCDG7
2008-05-19T14:49:29,310405000,SAPPHIRE PRINCESS,JUNEAU,55.34417833,-131.658835,281,281.0,0.0,5,9228186,ZCDG7
2008-05-19T14:46:28,310405000,SAPPHIRE PRINCESS,JUNEAU,55.344175,-131.6588367,281,281.0,0.0,5,9228186,ZCDG7
2008-05-19T14:44:48,310405000,SAPPHIRE PRINCESS,JUNEAU,55.34418,-131.6588333,0,0.0,0.0,0,9228186,ZCDG7
2008-05-19T14:43:26,310405000,SAPPHIRE PRINCESS,JUNEAU,55.34418,-131.6588333,281,281.0,0.0,5,9228186,ZCDG7
2008-05-19T14:40:26,310405000,SAPPHIRE PRINCESS,JUNEAU,55.34417833,-131.6588367,281,281.0,0.0,5,9228186,ZCDG7
2008-05-19T14:38:52,310405000,SAPPHIRE PRINCESS,JUNEAU,55.34417833,-131.6588383,0,0.0,0.0,0,9228186,ZCDG7
2008-05-19T14:37:24,310405000,SAPPHIRE PRINCESS,JUNEAU,55.34417833,-131.6588383,281,281.0,0.0,5,9228186,ZCDG7
2008-05-19T14:34:24,310405000,SAPPHIRE PRINCESS,JUNEAU,55.34417667,-131.65884,281,281.0,0.0,5,9228186,ZCDG7
2008-05-19T14:32:52,310405000,SAPPHIRE PRINCESS,JUNEAU,55.34418,-131.6588317,0,0.0,0.0,0,9228186,ZCDG7
2008-05-19T14:31:22,310405000,SAPPHIRE PRINCESS,JUNEAU,55.34418,-131.6588317,281,281.0,0.0,5,9228186,ZCDG7
2008-05-19T14:30:19,310405000,SAPPHIRE PRINCESS,JUNEAU,55.34417833,-131.6588283,281,281.0,0.0,5,9228186,ZCDG7
2008-05-19T14:26:52,310405000,SAPPHIRE PRINCESS,JUNEAU,55.34417833,-131.65883,0,0.0,0.0,0,9228186,ZCDG7
2008-05-19T14:25:20,310405000,SAPPHIRE PRINCESS,JUNEAU,55.34417833,-131.65883,281,281.0,0.0,5,9228186,ZCDG7
2008-05-19T14:22:16,310405000,SAPPHIRE PRINCESS,JUNEAU,55.34418333,-131.6588317,281,281.0,0.0,5,9228186,ZCDG7
2008-05-19T14:20:52,310405000,SAPPHIRE PRINCESS,JUNEAU,55.34417833,-131.658835,0,0.0,0.0,0,9228186,ZCDG7
2008-05-19T14:19:18,310405000,SAPPHIRE PRINCESS,JUNEAU,55.34417833,-131.658835,281,281.0,0.0,5,9228186,ZCDG7
2008-05-19T14:16:16,310405000,SAPPHIRE PRINCESS,JUNEAU,55.34418333,-131.6588333,281,281.0,0.0,5,9228186,ZCDG7
2008-05-19T14:14:49,310405000,SAPPHIRE PRINCESS,JUNEAU,55.34418167,-131.6588333,0,0.0,0.0,0,9228186,ZCDG7
2008-05-19T14:13:13,310405000,SAPPHIRE PRINCESS,JUNEAU,55.34418167,-131.6588333,281,281.0,0.0,5,9228186,ZCDG7
2008-05-19T14:10:13,310405000,SAPPHIRE PRINCESS,JUNEAU,55.34413833,-131.658805,281,352.5,0.3,5,9228186,ZCDG7
2008-05-19T14:08:50,310405000,SAPPHIRE PRINCESS,JUNEAU,55.34397667,-131.65895,0,0.0,0.0,0,9228186,ZCDG7
2008-05-19T14:07:12,310405000,SAPPHIRE PRINCESS,JUNEAU,55.34397667,-131.65895,280,325.0,0.1,5,9228186,ZCDG7
2008-05-19T14:04:49,310405000,SAPPHIRE PRINCESS,JUNEAU,55.34387667,-131.6588567,279,312.6,0.4,5,9228186,ZCDG7
2008-05-19T14:04:11,310405000,SAPPHIRE PRINCESS,JUNEAU,55.34383667,-131.6587983,279,305.5,0.2,5,9228186,ZCDG7
2008-05-19T14:02:46,310405000,SAPPHIRE PRINCESS,JUNEAU,55.34349667,-131.6583017,0,0.0,0.0,0,9228186,ZCDG7
2008-05-19T13:58:08,310405000,SAPPHIRE PRINCESS,JUNEAU,55.34349667,-131.6583017,284,284.0,0.4,5,9228186,ZCDG7
2008-05-19T13:56:45,310405000,SAPPHIRE PRINCESS,JUNEAU,55.343185,-131.6574883,0,0.0,0.0,0,9228186,ZCDG7
2008-05-19T13:55:07,310405000,SAPPHIRE PRINCESS,JUNEAU,55.343185,-131.6574883,289,301.5,0.9,5,9228186,ZCDG7
2008-05-19T13:52:53,310405000,SAPPHIRE PRINCESS,JUNEAU,55.34277333,-131.6564517,291,309.4,1.3,5,9228186,ZCDG7
2008-05-19T13:52:43,310405000,SAPPHIRE PRINCESS,JUNEAU,55.34273,-131.656365,291,312.0,1.4,5,9228186,ZCDG7
2008-05-19T13:52:33,310405000,SAPPHIRE PRINCESS,JUNEAU,55.342685,-131.656285,291,308.1,1.4,5,9228186,ZCDG7
2008-05-19T13:52:23,310405000,SAPPHIRE PRINCESS,JUNEAU,55.34264667,-131.6562017,291,299.7,1.3,5,9228186,ZCDG7
2008-05-19T13:52:13,310405000,SAPPHIRE PRINCESS,JUNEAU,55.34261833,-131.6561083,291,303.9,1.3,5,9228186,ZCDG7
2008-05-19T13:52:03,310405000,SAPPHIRE PRINCESS,JUNEAU,55.34258333,-131.6560183,292,300.7,1.3,5,9228186,ZCDG7
2008-05-19T13:51:53,310405000,SAPPHIRE PRINCESS,JUNEAU,55.34256,-131.6559367,292,310.4,1.3,5,9228186,ZCDG7
2008-05-19T13:51:43,310405000,SAPPHIRE PRINCESS,JUNEAU,55.34252,-131.65585,292,302.3,1.1,5,9228186,ZCDG7
2008-05-19T13:51:33,310405000,SAPPHIRE PRINCESS,JUNEAU,55.34249167,-131.6557717,291,296.7,1.0,5,9228186,ZCDG7
2008-05-19T13:51:23,310405000,SAPPHIRE PRINCESS,JUNEAU,55.34247167,-131.6556967,291,279.6,1.0,5,9228186,ZCDG7
2008-05-19T13:51:13,310405000,SAPPHIRE PRINCESS,JUNEAU,55.34246333,-131.6556133,292,270.1,1.1,5,9228186,ZCDG7
2008-05-19T13:51:04,310405000,SAPPHIRE PRINCESS,JUNEAU,55.34246333,-131.6555317,293,277.7,1.1,5,9228186,ZCDG7
2008-05-19T13:50:53,310405000,SAPPHIRE PRINCESS,JUNEAU,55.34245667,-131.6554367,294,269.5,1.2,5,9228186,ZCDG7
2008-05-19T13:50:44,310405000,SAPPHIRE PRINCESS,JUNEAU,55.34246167,-131.65535,0,0.0,0.0,0,9228186,ZCDG7
2008-05-19T13:50:43,310405000,SAPPHIRE PRINCESS,JUNEAU,55.34246167,-131.65535,295,273.1,1.1,5,9228186,ZCDG7
2008-05-19T13:50:33,310405000,SAPPHIRE PRINCESS,JUNEAU,55.34245833,-131.6552583,296,285.6,1.1,5,9228186,ZCDG7
2008-05-19T13:50:23,310405000,SAPPHIRE PRINCESS,JUNEAU,55.34244,-131.6551583,297,307.3,1.1,5,9228186,ZCDG7
2008-05-19T13:50:20,310405000,SAPPHIRE PRINCESS,JUNEAU,55.34241,-131.6550883,0,0.0,0.0,0,9228186,ZCDG7
2008-05-19T13:50:13,310405000,SAPPHIRE PRINCESS,JUNEAU,55.34241,-131.6550883,297,312.2,1.1,5,9228186,ZCDG7
2008-05-19T13:50:08,310405000,SAPPHIRE PRINCESS,JUNEAU,55.34237833,-131.6550283,0,0.0,0.0,0,9228186,ZCDG7
2008-05-19T13:50:04,310405000,SAPPHIRE PRINCESS,KETCHIKAN,55.34237833,-131.6550283,296,311.2,1.1,5,9228186,ZCDG7
2008-05-19T13:49:53,310405000,SAPPHIRE PRINCESS,KETCHIKAN,55.34234167,-131.6549567,296,310.0,1.2,5,9228186,ZCDG7
2008-05-19T13:49:43,310405000,SAPPHIRE PRINCESS,KETCHIKAN,55.34230667,-131.65489,296,296.0,1.1,5,9228186,ZCDG7
2008-05-19T13:49:33,310405000,SAPPHIRE PRINCESS,KETCHIKAN,55.34228667,-131.6548067,296,296.0,1.1,5,9228186,ZCDG7
2008-05-19T13:49:24,310405000,SAPPHIRE PRINCESS,KETCHIKAN,55.34226667,-131.65473,297,287.5,1.2,5,9228186,ZCDG7
2008-05-19T13:49:13,310405000,SAPPHIRE PRINCESS,KETCHIKAN,55.34225,-131.6546183,298,288.5,1.2,5,9228186,ZCDG7
2008-05-19T13:49:04,310405000,SAPPHIRE PRINCESS,KETCHIKAN,55.342235,-131.6545383,299,294.2,1.2,5,9228186,ZCDG7
2008-05-19T13:49:00,310405000,SAPPHIRE PRINCESS,KETCHIKAN,55.34221667,-131.654435,0,0.0,0.0,0,9228186,ZCDG7
2008-05-19T13:48:53,310405000,SAPPHIRE PRINCESS,KETCHIKAN,55.34221667,-131.654435,300,287.0,1.3,0,9228186,ZCDG7
2008-05-19T13:48:43,310405000,SAPPHIRE PRINCESS,KETCHIKAN,55.342205,-131.6543433,301,296.6,1.3,0,9228186,ZCDG7
2008-05-19T13:48:33,310405000,SAPPHIRE PRINCESS,KETCHIKAN,55.34217833,-131.6542383,301,301.0,1.3,0,9228186,ZCDG7
2008-05-19T13:48:24,310405000,SAPPHIRE PRINCESS,KETCHIKAN,55.34215167,-131.654155,302,310.1,1.4,0,9228186,ZCDG7
2008-05-19T13:48:13,310405000,SAPPHIRE PRINCESS,KETCHIKAN,55.34211,-131.6540683,302,305.8,1.5,0,9228186,ZCDG7
2008-05-19T13:48:04,310405000,SAPPHIRE PRINCESS,KETCHIKAN,55.34207333,-131.6539817,302,298.4,1.6,0,9228186,ZCDG7
2008-05-19T13:47:53,310405000,SAPPHIRE PRINCESS,KETCHIKAN,55.34203167,-131.653845,303,292.9,1.7,0,9228186,ZCDG7
2008-05-19T13:47:43,310405000,SAPPHIRE PRINCESS,KETCHIKAN,55.342,-131.6537117,304,291.4,1.8,0,9228186,ZCDG7
2008-05-19T13:47:33,310405000,SAPPHIRE PRINCESS,KETCHIKAN,55.34197167,-131.653575,305,298.6,1.8,0,9228186,ZCDG7
2008-05-19T13:47:24,310405000,SAPPHIRE PRINCESS,KETCHIKAN,55.34193667,-131.6534567,306,302.9,1.9,0,9228186,ZCDG7
2008-05-19T13:47:13,310405000,SAPPHIRE PRINCESS,KETCHIKAN,55.341885,-131.6533133,307,307.0,2.1,0,9228186,ZCDG7
2008-05-19T13:47:04,310405000,SAPPHIRE PRINCESS,KETCHIKAN,55.341835,-131.6531917,307,304.5,2.3,0,9228186,ZCDG7
2008-05-19T13:46:53,310405000,SAPPHIRE PRINCESS,KETCHIKAN,55.34177667,-131.65304,308,305.7,2.5,0,9228186,ZCDG7
2008-05-19T13:46:43,310405000,SAPPHIRE PRINCESS,KETCHIKAN,55.34170667,-131.65286,308,308.0,2.6,0,9228186,ZCDG7
2008-05-19T13:46:33,310405000,SAPPHIRE PRINCESS,KETCHIKAN,55.34163,-131.6526933,309,304.9,2.8,0,9228186,ZCDG7
2008-05-19T13:46:24,310405000,SAPPHIRE PRINCESS,KETCHIKAN,55.341565,-131.6525233,309,309.0,2.9,0,9228186,ZCDG7
2008-05-19T13:46:13,310405000,SAPPHIRE PRINCESS,KETCHIKAN,55.34147167,-131.65232,310,308.1,3.1,0,9228186,ZCDG7
2008-05-19T13:46:03,310405000,SAPPHIRE PRINCESS,KETCHIKAN,55.34138667,-131.65212,311,307.4,3.2,0,9228186,ZCDG7
2008-05-19T13:45:53,310405000,SAPPHIRE PRINCESS,KETCHIKAN,55.3413,-131.6519133,312,312.0,3.3,0,9228186,ZCDG7
2008-05-19T13:45:43,310405000,SAPPHIRE PRINCESS,KETCHIKAN,55.34119833,-131.6517117,312,313.6,3.5,0,9228186,ZCDG7
2008-05-19T13:45:34,310405000,SAPPHIRE PRINCESS,KETCHIKAN,55.3411,-131.651525,312,313.5,3.6,0,9228186,ZCDG7
2008-05-19T13:45:26,310405000,SAPPHIRE PRINCESS,KETCHIKAN,55.34096833,-131.65129,0,0.0,0.0,0,9228186,ZCDG7
2008-05-19T13:45:24,310405000,SAPPHIRE PRINCESS,KETCHIKAN,55.34096833,-131.65129,312,313.5,3.8,0,9228186,ZCDG7
2008-05-19T13:45:13,310405000,SAPPHIRE PRINCESS,KETCHIKAN,55.34084833,-131.6510717,312,313.4,4.0,0,9228186,ZCDG7
2008-05-19T13:45:03,310405000,SAPPHIRE PRINCESS,KETCHIKAN,55.34071667,-131.6508433,312,316.1,4.1,0,9228186,ZCDG7
2008-05-19T13:44:53,310405000,SAPPHIRE PRINCESS,KETCHIKAN,55.34058167,-131.6506217,312,314.7,4.2,0,9228186,ZCDG7
2008-05-19T13:44:43,310405000,SAPPHIRE PRINCESS,KETCHIKAN,55.340445,-131.6503817,311,317.7,4.2,0,9228186,ZCDG7
2008-05-19T13:44:34,310405000,SAPPHIRE PRINCESS,KETCHIKAN,55.340315,-131.65018,310,316.6,4.3,0,9228186,ZCDG7
2008-05-19T13:44:22,310405000,SAPPHIRE PRINCESS,KETCHIKAN,55.340145,-131.6498917,310,312.6,4.4,0,9228186,ZCDG7
2008-05-19T13:44:13,310405000,SAPPHIRE PRINCESS,KETCHIKAN,55.34001167,-131.64963,310,311.3,4.4,0,9228186,ZCDG7
2008-05-19T13:44:03,310405000,SAPPHIRE PRINCESS,KETCHIKAN,55.33987667,-131.6493633,310,310.0,4.5,0,9228186,ZCDG7
2008-05-19T13:43:53,310405000,SAPPHIRE PRINCESS,KETCHIKAN,55.33974667,-131.6490817,310,311.2,4.5,0,9228186,ZCDG7
2008-05-19T13:43:42,310405000,SAPPHIRE PRINCESS,KETCHIKAN,55.33960833,-131.648805,311,309.7,4.6,0,9228186,ZCDG7
2008-05-19T13:43:34,310405000,SAPPHIRE PRINCESS,KETCHIKAN,55.33948667,-131.6485433,311,312.0,4.6,0,9228186,ZCDG7
2008-05-19T13:43:22,310405000,SAPPHIRE PRINCESS,KETCHIKAN,55.33933333,-131.6482333,312,312.0,4.7,0,9228186,ZCDG7
2008-05-19T13:43:13,310405000,SAPPHIRE PRINCESS,KETCHIKAN,55.33920167,-131.6479767,313,313.0,4.8,0,9228186,ZCDG7
2008-05-19T13:43:03,310405000,SAPPHIRE PRINCESS,KETCHIKAN,55.33905167,-131.64769,313,314.1,4.8,0,9228186,ZCDG7
2008-05-19T13:42:53,310405000,SAPPHIRE PRINCESS,KETCHIKAN,55.33888167,-131.6473867,313,313.0,4.9,0,9228186,ZCDG7
2008-05-19T13:42:42,310405000,SAPPHIRE PRINCESS,KETCHIKAN,55.33871333,-131.647065,313,314.1,4.9,0,9228186,ZCDG7
2008-05-19T13:42:34,310405000,SAPPHIRE PRINCESS,KETCHIKAN,55.33858333,-131.6468417,313,313.0,4.9,0,9228186,ZCDG7
2008-05-19T13:42:22,310405000,SAPPHIRE PRINCESS,KETCHIKAN,55.33839833,-131.6464883,313,313.0,4.9,0,9228186,ZCDG7
2008-05-19T13:42:13,310405000,SAPPHIRE PRINCESS,KETCHIKAN,55.33825667,-131.6462283,313,313.0,4.9,0,9228186,ZCDG7
2008-05-19T13:42:03,310405000,SAPPHIRE PRINCESS,KETCHIKAN,55.33810167,-131.6459383,313,313.0,5.0,0,9228186,ZCDG7
2008-05-19T13:41:53,310405000,SAPPHIRE PRINCESS,KETCHIKAN,55.33794667,-131.645645,313,315.2,5.0,0,9228186,ZCDG7
2008-05-19T13:41:42,310405000,SAPPHIRE PRINCESS,KETCHIKAN,55.33778333,-131.64536,312,312.0,5.0,0,9228186,ZCDG7
2008-05-19T13:41:34,310405000,SAPPHIRE PRINCESS,KETCHIKAN,55.33762667,-131.6450633,311,313.2,5.0,0,9228186,ZCDG7
2008-05-19T13:41:22,310405000,SAPPHIRE PRINCESS,KETCHIKAN,55.33745,-131.6447433,310,310.0,5.1,0,9228186,ZCDG7
2008-05-19T13:41:13,310405000,SAPPHIRE PRINCESS,KETCHIKAN,55.33731333,-131.6444633,310,310.0,5.1,0,9228186,ZCDG7
2008-05-19T13:41:03,310405000,SAPPHIRE PRINCESS,KETCHIKAN,55.33716,-131.6441517,310,310.0,5.1,0,9228186,ZCDG7
2008-05-19T13:40:53,310405000,SAPPHIRE PRINCESS,KETCHIKAN,55.33701,-131.6438367,310,310.0,5.1,0,9228186,ZCDG7
2008-05-19T13:40:42,310405000,SAPPHIRE PRINCESS,KETCHIKAN,55.33684167,-131.6434917,310,311.1,5.1,0,9228186,ZCDG7
2008-05-19T13:40:34,310405000,SAPPHIRE PRINCESS,KETCHIKAN,55.33671667,-131.6432433,310,311.1,5.2,0,9228186,ZCDG7
2008-05-19T13:40:22,310405000,SAPPHIRE PRINCESS,KETCHIKAN,55.33652833,-131.6428667,309,310.1,5.2,0,9228186,ZCDG7
2008-05-19T13:40:12,310405000,SAPPHIRE PRINCESS,KETCHIKAN,55.33635667,-131.6425167,308,309.1,5.2,0,9228186,ZCDG7
2008-05-19T13:40:03,310405000,SAPPHIRE PRINCESS,KETCHIKAN,55.33623167,-131.64226,308,309.1,5.2,0,9228186,ZCDG7
2008-05-19T13:39:53,310405000,SAPPHIRE PRINCESS,KETCHIKAN,55.33606667,-131.641905,307,309.2,5.2,0,9228186,ZCDG7
2008-05-19T13:39:42,310405000,SAPPHIRE PRINCESS,KETCHIKAN,55.335915,-131.6415767,306,308.1,5.3,0,9228186,ZCDG7
2008-05-19T13:39:34,310405000,SAPPHIRE PRINCESS,KETCHIKAN,55.33579167,-131.6413117,305,307.1,5.3,0,9228186,ZCDG7
2008-05-19T13:39:27,310405000,SAPPHIRE PRINCESS,KETCHIKAN,55.33561,-131.6409067,0,0.0,0.0,0,9228186,ZCDG7
2008-05-19T13:39:22,310405000,SAPPHIRE PRINCESS,KETCHIKAN,55.33561,-131.6409067,305,307.1,5.4,0,9228186,ZCDG7
2008-05-19T13:39:12,310405000,SAPPHIRE PRINCESS,KETCHIKAN,55.33546167,-131.6405633,304,306.0,5.5,0,9228186,ZCDG7
2008-05-19T13:39:03,310405000,SAPPHIRE PRINCESS,KETCHIKAN,55.33531,-131.6402067,304,306.0,5.5,0,9228186,ZCDG7
2008-05-19T13:38:53,310405000,SAPPHIRE PRINCESS,KETCHIKAN,55.33515833,-131.6398483,303,305.0,5.6,0,9228186,ZCDG7
2008-05-19T13:38:42,310405000,SAPPHIRE PRINCESS,KETCHIKAN,55.33501,-131.63948,303,305.0,5.7,0,9228186,ZCDG7
2008-05-19T13:38:34,310405000,SAPPHIRE PRINCESS,KETCHIKAN,55.334875,-131.6391433,303,305.0,5.7,0,9228186,ZCDG7
2008-05-19T13:38:22,310405000,SAPPHIRE PRINCESS,KETCHIKAN,55.33471,-131.6387267,303,304.9,5.8,0,9228186,ZCDG7
2008-05-19T13:38:12,310405000,SAPPHIRE PRINCESS,KETCHIKAN,55.33455667,-131.6383467,303,304.9,5.8,0,9228186,ZCDG7
2008-05-19T13:38:03,310405000,SAPPHIRE PRINCESS,KETCHIKAN,55.33441833,-131.638,303,304.9,5.9,0,9228186,ZCDG7
2008-05-19T13:37:53,310405000,SAPPHIRE PRINCESS,KETCHIKAN,55.334245,-131.63757,303,304.9,6.0,0,9228186,ZCDG7
2008-05-19T13:37:42,310405000,SAPPHIRE PRINCESS,KETCHIKAN,55.33407,-131.6371367,303,304.9,6.0,0,9228186,ZCDG7
2008-05-19T13:37:33,310405000,SAPPHIRE PRINCESS,KETCHIKAN,55.33393,-131.6367783,303,304.8,6.1,0,9228186,ZCDG7
2008-05-19T13:37:22,310405000,SAPPHIRE PRINCESS,KETCHIKAN,55.33376667,-131.63637,303,304.9,6.0,0,9228186,ZCDG7
2008-05-19T13:37:12,310405000,SAPPHIRE PRINCESS,KETCHIKAN,55.33359,-131.635925,303,304.8,6.2,0,9228186,ZCDG7
2008-05-19T13:37:03,310405000,SAPPHIRE PRINCESS,KETCHIKAN,55.33344,-131.63555,303,304.8,6.2,0,9228186,ZCDG7
2008-05-19T13:36:53,310405000,SAPPHIRE PRINCESS,KETCHIKAN,55.333295,-131.6351867,303,304.8,6.3,0,9228186,ZCDG7
2008-05-19T13:36:42,310405000,SAPPHIRE PRINCESS,KETCHIKAN,55.33311,-131.634725,303,304.8,6.3,0,9228186,ZCDG7
2008-05-19T13:36:33,310405000,SAPPHIRE PRINCESS,KETCHIKAN,55.33294333,-131.634315,303,304.7,6.4,0,9228186,ZCDG7
2008-05-19T13:36:22,310405000,SAPPHIRE PRINCESS,KETCHIKAN,55.33275667,-131.6338517,303,304.7,6.4,0,9228186,ZCDG7
2008-05-19T13:36:12,310405000,SAPPHIRE PRINCESS,KETCHIKAN,55.33258667,-131.6334267,303,305.6,6.5,0,9228186,ZCDG7
2008-05-19T13:36:03,310405000,SAPPHIRE PRINCESS,KETCHIKAN,55.33242667,-131.6330417,303,304.7,6.5,0,9228186,ZCDG7
2008-05-19T13:35:53,310405000,SAPPHIRE PRINCESS,KETCHIKAN,55.33225667,-131.6326133,303,305.6,6.6,0,9228186,ZCDG7
2008-05-19T13:35:42,310405000,SAPPHIRE PRINCESS,KETCHIKAN,55.33206167,-131.6321383,303,305.6,6.6,0,9228186,ZCDG7
2008-05-19T13:35:33,310405000,SAPPHIRE PRINCESS,KETCHIKAN,55.33190167,-131.631745,303,305.5,6.7,0,9228186,ZCDG7
2008-05-19T13:35:22,310405000,SAPPHIRE PRINCESS,KETCHIKAN,55.33170333,-131.6312633,303,306.4,6.7,0,9228186,ZCDG7
2008-05-19T13:35:12,310405000,SAPPHIRE PRINCESS,KETCHIKAN,55.33150333,-131.6307783,303,304.6,6.8,0,9228186,ZCDG7
2008-05-19T13:35:03,310405000,SAPPHIRE PRINCESS,KETCHIKAN,55.33134,-131.6303733,303,306.3,6.8,0,9228186,ZCDG7
2008-05-19T13:34:53,310405000,SAPPHIRE PRINCESS,KETCHIKAN,55.331175,-131.6299767,304,306.4,6.9,0,9228186,ZCDG7
2008-05-19T13:34:42,310405000,SAPPHIRE PRINCESS,KETCHIKAN,55.33097,-131.6294733,304,306.4,7.0,0,9228186,ZCDG7
2008-05-19T13:34:33,310405000,SAPPHIRE PRINCESS,KETCHIKAN,55.33079833,-131.629075,305,307.4,7.1,0,9228186,ZCDG7
2008-05-19T13:34:22,310405000,SAPPHIRE PRINCESS,KETCHIKAN,55.33058167,-131.628565,306,308.4,7.1,0,9228186,ZCDG7
2008-05-19T13:34:11,310405000,SAPPHIRE PRINCESS,KETCHIKAN,55.330385,-131.6281133,307,308.5,7.2,0,9228186,ZCDG7
2008-05-19T13:34:03,310405000,SAPPHIRE PRINCESS,KETCHIKAN,55.33018,-131.62765,308,309.5,7.2,0,9228186,ZCDG7
2008-05-19T13:33:53,310405000,SAPPHIRE PRINCESS,KETCHIKAN,55.329975,-131.6272,309,310.5,7.3,0,9228186,ZCDG7
2008-05-19T13:33:42,310405000,SAPPHIRE PRINCESS,KETCHIKAN,55.32975833,-131.6267417,311,311.7,7.3,0,9228186,ZCDG7
2008-05-19T13:33:33,310405000,SAPPHIRE PRINCESS,KETCHIKAN,55.32954,-131.6263017,312,312.7,7.4,0,9228186,ZCDG7
2008-05-19T13:33:24,310405000,SAPPHIRE PRINCESS,KETCHIKAN,55.32931,-131.6258583,0,0.0,0.0,0,9228186,ZCDG7
2008-05-19T13:33:22,310405000,SAPPHIRE PRINCESS,KETCHIKAN,55.32931,-131.6258583,313,313.7,7.4,0,9228186,ZCDG7
2008-05-19T13:33:12,310405000,SAPPHIRE PRINCESS,KETCHIKAN,55.32905667,-131.625385,314,315.5,7.4,0,9228186,ZCDG7
2008-05-19T13:33:03,310405000,SAPPHIRE PRINCESS,KETCHIKAN,55.328865,-131.625045,314,314.7,7.4,0,9228186,ZCDG7
2008-05-19T13:32:53,310405000,SAPPHIRE PRINCESS,KETCHIKAN,55.32860167,-131.6245833,314,315.5,7.4,0,9228186,ZCDG7
2008-05-19T13:32:42,310405000,SAPPHIRE PRINCESS,KETCHIKAN,55.328335,-131.6241233,314,315.5,7.4,0,9228186,ZCDG7
2008-05-19T13:32:32,310405000,SAPPHIRE PRINCESS,KETCHIKAN,55.32811667,-131.62375,314,315.5,7.4,0,9228186,ZCDG7
2008-05-19T13:32:22,310405000,SAPPHIRE PRINCESS,KETCHIKAN,55.327875,-131.6233317,314,315.5,7.4,0,9228186,ZCDG7
2008-05-19T13:32:12,310405000,SAPPHIRE PRINCESS,KETCHIKAN,55.32761,-131.6228767,314,315.5,7.3,0,9228186,ZCDG7
2008-05-19T13:32:03,310405000,SAPPHIRE PRINCESS,KETCHIKAN,55.32741667,-131.622545,314,315.5,7.4,0,9228186,ZCDG7
2008-05-19T13:31:53,310405000,SAPPHIRE PRINCESS,KETCHIKAN,55.327175,-131.6221283,314,315.5,7.3,0,9228186,ZCDG7
2008-05-19T13:31:42,310405000,SAPPHIRE PRINCESS,KETCHIKAN,55.326885,-131.6216317,314,315.5,7.4,0,9228186,ZCDG7
2008-05-19T13:31:32,310405000,SAPPHIRE PRINCESS,KETCHIKAN,55.32664167,-131.6212183,314,315.5,7.3,0,9228186,ZCDG7
2008-05-19T13:31:22,310405000,SAPPHIRE PRINCESS,KETCHIKAN,55.32639833,-131.620805,314,315.5,7.3,0,9228186,ZCDG7
2008-05-19T13:31:12,310405000,SAPPHIRE PRINCESS,KETCHIKAN,55.32615667,-131.6203933,314,315.5,7.3,0,9228186,ZCDG7
2008-05-19T13:31:03,310405000,SAPPHIRE PRINCESS,KETCHIKAN,55.32594167,-131.6200217,314,315.5,7.3,0,9228186,ZCDG7
2008-05-19T13:30:53,310405000,SAPPHIRE PRINCESS,KETCHIKAN,55.32569833,-131.61961,314,315.5,7.3,0,9228186,ZCDG7
2008-05-19T13:30:42,310405000,SAPPHIRE PRINCESS,KETCHIKAN,55.32543167,-131.6191517,314,315.5,7.3,0,9228186,ZCDG7
2008-05-19T13:30:32,310405000,SAPPHIRE PRINCESS,KETCHIKAN,55.32521833,-131.6187867,314,315.5,7.3,0,9228186,ZCDG7
2008-05-19T13:30:23,310405000,SAPPHIRE PRINCESS,KETCHIKAN,55.32497667,-131.618375,314,315.5,7.3,0,9228186,ZCDG7
2008-05-19T13:30:13,310405000,SAPPHIRE PRINCESS,KETCHIKAN,55.32473833,-131.6179633,314,315.5,7.3,0,9228186,ZCDG7
2008-05-19T13:30:03,310405000,SAPPHIRE PRINCESS,KETCHIKAN,55.32449667,-131.617555,314,315.5,7.3,0,9228186,ZCDG7
2008-05-19T13:29:53,310405000,SAPPHIRE PRINCESS,KETCHIKAN,55.32426,-131.6171417,314,315.5,7.3,0,9228186,ZCDG7
2008-05-19T13:29:42,310405000,SAPPHIRE PRINCESS,KETCHIKAN,55.323995,-131.6166867,314,315.5,7.2,0,9228186,ZCDG7
2008-05-19T13:29:32,310405000,SAPPHIRE PRINCESS,KETCHIKAN,55.32376,-131.6162817,314,315.5,7.2,0,9228186,ZCDG7
2008-05-19T13:29:23,310405000,SAPPHIRE PRINCESS,KETCHIKAN,55.32356833,-131.6159517,314,315.5,7.2,0,9228186,ZCDG7
2008-05-19T13:29:13,310405000,SAPPHIRE PRINCESS,KETCHIKAN,55.32328333,-131.6154633,314,315.5,7.2,0,9228186,ZCDG7
2008-05-19T13:29:03,310405000,SAPPHIRE PRINCESS,KETCHIKAN,55.32306833,-131.6150933,314,315.5,7.2,0,9228186,ZCDG7
2008-05-19T13:28:53,310405000,SAPPHIRE PRINCESS,KETCHIKAN,55.32283,-131.614685,314,315.5,7.2,0,9228186,ZCDG7
2008-05-19T13:28:42,310405000,SAPPHIRE PRINCESS,KETCHIKAN,55.322545,-131.6141933,314,315.5,7.2,0,9228186,ZCDG7
2008-05-19T13:28:32,310405000,SAPPHIRE PRINCESS,KETCHIKAN,55.32233,-131.6138233,314,315.5,7.2,0,9228186,ZCDG7
2008-05-19T13:28:23,310405000,SAPPHIRE PRINCESS,KETCHIKAN,55.32211667,-131.613455,314,315.5,7.2,0,9228186,ZCDG7
2008-05-19T13:28:13,310405000,SAPPHIRE PRINCESS,KETCHIKAN,55.32187833,-131.6130433,314,315.5,7.2,0,9228186,ZCDG7
2008-05-19T13:28:03,310405000,SAPPHIRE PRINCESS,KETCHIKAN,55.32164167,-131.6126317,314,315.5,7.2,0,9228186,ZCDG7
2008-05-19T13:27:53,310405000,SAPPHIRE PRINCESS,KETCHIKAN,55.32138167,-131.6121833,314,314.7,7.2,0,9228186,ZCDG7
2008-05-19T13:27:42,310405000,SAPPHIRE PRINCESS,KETCHIKAN,55.32112,-131.6117267,314,315.5,7.3,0,9228186,ZCDG7
2008-05-19T13:27:32,310405000,SAPPHIRE PRINCESS,KETCHIKAN,55.320905,-131.6113583,314,315.5,7.3,0,9228186,ZCDG7
2008-05-19T13:27:24,310405000,SAPPHIRE PRINCESS,KETCHIKAN,55.32069,-131.6109883,314,315.5,7.3,0,9228186,ZCDG7
2008-05-19T13:27:23,310405000,SAPPHIRE PRINCESS,KETCHIKAN,55.32045,-131.6105783,0,0.0,0.0,0,9228186,ZCDG7
2008-05-19T13:27:13,310405000,SAPPHIRE PRINCESS,KETCHIKAN,55.32045,-131.6105783,314,315.5,7.3,0,9228186,ZCDG7
2008-05-19T13:27:04,310405000,SAPPHIRE PRINCESS,KETCHIKAN,55.32021167,-131.6101683,314,315.5,7.3,0,9228186,ZCDG7
2008-05-19T13:26:52,310405000,SAPPHIRE PRINCESS,KETCHIKAN,55.31997,-131.6097533,314,315.5,7.2,0,9228186,ZCDG7
2008-05-19T13:26:42,310405000,SAPPHIRE PRINCESS,KETCHIKAN,55.31970667,-131.6093033,314,315.5,7.2,0,9228186,ZCDG7
2008-05-19T13:26:33,310405000,SAPPHIRE PRINCESS,KETCHIKAN,55.31947167,-131.6088983,314,315.5,7.2,0,9228186,ZCDG7
2008-05-19T13:26:23,310405000,SAPPHIRE PRINCESS,KETCHIKAN,55.31923333,-131.6084917,314,315.5,7.2,0,9228186,ZCDG7
2008-05-19T13:26:12,310405000,SAPPHIRE PRINCESS,KETCHIKAN,55.31897167,-131.6080433,314,315.5,7.2,0,9228186,ZCDG7
2008-05-19T13:26:03,310405000,SAPPHIRE PRINCESS,KETCHIKAN,55.31878,-131.6077217,314,315.5,7.2,0,9228186,ZCDG7
2008-05-19T13:25:53,310405000,SAPPHIRE PRINCESS,KETCHIKAN,55.31851833,-131.6072733,314,315.5,7.2,0,9228186,ZCDG7
2008-05-19T13:25:42,310405000,SAPPHIRE PRINCESS,KETCHIKAN,55.31827833,-131.6068667,314,316.3,7.2,0,9228186,ZCDG7
2008-05-19T13:25:33,310405000,SAPPHIRE PRINCESS,KETCHIKAN,55.31803833,-131.60646,314,315.5,7.2,0,9228186,ZCDG7
2008-05-19T13:25:23,310405000,SAPPHIRE PRINCESS,KETCHIKAN,55.31780333,-131.6060533,314,315.5,7.2,0,9228186,ZCDG7
2008-05-19T13:25:12,310405000,SAPPHIRE PRINCESS,KETCHIKAN,55.31754167,-131.6056083,314,314.7,7.2,0,9228186,ZCDG7
2008-05-19T13:25:04,310405000,SAPPHIRE PRINCESS,KETCHIKAN,55.31732833,-131.6052367,314,315.5,7.2,0,9228186,ZCDG7
2008-05-19T13:24:53,310405000,SAPPHIRE PRINCESS,KETCHIKAN,55.31709,-131.60483,314,315.5,7.2,0,9228186,ZCDG7
2008-05-19T13:24:42,310405000,SAPPHIRE PRINCESS,KETCHIKAN,55.31683,-131.6043733,314,314.7,7.2,0,9228186,ZCDG7
2008-05-19T13:24:33,310405000,SAPPHIRE PRINCESS,KETCHIKAN,55.31662167,-131.60401,314,315.5,7.2,0,9228186,ZCDG7
2008-05-19T13:24:23,310405000,SAPPHIRE PRINCESS,KETCHIKAN,55.316405,-131.60364,314,314.7,7.2,0,9228186,ZCDG7
2008-05-19T13:24:12,310405000,SAPPHIRE PRINCESS,KETCHIKAN,55.316125,-131.6031433,314,315.5,7.2,0,9228186,ZCDG7
2008-05-19T13:24:04,310405000,SAPPHIRE PRINCESS,KETCHIKAN,55.31591167,-131.602785,314,314.7,7.2,0,9228186,ZCDG7
2008-05-19T13:23:53,310405000,SAPPHIRE PRINCESS,KETCHIKAN,55.31565333,-131.6023283,314,315.5,7.2,0,9228186,ZCDG7
2008-05-19T13:23:42,310405000,SAPPHIRE PRINCESS,KETCHIKAN,55.31541167,-131.60192,314,316.3,7.2,0,9228186,ZCDG7
2008-05-19T13:23:33,310405000,SAPPHIRE PRINCESS,KETCHIKAN,55.31520167,-131.6015667,313,314.5,7.2,0,9228186,ZCDG7
2008-05-19T13:23:23,310405000,SAPPHIRE PRINCESS,KETCHIKAN,55.31496833,-131.601155,312,314.3,7.2,0,9228186,ZCDG7
2008-05-19T13:23:12,310405000,SAPPHIRE PRINCESS,KETCHIKAN,55.31471,-131.600695,312,313.5,7.2,0,9228186,ZCDG7
2008-05-19T13:23:04,310405000,SAPPHIRE PRINCESS,KETCHIKAN,55.314525,-131.600355,312,313.5,7.2,0,9228186,ZCDG7
2008-05-19T13:22:53,310405000,SAPPHIRE PRINCESS,KETCHIKAN,55.31427333,-131.5998917,312,313.5,7.2,0,9228186,ZCDG7
2008-05-19T13:22:42,310405000,SAPPHIRE PRINCESS,KETCHIKAN,55.31401333,-131.59942,312,313.5,7.2,0,9228186,ZCDG7
2008-05-19T13:22:33,310405000,SAPPHIRE PRINCESS,KETCHIKAN,55.313785,-131.599005,312,313.5,7.2,0,9228186,ZCDG7
2008-05-19T13:22:23,310405000,SAPPHIRE PRINCESS,KETCHIKAN,55.31358,-131.5986283,312,314.3,7.2,0,9228186,ZCDG7
2008-05-19T13:22:12,310405000,SAPPHIRE PRINCESS,KETCHIKAN,55.31332,-131.5981667,312,313.5,7.2,0,9228186,ZCDG7
2008-05-19T13:22:04,310405000,SAPPHIRE PRINCESS,KETCHIKAN,55.31311667,-131.597795,312,314.3,7.2,0,9228186,ZCDG7
2008-05-19T13:21:53,310405000,SAPPHIRE PRINCESS,KETCHIKAN,55.31288167,-131.5973783,312,315.1,7.2,0,9228186,ZCDG7
2008-05-19T13:21:42,310405000,SAPPHIRE PRINCESS,KETCHIKAN,55.31262,-131.5969183,312,313.5,7.2,0,9228186,ZCDG7
2008-05-19T13:21:33,310405000,SAPPHIRE PRINCESS,KETCHIKAN,55.31241833,-131.5965483,312,315.1,7.2,0,9228186,ZCDG7
2008-05-19T13:21:25,310405000,SAPPHIRE PRINCESS,KETCHIKAN,55.31215167,-131.5960933,0,0.0,0.0,0,9228186,ZCDG7
2008-05-19T13:21:23,310405000,SAPPHIRE PRINCESS,KETCHIKAN,55.31215167,-131.5960933,313,315.3,7.2,0,9228186,ZCDG7
2008-05-19T13:21:12,310405000,SAPPHIRE PRINCESS,KETCHIKAN,55.31189833,-131.5956483,313,316.9,7.2,0,9228186,ZCDG7
2008-05-19T13:21:04,310405000,SAPPHIRE PRINCESS,KETCHIKAN,55.311705,-131.5953333,313,316.9,7.2,0,9228186,ZCDG7
2008-05-19T13:20:52,310405000,SAPPHIRE PRINCESS,KETCHIKAN,55.311415,-131.5948533,313,316.9,7.2,0,9228186,ZCDG7
2008-05-19T13:20:42,310405000,SAPPHIRE PRINCESS,KETCHIKAN,55.31117167,-131.5944533,314,317.9,7.2,0,9228186,ZCDG7
2008-05-19T13:20:33,310405000,SAPPHIRE PRINCESS,KETCHIKAN,55.31094833,-131.5940917,314,317.1,7.2,0,9228186,ZCDG7
2008-05-19T13:20:23,310405000,SAPPHIRE PRINCESS,KETCHIKAN,55.31073333,-131.593735,315,318.9,7.3,0,9228186,ZCDG7
2008-05-19T13:20:12,310405000,SAPPHIRE PRINCESS,KETCHIKAN,55.31045333,-131.5933083,316,319.9,7.3,0,9228186,ZCDG7
2008-05-19T13:20:04,310405000,SAPPHIRE PRINCESS,KETCHIKAN,55.3102,-131.5929233,316,319.9,7.3,0,9228186,ZCDG7
2008-05-19T13:19:52,310405000,SAPPHIRE PRINCESS,KETCHIKAN,55.30991667,-131.5925017,317,320.8,7.4,0,9228186,ZCDG7
2008-05-19T13:19:42,310405000,SAPPHIRE PRINCESS,KETCHIKAN,55.30965333,-131.5921233,319,321.3,7.4,0,9228186,ZCDG7
2008-05-19T13:19:33,310405000,SAPPHIRE PRINCESS,KETCHIKAN,55.309415,-131.591785,320,323.0,7.5,0,9228186,ZCDG7
2008-05-19T13:19:23,310405000,SAPPHIRE PRINCESS,KETCHIKAN,55.30914,-131.5914217,322,325.0,7.6,0,9228186,ZCDG7
2008-05-19T13:19:13,310405000,SAPPHIRE PRINCESS,KETCHIKAN,55.30885667,-131.59106,324,326.2,7.7,0,9228186,ZCDG7
2008-05-19T13:19:02,310405000,SAPPHIRE PRINCESS,KETCHIKAN,55.308535,-131.5906717,326,328.1,7.9,0,9228186,ZCDG7
2008-05-19T13:18:52,310405000,SAPPHIRE PRINCESS,KETCHIKAN,55.30825833,-131.590365,327,328.4,8.0,0,9228186,ZCDG7
2008-05-19T13:18:42,310405000,SAPPHIRE PRINCESS,KETCHIKAN,55.30788333,-131.5899583,328,330.8,8.1,0,9228186,ZCDG7
2008-05-19T13:18:33,310405000,SAPPHIRE PRINCESS,KETCHIKAN,55.30758833,-131.5896633,328,330.0,8.3,0,9228186,ZCDG7
2008-05-19T13:18:23,310405000,SAPPHIRE PRINCESS,KETCHIKAN,55.30729333,-131.589365,328,330.7,8.3,0,9228186,ZCDG7
2008-05-19T13:18:13,310405000,SAPPHIRE PRINCESS,KETCHIKAN,55.30692167,-131.589,328,330.6,8.5,0,9228186,ZCDG7
2008-05-19T13:18:02,310405000,SAPPHIRE PRINCESS,KETCHIKAN,55.30657667,-131.58866,328,329.9,8.6,0,9228186,ZCDG7
2008-05-19T13:17:52,310405000,SAPPHIRE PRINCESS,KETCHIKAN,55.30623667,-131.5883167,329,330.9,8.7,0,9228186,ZCDG7
2008-05-19T13:17:42,310405000,SAPPHIRE PRINCESS,KETCHIKAN,55.30588333,-131.5879633,329,330.3,8.8,0,9228186,ZCDG7
2008-05-19T13:17:33,310405000,SAPPHIRE PRINCESS,KETCHIKAN,55.30557,-131.587655,330,331.9,9.0,0,9228186,ZCDG7
2008-05-19T13:17:23,310405000,SAPPHIRE PRINCESS,KETCHIKAN,55.30521,-131.5873117,330,331.9,9.0,0,9228186,ZCDG7
2008-05-19T13:17:13,310405000,SAPPHIRE PRINCESS,KETCHIKAN,55.30480167,-131.58693,330,331.8,9.2,0,9228186,ZCDG7
2008-05-19T13:17:02,310405000,SAPPHIRE PRINCESS,KETCHIKAN,55.304395,-131.5865467,330,331.2,9.2,0,9228186,ZCDG7
2008-05-19T13:16:52,310405000,SAPPHIRE PRINCESS,KETCHIKAN,55.304055,-131.5862233,330,331.2,9.3,0,9228186,ZCDG7
2008-05-19T13:16:42,310405000,SAPPHIRE PRINCESS,KETCHIKAN,55.30364167,-131.5858333,330,331.2,9.4,0,9228186,ZCDG7
2008-05-19T13:16:33,310405000,SAPPHIRE PRINCESS,KETCHIKAN,55.30329667,-131.585505,330,331.2,9.5,0,9228186,ZCDG7
2008-05-19T13:16:22,310405000,SAPPHIRE PRINCESS,KETCHIKAN,55.30291167,-131.5851417,330,331.2,9.5,0,9228186,ZCDG7
2008-05-19T13:16:13,310405000,SAPPHIRE PRINCESS,KETCHIKAN,55.30252833,-131.5847783,329,330.2,9.5,0,9228186,ZCDG7
2008-05-19T13:16:02,310405000,SAPPHIRE PRINCESS,KETCHIKAN,55.30211,-131.58437,329,330.2,9.5,0,9228186,ZCDG7
2008-05-19T13:15:52,310405000,SAPPHIRE PRINCESS,KETCHIKAN,55.30172833,-131.5839933,328,329.8,9.5,0,9228186,ZCDG7
2008-05-19T13:15:42,310405000,SAPPHIRE PRINCESS,KETCHIKAN,55.30135,-131.5835983,327,328.2,9.5,0,9228186,ZCDG7
2008-05-19T13:15:33,310405000,SAPPHIRE PRINCESS,KETCHIKAN,55.30101,-131.583235,326,327.8,9.5,0,9228186,ZCDG7
2008-05-19T13:15:22,310405000,SAPPHIRE PRINCESS,KETCHIKAN,55.30063167,-131.58282,325,326.8,9.5,0,9228186,ZCDG7
2008-05-19T13:15:20,310405000,SAPPHIRE PRINCESS,KETCHIKAN,55.30030833,-131.5824483,0,0.0,0.0,0,9228186,ZCDG7
2008-05-19T13:15:13,310405000,SAPPHIRE PRINCESS,KETCHIKAN,55.30030833,-131.5824483,323,324.7,9.6,0,9228186,ZCDG7
2008-05-19T13:15:02,310405000,SAPPHIRE PRINCESS,KETCHIKAN,55.29990333,-131.5819583,322,322.7,9.6,0,9228186,ZCDG7
2008-05-19T13:14:52,310405000,SAPPHIRE PRINCESS,KETCHIKAN,55.29952,-131.5814617,320,321.1,9.6,0,9228186,ZCDG7
2008-05-19T13:14:43,310405000,SAPPHIRE PRINCESS,KETCHIKAN,55.299205,-131.5810283,319,320.7,9.6,0,9228186,ZCDG7
2008-05-19T13:14:33,310405000,SAPPHIRE PRINCESS,KETCHIKAN,55.29886333,-131.5805317,317,318.1,9.7,0,9228186,ZCDG7
2008-05-19T13:14:22,310405000,SAPPHIRE PRINCESS,KETCHIKAN,55.29849333,-131.5799533,315,316.1,9.7,0,9228186,ZCDG7
2008-05-19T13:14:13,310405000,SAPPHIRE PRINCESS,KETCHIKAN,55.298205,-131.5794783,314,314.5,9.7,0,9228186,ZCDG7
2008-05-19T13:14:02,310405000,SAPPHIRE PRINCESS,KETCHIKAN,55.29785667,-131.5788617,312,312.5,9.7,0,9228186,ZCDG7
2008-05-19T13:13:52,310405000,SAPPHIRE PRINCESS,KETCHIKAN,55.29758,-131.5783467,311,310.5,9.8,0,9228186,ZCDG7
2008-05-19T13:13:43,310405000,SAPPHIRE PRINCESS,KETCHIKAN,55.29724833,-131.5776867,309,309.0,9.8,0,9228186,ZCDG7
2008-05-19T13:13:33,310405000,SAPPHIRE PRINCESS,KETCHIKAN,55.296965,-131.5770783,307,307.0,9.8,0,9228186,ZCDG7
2008-05-19T13:13:22,310405000,SAPPHIRE PRINCESS,KETCHIKAN,55.296685,-131.5764417,306,306.0,9.9,0,9228186,ZCDG7
2008-05-19T13:13:13,310405000,SAPPHIRE PRINCESS,KETCHIKAN,55.29645,-131.575875,305,304.4,10.0,0,9228186,ZCDG7
2008-05-19T13:13:02,310405000,SAPPHIRE PRINCESS,KETCHIKAN,55.29615667,-131.5751367,304,303.4,10.1,0,9228186,ZCDG7
2008-05-19T13:12:52,310405000,SAPPHIRE PRINCESS,KETCHIKAN,55.295905,-131.5744633,303,302.4,10.2,0,9228186,ZCDG7
2008-05-19T13:12:43,310405000,SAPPHIRE PRINCESS,KETCHIKAN,55.29568333,-131.57385,302,301.4,10.2,0,9228186,ZCDG7
2008-05-19T13:12:33,310405000,SAPPHIRE PRINCESS,KETCHIKAN,55.295435,-131.5731467,301,300.4,10.4,0,9228186,ZCDG7
2008-05-19T13:12:22,310405000,SAPPHIRE PRINCESS,KETCHIKAN,55.29513833,-131.5722833,300,300.0,10.4,0,9228186,ZCDG7
2008-05-19T13:12:13,310405000,SAPPHIRE PRINCESS,KETCHIKAN,55.29492333,-131.5716317,299,299.0,10.5,0,9228186,ZCDG7
2008-05-19T13:12:03,310405000,SAPPHIRE PRINCESS,KETCHIKAN,55.29471167,-131.570975,299,298.4,10.7,0,9228186,ZCDG7
2008-05-19T13:11:52,310405000,SAPPHIRE PRINCESS,KETCHIKAN,55.29445333,-131.5701317,299,297.9,10.8,0,9228186,ZCDG7
2008-05-19T13:11:43,310405000,SAPPHIRE PRINCESS,KETCHIKAN,55.29424833,-131.5694467,299,297.9,10.9,0,9228186,ZCDG7
2008-05-19T13:11:32,310405000,SAPPHIRE PRINCESS,KETCHIKAN,55.29399167,-131.5685783,299,297.9,11.1,0,9228186,ZCDG7
2008-05-19T13:11:22,310405000,SAPPHIRE PRINCESS,KETCHIKAN,55.29375,-131.567775,299,296.9,11.2,0,9228186,ZCDG7
2008-05-19T13:11:13,310405000,SAPPHIRE PRINCESS,KETCHIKAN,55.29351333,-131.5669817,298,296.9,11.4,0,9228186,ZCDG7
2008-05-19T13:11:03,310405000,SAPPHIRE PRINCESS,KETCHIKAN,55.29327,-131.56616,298,297.5,11.5,0,9228186,ZCDG7
2008-05-19T13:10:52,310405000,SAPPHIRE PRINCESS,KETCHIKAN,55.29300333,-131.5652667,298,297.5,11.6,0,9228186,ZCDG7
2008-05-19T13:10:43,310405000,SAPPHIRE PRINCESS,KETCHIKAN,55.292775,-131.5645,298,298.0,11.8,0,9228186,ZCDG7
2008-05-19T13:10:32,310405000,SAPPHIRE PRINCESS,KETCHIKAN,55.292525,-131.5636733,298,298.0,11.9,0,9228186,ZCDG7
2008-05-19T13:10:22,310405000,SAPPHIRE PRINCESS,KETCHIKAN,55.29226667,-131.5628183,298,298.0,11.9,0,9228186,ZCDG7
2008-05-19T13:10:13,310405000,SAPPHIRE PRINCESS,KETCHIKAN,55.29203833,-131.5620767,298,298.4,11.9,0,9228186,ZCDG7
2008-05-19T13:10:03,310405000,SAPPHIRE PRINCESS,KETCHIKAN,55.29175167,-131.56115,298,298.4,11.9,0,9228186,ZCDG7
2008-05-19T13:09:52,310405000,SAPPHIRE PRINCESS,KETCHIKAN,55.291465,-131.560225,298,298.9,11.9,0,9228186,ZCDG7
2008-05-19T13:09:43,310405000,SAPPHIRE PRINCESS,KETCHIKAN,55.291225,-131.5594683,298,298.4,11.9,0,9228186,ZCDG7
2008-05-19T13:09:32,310405000,SAPPHIRE PRINCESS,KETCHIKAN,55.29093333,-131.5585367,298,298.9,11.9,0,9228186,ZCDG7
2008-05-19T13:09:24,310405000,SAPPHIRE PRINCESS,KETCHIKAN,55.29066667,-131.5577,0,0.0,0.0,0,9228186,ZCDG7
2008-05-19T13:09:22,310405000,SAPPHIRE PRINCESS,KETCHIKAN,55.29066667,-131.5577,298,298.9,11.9,0,9228186,ZCDG7
2008-05-19T13:09:13,310405000,SAPPHIRE PRINCESS,KETCHIKAN,55.29043167,-131.55695,298,298.9,11.9,0,9228186,ZCDG7
2008-05-19T13:09:03,310405000,SAPPHIRE PRINCESS,KETCHIKAN,55.29016667,-131.5561083,298,298.4,11.9,0,9228186,ZCDG7
2008-05-19T13:08:52,310405000,SAPPHIRE PRINCESS,KETCHIKAN,55.28990333,-131.5552633,298,298.0,11.9,0,9228186,ZCDG7
2008-05-19T13:08:43,310405000,SAPPHIRE PRINCESS,KETCHIKAN,55.28961167,-131.55432,298,298.4,11.9,0,9228186,ZCDG7
2008-05-19T13:08:32,310405000,SAPPHIRE PRINCESS,KETCHIKAN,55.28935167,-131.5534867,298,298.0,11.9,0,9228186,ZCDG7
2008-05-19T13:08:22,310405000,SAPPHIRE PRINCESS,KETCHIKAN,55.28909,-131.5526267,298,298.0,11.9,0,9228186,ZCDG7
2008-05-19T13:08:13,310405000,SAPPHIRE PRINCESS,KETCHIKAN,55.28886333,-131.5518783,298,297.5,11.9,0,9228186,ZCDG7
2008-05-19T13:08:03,310405000,SAPPHIRE PRINCESS,KETCHIKAN,55.28861,-131.5510267,298,297.0,11.9,0,9228186,ZCDG7
2008-05-19T13:07:53,310405000,SAPPHIRE PRINCESS,KETCHIKAN,55.288355,-131.5501717,298,297.0,11.9,0,9228186,ZCDG7
2008-05-19T13:07:42,310405000,SAPPHIRE PRINCESS,KETCHIKAN,55.28807333,-131.5492133,297,297.0,12.0,0,9228186,ZCDG7
2008-05-19T13:07:32,310405000,SAPPHIRE PRINCESS,KETCHIKAN,55.28783,-131.5483583,297,296.0,12.0,0,9228186,ZCDG7
2008-05-19T13:07:22,310405000,SAPPHIRE PRINCESS,KETCHIKAN,55.28758833,-131.54748,296,295.0,12.0,0,9228186,ZCDG7
2008-05-19T13:07:13,310405000,SAPPHIRE PRINCESS,KETCHIKAN,55.28735333,-131.54661,295,294.0,12.1,0,9228186,ZCDG7
2008-05-19T13:07:03,310405000,SAPPHIRE PRINCESS,KETCHIKAN,55.28715,-131.5458217,294,292.5,12.1,0,9228186,ZCDG7
2008-05-19T13:06:53,310405000,SAPPHIRE PRINCESS,KETCHIKAN,55.286905,-131.5448267,293,292.0,12.1,0,9228186,ZCDG7
2008-05-19T13:06:42,310405000,SAPPHIRE PRINCESS,KETCHIKAN,55.28668667,-131.5439183,293,292.0,12.1,0,9228186,ZCDG7
2008-05-19T13:06:32,310405000,SAPPHIRE PRINCESS,KETCHIKAN,55.28648167,-131.5430183,292,291.0,12.1,0,9228186,ZCDG7
2008-05-19T13:06:22,310405000,SAPPHIRE PRINCESS,KETCHIKAN,55.28628167,-131.5421,291,289.5,12.2,0,9228186,ZCDG7
2008-05-19T13:06:13,310405000,SAPPHIRE PRINCESS,KETCHIKAN,55.28609333,-131.5411817,290,289.0,12.2,0,9228186,ZCDG7
2008-05-19T13:06:03,310405000,SAPPHIRE PRINCESS,KETCHIKAN,55.28590333,-131.54025,290,288.1,12.2,0,9228186,ZCDG7
2008-05-19T13:05:53,310405000,SAPPHIRE PRINCESS,KETCHIKAN,55.28572833,-131.5393283,290,288.5,12.2,0,9228186,ZCDG7
2008-05-19T13:05:42,310405000,SAPPHIRE PRINCESS,KETCHIKAN,55.28554167,-131.53839,290,288.5,12.2,0,9228186,ZCDG7
2008-05-19T13:05:32,310405000,SAPPHIRE PRINCESS,KETCHIKAN,55.28536167,-131.537465,290,288.1,12.2,0,9228186,ZCDG7
2008-05-19T13:05:22,310405000,SAPPHIRE PRINCESS,KETCHIKAN,55.28518,-131.5365217,290,288.5,12.2,0,9228186,ZCDG7
2008-05-19T13:05:13,310405000,SAPPHIRE PRINCESS,KETCHIKAN,55.28499833,-131.5355967,290,287.6,12.3,0,9228186,ZCDG7
2008-05-19T13:05:03,310405000,SAPPHIRE PRINCESS,KETCHIKAN,55.28484333,-131.5347617,290,288.1,12.3,0,9228186,ZCDG7
2008-05-19T13:04:53,310405000,SAPPHIRE PRINCESS,KETCHIKAN,55.28462333,-131.5336217,290,288.1,12.3,0,9228186,ZCDG7
2008-05-19T13:04:42,310405000,SAPPHIRE PRINCESS,KETCHIKAN,55.28444833,-131.5326833,290,288.1,12.3,0,9228186,ZCDG7
2008-05-19T13:04:32,310405000,SAPPHIRE PRINCESS,KETCHIKAN,55.28426833,-131.5317383,290,288.1,12.4,0,9228186,ZCDG7
2008-05-19T13:04:22,310405000,SAPPHIRE PRINCESS,KETCHIKAN,55.28409333,-131.5307767,289,287.1,12.4,0,9228186,ZCDG7
2008-05-19T13:04:13,310405000,SAPPHIRE PRINCESS,KETCHIKAN,55.28394167,-131.5299267,288,286.1,12.4,0,9228186,ZCDG7
2008-05-19T13:04:06,310405000,SAPPHIRE PRINCESS,KETCHIKAN,55.28382833,-131.5292517,288,286.1,12.4,0,9228186,ZCDG7
2008-05-19T13:04:03,310405000,SAPPHIRE PRINCESS,KETCHIKAN,55.28377833,-131.528965,288,286.6,12.4,0,9228186,ZCDG7
2008-05-19T13:04:00,310405000,SAPPHIRE PRINCESS,KETCHIKAN,55.28373,-131.5286767,288,286.6,12.4,0,9228186,ZCDG7
2008-05-19T13:03:54,310405000,SAPPHIRE PRINCESS,KETCHIKAN,55.28364667,-131.528195,288,286.1,12.4,0,9228186,ZCDG7
2008-05-19T13:03:53,310405000,SAPPHIRE PRINCESS,KETCHIKAN,55.28361167,-131.528,288,286.1,12.4,0,9228186,ZCDG7
2008-05-19T13:03:48,310405000,SAPPHIRE PRINCESS,KETCHIKAN,55.28354667,-131.5276117,288,286.1,12.4,0,9228186,ZCDG7
2008-05-19T13:03:42,310405000,SAPPHIRE PRINCESS,KETCHIKAN,55.28345167,-131.527035,288,286.6,12.4,0,9228186,ZCDG7
2008-05-19T13:03:37,310405000,SAPPHIRE PRINCESS,KETCHIKAN,55.28335333,-131.5264583,288,286.1,12.4,0,9228186,ZCDG7
2008-05-19T13:03:32,310405000,SAPPHIRE PRINCESS,KETCHIKAN,55.28327,-131.5259767,288,286.1,12.4,0,9228186,ZCDG7
2008-05-19T13:03:30,310405000,SAPPHIRE PRINCESS,KETCHIKAN,55.28323833,-131.5257833,288,286.1,12.4,0,9228186,ZCDG7
2008-05-19T13:03:25,310405000,SAPPHIRE PRINCESS,KETCHIKAN,55.28315667,-131.5253,288,286.1,12.4,0,9228186,ZCDG7
2008-05-19T13:03:22,310405000,SAPPHIRE PRINCESS,KETCHIKAN,55.28310667,-131.5250033,288,286.1,12.4,0,9228186,ZCDG7
2008-05-19T13:03:20,310405000,SAPPHIRE PRINCESS,KETCHIKAN,55.28304333,-131.5246317,0,0.0,0.0,0,9228186,ZCDG7
2008-05-19T13:03:19,310405000,SAPPHIRE PRINCESS,KETCHIKAN,55.28304333,-131.5246317,288,286.1,12.4,0,9228186,ZCDG7
2008-05-19T13:03:13,310405000,SAPPHIRE PRINCESS,KETCHIKAN,55.28296,-131.52415,288,286.6,12.4,0,9228186,ZCDG7
2008-05-19T13:03:06,310405000,SAPPHIRE PRINCESS,KETCHIKAN,55.282845,-131.523485,288,286.6,12.4,0,9228186,ZCDG7
2008-05-19T13:03:00,310405000,SAPPHIRE PRINCESS,KETCHIKAN,55.28274667,-131.5229017,288,286.6,12.4,0,9228186,ZCDG7
2008-05-19T13:02:54,310405000,SAPPHIRE PRINCESS,KETCHIKAN,55.28265,-131.522335,288,286.6,12.4,0,9228186,ZCDG7
2008-05-19T13:02:48,310405000,SAPPHIRE PRINCESS,KETCHIKAN,55.28254833,-131.52175,288,287.0,12.4,0,9228186,ZCDG7
2008-05-19T13:02:42,310405000,SAPPHIRE PRINCESS,KETCHIKAN,55.28244667,-131.5211867,288,286.6,12.4,0,9228186,ZCDG7
2008-05-19T13:02:37,310405000,SAPPHIRE PRINCESS,KETCHIKAN,55.28236333,-131.520705,288,286.6,12.4,0,9228186,ZCDG7
2008-05-19T13:02:30,310405000,SAPPHIRE PRINCESS,KETCHIKAN,55.282245,-131.5200183,288,287.0,12.5,0,9228186,ZCDG7
2008-05-19T13:02:25,310405000,SAPPHIRE PRINCESS,KETCHIKAN,55.28216167,-131.519555,288,287.5,12.5,0,9228186,ZCDG7
2008-05-19T13:02:19,310405000,SAPPHIRE PRINCESS,KETCHIKAN,55.28207333,-131.5190767,288,287.0,12.5,0,9228186,ZCDG7
2008-05-19T13:02:13,310405000,SAPPHIRE PRINCESS,KETCHIKAN,55.28193333,-131.5183033,288,287.5,12.6,0,9228186,ZCDG7
2008-05-19T13:02:06,310405000,SAPPHIRE PRINCESS,KETCHIKAN,55.28182667,-131.5177133,288,287.5,12.6,0,9228186,ZCDG7
2008-05-19T13:02:00,310405000,SAPPHIRE PRINCESS,KETCHIKAN,55.28172167,-131.5171417,288,288.0,12.7,0,9228186,ZCDG7
2008-05-19T13:01:54,310405000,SAPPHIRE PRINCESS,KETCHIKAN,55.28161167,-131.5165517,288,287.5,12.7,0,9228186,ZCDG7
2008-05-19T13:01:48,310405000,SAPPHIRE PRINCESS,KETCHIKAN,55.28150833,-131.5159767,289,288.5,12.8,0,9228186,ZCDG7
2008-05-19T13:01:42,310405000,SAPPHIRE PRINCESS,KETCHIKAN,55.281395,-131.5153817,289,289.0,12.8,0,9228186,ZCDG7
2008-05-19T13:01:37,310405000,SAPPHIRE PRINCESS,KETCHIKAN,55.28128167,-131.514805,289,288.5,12.9,0,9228186,ZCDG7
2008-05-19T13:01:30,310405000,SAPPHIRE PRINCESS,KETCHIKAN,55.28116333,-131.5142067,290,289.5,12.9,0,9228186,ZCDG7
2008-05-19T13:01:24,310405000,SAPPHIRE PRINCESS,KETCHIKAN,55.28104833,-131.5136233,290,290.4,13.0,0,9228186,ZCDG7
2008-05-19T13:01:19,310405000,SAPPHIRE PRINCESS,KETCHIKAN,55.280945,-131.5131367,290,290.4,13.0,0,9228186,ZCDG7
2008-05-19T13:01:13,310405000,SAPPHIRE PRINCESS,KETCHIKAN,55.28081667,-131.512545,290,290.4,13.1,0,9228186,ZCDG7
2008-05-19T13:01:06,310405000,SAPPHIRE PRINCESS,KETCHIKAN,55.28066833,-131.5118417,290,290.8,13.2,0,9228186,ZCDG7
2008-05-19T13:01:01,310405000,SAPPHIRE PRINCESS,KETCHIKAN,55.280565,-131.5113583,290,291.3,13.2,0,9228186,ZCDG7
2008-05-19T13:00:54,310405000,SAPPHIRE PRINCESS,KETCHIKAN,55.280405,-131.5106567,290,291.7,13.3,0,9228186,ZCDG7
2008-05-19T13:00:48,310405000,SAPPHIRE PRINCESS,KETCHIKAN,55.28025,-131.5099683,290,291.2,13.4,0,9228186,ZCDG7
2008-05-19T13:00:42,310405000,SAPPHIRE PRINCESS,KETCHIKAN,55.28013833,-131.509455,290,291.6,13.5,0,9228186,ZCDG7
2008-05-19T13:00:37,310405000,SAPPHIRE PRINCESS,KETCHIKAN,55.280005,-131.5088633,290,291.6,13.6,0,9228186,ZCDG7
2008-05-19T13:00:30,310405000,SAPPHIRE PRINCESS,KETCHIKAN,55.27986167,-131.508245,291,292.6,13.7,0,9228186,ZCDG7
2008-05-19T13:00:24,310405000,SAPPHIRE PRINCESS,KETCHIKAN,55.27972167,-131.507645,292,293.6,13.8,0,9228186,ZCDG7
2008-05-19T13:00:19,310405000,SAPPHIRE PRINCESS,KETCHIKAN,55.2796,-131.5071317,292,293.6,13.8,0,9228186,ZCDG7
2008-05-19T13:00:13,310405000,SAPPHIRE PRINCESS,KETCHIKAN,55.27942333,-131.5064167,293,294.6,14.0,0,9228186,ZCDG7
2008-05-19T13:00:06,310405000,SAPPHIRE PRINCESS,KETCHIKAN,55.27926333,-131.5057883,294,296.0,14.1,0,9228186,ZCDG7
2008-05-19T13:00:01,310405000,SAPPHIRE PRINCESS,KETCHIKAN,55.27912833,-131.5052817,294,295.6,14.1,0,9228186,ZCDG7
2008-05-19T12:59:54,310405000,SAPPHIRE PRINCESS,KETCHIKAN,55.27892833,-131.504555,295,296.6,14.3,0,9228186,ZCDG7
2008-05-19T12:59:48,310405000,SAPPHIRE PRINCESS,KETCHIKAN,55.278755,-131.5039433,296,297.5,14.4,0,9228186,ZCDG7
2008-05-19T12:59:43,310405000,SAPPHIRE PRINCESS,KETCHIKAN,55.278605,-131.50343,297,298.9,14.5,0,9228186,ZCDG7
2008-05-19T12:59:37,310405000,SAPPHIRE PRINCESS,KETCHIKAN,55.27841833,-131.5028067,297,299.9,14.6,0,9228186,ZCDG7
2008-05-19T12:59:30,310405000,SAPPHIRE PRINCESS,KETCHIKAN,55.27815833,-131.50198,298,300.5,14.8,0,9228186,ZCDG7
2008-05-19T12:59:24,310405000,SAPPHIRE PRINCESS,KETCHIKAN,55.27795667,-131.5013617,299,300.9,14.9,0,9228186,ZCDG7
2008-05-19T12:59:19,310405000,SAPPHIRE PRINCESS,KETCHIKAN,55.27778,-131.5008333,300,301.9,15.0,0,9228186,ZCDG7
2008-05-19T12:59:13,310405000,SAPPHIRE PRINCESS,KETCHIKAN,55.27757167,-131.500225,301,302.5,15.1,0,9228186,ZCDG7
2008-05-19T12:59:06,310405000,SAPPHIRE PRINCESS,KETCHIKAN,55.277315,-131.4994967,301,302.8,15.2,0,9228186,ZCDG7
2008-05-19T12:59:01,310405000,SAPPHIRE PRINCESS,KETCHIKAN,55.27712667,-131.49898,302,303.8,15.4,0,9228186,ZCDG7
2008-05-19T12:58:55,310405000,SAPPHIRE PRINCESS,KETCHIKAN,55.27689,-131.4983483,303,304.8,15.5,0,9228186,ZCDG7
2008-05-19T12:58:49,310405000,SAPPHIRE PRINCESS,KETCHIKAN,55.276655,-131.49774,303,304.8,15.6,0,9228186,ZCDG7
2008-05-19T12:58:43,310405000,SAPPHIRE PRINCESS,KETCHIKAN,55.27640667,-131.49711,304,305.8,15.7,0,9228186,ZCDG7
2008-05-19T12:58:37,310405000,SAPPHIRE PRINCESS,KETCHIKAN,55.27620167,-131.4966,305,306.8,15.8,0,9228186,ZCDG7
2008-05-19T12:58:30,310405000,SAPPHIRE PRINCESS,KETCHIKAN,55.27589667,-131.4958717,306,308.1,15.9,0,9228186,ZCDG7
2008-05-19T12:58:24,310405000,SAPPHIRE PRINCESS,KETCHIKAN,55.27563667,-131.4952717,306,309.1,16.0,0,9228186,ZCDG7
2008-05-19T12:58:19,310405000,SAPPHIRE PRINCESS,KETCHIKAN,55.27541,-131.4947633,307,309.1,16.1,0,9228186,ZCDG7
2008-05-19T12:58:13,310405000,SAPPHIRE PRINCESS,KETCHIKAN,55.27503833,-131.4939533,308,310.4,16.2,0,9228186,ZCDG7
2008-05-19T12:58:06,310405000,SAPPHIRE PRINCESS,KETCHIKAN,55.27475167,-131.49335,309,311.4,16.2,0,9228186,ZCDG7
2008-05-19T12:58:01,310405000,SAPPHIRE PRINCESS,KETCHIKAN,55.27451167,-131.4928567,309,311.8,16.2,0,9228186,ZCDG7
2008-05-19T12:57:55,310405000,SAPPHIRE PRINCESS,KETCHIKAN,55.27420667,-131.492255,310,312.4,16.3,0,9228186,ZCDG7
2008-05-19T12:57:49,310405000,SAPPHIRE PRINCESS,KETCHIKAN,55.27391167,-131.4916783,311,313.4,16.4,0,9228186,ZCDG7
2008-05-19T12:57:43,310405000,SAPPHIRE PRINCESS,KETCHIKAN,55.27359667,-131.4910867,312,314.4,16.5,0,9228186,ZCDG7
2008-05-19T12:57:37,310405000,SAPPHIRE PRINCESS,KETCHIKAN,55.27328667,-131.4905233,312,314.4,16.5,0,9228186,ZCDG7
2008-05-19T12:57:30,310405000,SAPPHIRE PRINCESS,KETCHIKAN,55.272915,-131.489855,313,315.4,16.6,0,9228186,ZCDG7
2008-05-19T12:57:24,310405000,SAPPHIRE PRINCESS,KETCHIKAN,55.27259,-131.489295,314,316.7,16.6,0,9228186,ZCDG7
2008-05-19T12:57:20,310405000,SAPPHIRE PRINCESS,KETCHIKAN,55.27231167,-131.4888317,0,0.0,0.0,0,9228186,ZCDG7
2008-05-19T12:57:19,310405000,SAPPHIRE PRINCESS,KETCHIKAN,55.27231167,-131.4888317,315,317.0,16.6,0,9228186,ZCDG7
2008-05-19T12:57:13,310405000,SAPPHIRE PRINCESS,KETCHIKAN,55.271975,-131.4882767,316,317.7,16.7,0,9228186,ZCDG7
2008-05-19T12:57:06,310405000,SAPPHIRE PRINCESS,KETCHIKAN,55.27163833,-131.4877267,317,319.0,16.7,0,9228186,ZCDG7
2008-05-19T12:57:01,310405000,SAPPHIRE PRINCESS,KETCHIKAN,55.27129333,-131.4871867,317,318.7,16.8,0,9228186,ZCDG7
2008-05-19T12:56:55,310405000,SAPPHIRE PRINCESS,KETCHIKAN,55.27088,-131.4865533,318,319.7,16.8,0,9228186,ZCDG7
2008-05-19T12:56:49,310405000,SAPPHIRE PRINCESS,KETCHIKAN,55.27053333,-131.4860333,319,320.6,16.9,0,9228186,ZCDG7
2008-05-19T12:56:43,310405000,SAPPHIRE PRINCESS,KETCHIKAN,55.27023333,-131.4855983,319,320.6,16.9,0,9228186,ZCDG7
2008-05-19T12:56:37,310405000,SAPPHIRE PRINCESS,KETCHIKAN,55.26986833,-131.485075,319,320.3,17.0,0,9228186,ZCDG7
2008-05-19T12:56:31,310405000,SAPPHIRE PRINCESS,KETCHIKAN,55.26950667,-131.484555,319,320.3,17.0,0,9228186,ZCDG7
2008-05-19T12:56:24,310405000,SAPPHIRE PRINCESS,KETCHIKAN,55.26908333,-131.483945,319,320.6,17.0,0,9228186,ZCDG7
2008-05-19T12:56:19,310405000,SAPPHIRE PRINCESS,KETCHIKAN,55.26877833,-131.48351,319,320.6,17.1,0,9228186,ZCDG7
2008-05-19T12:56:12,310405000,SAPPHIRE PRINCESS,KETCHIKAN,55.26835167,-131.4828967,319,320.3,17.0,0,9228186,ZCDG7
2008-05-19T12:56:06,310405000,SAPPHIRE PRINCESS,KETCHIKAN,55.26804667,-131.48246,319,320.6,17.0,0,9228186,ZCDG7
2008-05-19T12:56:01,310405000,SAPPHIRE PRINCESS,KETCHIKAN,55.26768,-131.4819333,319,320.6,17.1,0,9228186,ZCDG7
2008-05-19T12:55:55,310405000,SAPPHIRE PRINCESS,KETCHIKAN,55.26731667,-131.4814133,319,320.6,17.0,0,9228186,ZCDG7
2008-05-19T12:55:49,310405000,SAPPHIRE PRINCESS,KETCHIKAN,55.26695333,-131.4808883,319,320.6,17.1,0,9228186,ZCDG7
2008-05-19T12:55:43,310405000,SAPPHIRE PRINCESS,KETCHIKAN,55.26658667,-131.480365,319,320.6,17.1,0,9228186,ZCDG7
2008-05-19T12:55:37,310405000,SAPPHIRE PRINCESS,KETCHIKAN,55.26622167,-131.4798433,319,320.6,17.1,0,9228186,ZCDG7
2008-05-19T12:55:31,310405000,SAPPHIRE PRINCESS,KETCHIKAN,55.26592167,-131.47941,319,320.6,17.1,0,9228186,ZCDG7
2008-05-19T12:55:24,310405000,SAPPHIRE PRINCESS,KETCHIKAN,55.26543667,-131.478715,319,320.6,17.1,0,9228186,ZCDG7
2008-05-19T12:55:19,310405000,SAPPHIRE PRINCESS,KETCHIKAN,55.26513167,-131.4782783,319,320.3,17.1,0,9228186,ZCDG7
2008-05-19T12:55:12,310405000,SAPPHIRE PRINCESS,KETCHIKAN,55.26470167,-131.477665,319,320.6,17.1,0,9228186,ZCDG7
2008-05-19T12:55:06,310405000,SAPPHIRE PRINCESS,KETCHIKAN,55.26433167,-131.477135,319,320.3,17.1,0,9228186,ZCDG7
2008-05-19T12:55:01,310405000,SAPPHIRE PRINCESS,KETCHIKAN,55.26403167,-131.4767067,319,320.3,17.1,0,9228186,ZCDG7
2008-05-19T12:54:55,310405000,SAPPHIRE PRINCESS,KETCHIKAN,55.26366667,-131.4761833,319,320.3,17.1,0,9228186,ZCDG7
2008-05-19T12:54:49,310405000,SAPPHIRE PRINCESS,KETCHIKAN,55.26324167,-131.47557,319,320.6,17.1,0,9228186,ZCDG7
2008-05-19T12:54:42,310405000,SAPPHIRE PRINCESS,KETCHIKAN,55.26286833,-131.47504,319,320.6,17.1,0,9228186,ZCDG7
2008-05-19T12:54:37,310405000,SAPPHIRE PRINCESS,KETCHIKAN,55.26256833,-131.4746133,319,320.3,17.1,0,9228186,ZCDG7
2008-05-19T12:54:31,310405000,SAPPHIRE PRINCESS,KETCHIKAN,55.262205,-131.4740883,319,320.3,17.1,0,9228186,ZCDG7
2008-05-19T12:54:24,310405000,SAPPHIRE PRINCESS,KETCHIKAN,55.26178167,-131.4734733,319,320.6,17.1,0,9228186,ZCDG7
2008-05-19T12:54:19,310405000,SAPPHIRE PRINCESS,KETCHIKAN,55.261475,-131.47304,319,320.6,17.1,0,9228186,ZCDG7
2008-05-19T12:54:12,310405000,SAPPHIRE PRINCESS,KETCHIKAN,55.26105,-131.4724267,319,320.3,17.1,0,9228186,ZCDG7
2008-05-19T12:54:06,310405000,SAPPHIRE PRINCESS,KETCHIKAN,55.26068,-131.47189,319,320.6,17.1,0,9228186,ZCDG7
2008-05-19T12:54:01,310405000,SAPPHIRE PRINCESS,KETCHIKAN,55.26032,-131.471375,319,320.6,17.1,0,9228186,ZCDG7
2008-05-19T12:53:55,310405000,SAPPHIRE PRINCESS,KETCHIKAN,55.25994667,-131.4708433,319,320.3,17.1,0,9228186,ZCDG7
2008-05-19T12:53:49,310405000,SAPPHIRE PRINCESS,KETCHIKAN,55.25958833,-131.4703233,319,320.6,17.1,0,9228186,ZCDG7
2008-05-19T12:53:42,310405000,SAPPHIRE PRINCESS,KETCHIKAN,55.259215,-131.4697883,319,321.0,17.1,0,9228186,ZCDG7
2008-05-19T12:53:37,310405000,SAPPHIRE PRINCESS,KETCHIKAN,55.25885333,-131.4692767,319,320.6,17.1,0,9228186,ZCDG7
2008-05-19T12:53:31,310405000,SAPPHIRE PRINCESS,KETCHIKAN,55.25854833,-131.468845,319,320.6,17.1,0,9228186,ZCDG7
2008-05-19T12:53:25,310405000,SAPPHIRE PRINCESS,KETCHIKAN,55.25818333,-131.4683167,319,320.6,17.1,0,9228186,ZCDG7
2008-05-19T12:53:19,310405000,SAPPHIRE PRINCESS,KETCHIKAN,55.257815,-131.4677933,319,320.6,17.1,0,9228186,ZCDG7
2008-05-19T12:53:12,310405000,SAPPHIRE PRINCESS,KETCHIKAN,55.25738667,-131.467185,319,321.0,17.1,0,9228186,ZCDG7
2008-05-19T12:53:06,310405000,SAPPHIRE PRINCESS,KETCHIKAN,55.257015,-131.4666583,319,320.6,17.1,0,9228186,ZCDG7
2008-05-19T12:53:01,310405000,SAPPHIRE PRINCESS,KETCHIKAN,55.25671167,-131.4662317,319,321.0,17.1,0,9228186,ZCDG7
2008-05-19T12:52:54,310405000,SAPPHIRE PRINCESS,KETCHIKAN,55.25627833,-131.4656167,319,321.0,17.1,0,9228186,ZCDG7
2008-05-19T12:52:49,310405000,SAPPHIRE PRINCESS,KETCHIKAN,55.25597667,-131.4651917,319,321.0,17.1,0,9228186,ZCDG7
2008-05-19T12:52:42,310405000,SAPPHIRE PRINCESS,KETCHIKAN,55.25554167,-131.4645833,319,320.6,17.1,0,9228186,ZCDG7
2008-05-19T12:52:37,310405000,SAPPHIRE PRINCESS,KETCHIKAN,55.25518,-131.4640717,319,320.6,17.1,0,9228186,ZCDG7
2008-05-19T12:52:31,310405000,SAPPHIRE PRINCESS,KETCHIKAN,55.25480833,-131.4635383,319,321.0,17.1,0,9228186,ZCDG7
2008-05-19T12:52:25,310405000,SAPPHIRE PRINCESS,KETCHIKAN,55.25444667,-131.4630283,319,320.6,17.1,0,9228186,ZCDG7
2008-05-19T12:52:19,310405000,SAPPHIRE PRINCESS,KETCHIKAN,55.25407667,-131.4624983,319,320.6,17.1,0,9228186,ZCDG7
2008-05-19T12:52:13,310405000,SAPPHIRE PRINCESS,KETCHIKAN,55.25371333,-131.4619817,319,320.6,17.1,0,9228186,ZCDG7
2008-05-19T12:52:06,310405000,SAPPHIRE PRINCESS,KETCHIKAN,55.25333833,-131.4614517,319,321.0,17.1,0,9228186,ZCDG7
2008-05-19T12:52:01,310405000,SAPPHIRE PRINCESS,KETCHIKAN,55.253035,-131.4610267,319,321.0,17.1,0,9228186,ZCDG7
2008-05-19T12:51:54,310405000,SAPPHIRE PRINCESS,KETCHIKAN,55.25260167,-131.46041,319,320.6,17.1,0,9228186,ZCDG7
2008-05-19T12:51:49,310405000,SAPPHIRE PRINCESS,KETCHIKAN,55.25224167,-131.4598967,319,321.0,17.1,0,9228186,ZCDG7
2008-05-19T12:51:42,310405000,SAPPHIRE PRINCESS,KETCHIKAN,55.25186667,-131.4593667,319,320.6,17.2,0,9228186,ZCDG7
2008-05-19T12:51:37,310405000,SAPPHIRE PRINCESS,KETCHIKAN,55.251505,-131.4588517,319,320.6,17.2,0,9228186,ZCDG7
2008-05-19T12:51:31,310405000,SAPPHIRE PRINCESS,KETCHIKAN,55.25107833,-131.4582383,319,320.6,17.2,0,9228186,ZCDG7
2008-05-19T12:51:25,310405000,SAPPHIRE PRINCESS,KETCHIKAN,55.25077167,-131.4578033,319,320.6,17.2,0,9228186,ZCDG7
2008-05-19T12:51:19,310405000,SAPPHIRE PRINCESS,KETCHIKAN,55.25034,-131.4571917,0,0.0,0.0,0,9228186,ZCDG7
2008-05-19T12:51:18,310405000,SAPPHIRE PRINCESS,KETCHIKAN,55.25034,-131.4571917,319,320.6,17.2,0,9228186,ZCDG7
2008-05-19T12:51:13,310405000,SAPPHIRE PRINCESS,KETCHIKAN,55.250035,-131.456755,319,320.6,17.2,0,9228186,ZCDG7
2008-05-19T12:51:06,310405000,SAPPHIRE PRINCESS,KETCHIKAN,55.24960667,-131.4561433,319,320.9,17.2,0,9228186,ZCDG7
2008-05-19T12:51:01,310405000,SAPPHIRE PRINCESS,KETCHIKAN,55.2493,-131.4557083,319,320.6,17.2,0,9228186,ZCDG7
2008-05-19T12:50:54,310405000,SAPPHIRE PRINCESS,KETCHIKAN,55.24887,-131.4550983,319,320.3,17.2,0,9228186,ZCDG7
2008-05-19T12:50:49,310405000,SAPPHIRE PRINCESS,KETCHIKAN,55.248565,-131.454655,319,320.6,17.2,0,9228186,ZCDG7
2008-05-19T12:50:42,310405000,SAPPHIRE PRINCESS,KETCHIKAN,55.2482,-131.45413,319,320.6,17.2,0,9228186,ZCDG7
2008-05-19T12:50:37,310405000,SAPPHIRE PRINCESS,KETCHIKAN,55.24783333,-131.4536033,319,320.3,17.1,0,9228186,ZCDG7
2008-05-19T12:50:31,310405000,SAPPHIRE PRINCESS,KETCHIKAN,55.247465,-131.4530733,319,320.3,17.2,0,9228186,ZCDG7
2008-05-19T12:50:25,310405000,SAPPHIRE PRINCESS,KETCHIKAN,55.24710167,-131.45254,319,320.3,17.2,0,9228186,ZCDG7
2008-05-19T12:50:18,310405000,SAPPHIRE PRINCESS,KETCHIKAN,55.24673667,-131.4520117,319,320.6,17.2,0,9228186,ZCDG7
2008-05-19T12:50:13,310405000,SAPPHIRE PRINCESS,KETCHIKAN,55.24636667,-131.451485,319,320.3,17.2,0,9228186,ZCDG7
2008-05-19T12:50:06,310405000,SAPPHIRE PRINCESS,KETCHIKAN,55.24593333,-131.4508583,319,320.3,17.2,0,9228186,ZCDG7
2008-05-19T12:50:01,310405000,SAPPHIRE PRINCESS,KETCHIKAN,55.24562833,-131.450415,319,320.3,17.2,0,9228186,ZCDG7
2008-05-19T12:49:54,310405000,SAPPHIRE PRINCESS,KETCHIKAN,55.24519833,-131.4497983,319,320.3,17.2,0,9228186,ZCDG7
2008-05-19T12:49:49,310405000,SAPPHIRE PRINCESS,KETCHIKAN,55.24489333,-131.4493567,319,320.3,17.2,0,9228186,ZCDG7
2008-05-19T12:49:42,310405000,SAPPHIRE PRINCESS,KETCHIKAN,55.24446667,-131.4487367,319,320.3,17.1,0,9228186,ZCDG7
2008-05-19T12:49:37,310405000,SAPPHIRE PRINCESS,KETCHIKAN,55.24416167,-131.4482933,319,320.6,17.1,0,9228186,ZCDG7
2008-05-19T12:49:31,310405000,SAPPHIRE PRINCESS,KETCHIKAN,55.24379667,-131.4477667,319,320.3,17.1,0,9228186,ZCDG7
2008-05-19T12:49:25,310405000,SAPPHIRE PRINCESS,KETCHIKAN,55.24343,-131.4472333,319,320.0,17.1,0,9228186,ZCDG7
2008-05-19T12:49:18,310405000,SAPPHIRE PRINCESS,KETCHIKAN,55.24300167,-131.4466033,319,320.6,17.1,0,9228186,ZCDG7
2008-05-19T12:49:13,310405000,SAPPHIRE PRINCESS,KETCHIKAN,55.24270333,-131.4461683,319,320.6,17.1,0,9228186,ZCDG7
2008-05-19T12:49:06,310405000,SAPPHIRE PRINCESS,KETCHIKAN,55.24227167,-131.4455467,319,319.6,17.1,0,9228186,ZCDG7
2008-05-19T12:49:00,310405000,SAPPHIRE PRINCESS,KETCHIKAN,55.24197667,-131.4451067,319,320.0,17.1,0,9228186,ZCDG7
2008-05-19T12:48:55,310405000,SAPPHIRE PRINCESS,KETCHIKAN,55.24161667,-131.444575,319,320.0,17.1,0,9228186,ZCDG7
2008-05-19T12:48:49,310405000,SAPPHIRE PRINCESS,KETCHIKAN,55.24130833,-131.4441267,319,320.0,17.1,0,9228186,ZCDG7
2008-05-19T12:48:42,310405000,SAPPHIRE PRINCESS,KETCHIKAN,55.24082833,-131.44342,319,320.0,17.1,0,9228186,ZCDG7
2008-05-19T12:48:37,310405000,SAPPHIRE PRINCESS,KETCHIKAN,55.240475,-131.4428917,319,320.0,17.1,0,9228186,ZCDG7
2008-05-19T12:48:31,310405000,SAPPHIRE PRINCESS,KETCHIKAN,55.24011,-131.44235,319,318.6,17.0,0,9228186,ZCDG7
2008-05-19T12:48:25,310405000,SAPPHIRE PRINCESS,KETCHIKAN,55.23981833,-131.4419083,318,318.6,17.0,0,9228186,ZCDG7
2008-05-19T12:48:18,310405000,SAPPHIRE PRINCESS,KETCHIKAN,55.23939667,-131.4412683,318,318.6,17.0,0,9228186,ZCDG7
2008-05-19T12:48:13,310405000,SAPPHIRE PRINCESS,KETCHIKAN,55.23911,-131.440825,318,318.6,17.0,0,9228186,ZCDG7
2008-05-19T12:48:06,310405000,SAPPHIRE PRINCESS,KETCHIKAN,55.23869333,-131.4401783,317,317.3,17.0,0,9228186,ZCDG7
2008-05-19T12:48:00,310405000,SAPPHIRE PRINCESS,KETCHIKAN,55.23834833,-131.439635,317,317.3,17.0,0,9228186,ZCDG7
2008-05-19T12:47:55,310405000,SAPPHIRE PRINCESS,KETCHIKAN,55.23806,-131.4391733,317,317.3,17.0,0,9228186,ZCDG7
2008-05-19T12:47:49,310405000,SAPPHIRE PRINCESS,KETCHIKAN,55.23771333,-131.4386117,316,316.3,17.1,0,9228186,ZCDG7
2008-05-19T12:47:42,310405000,SAPPHIRE PRINCESS,KETCHIKAN,55.23737167,-131.4380467,315,315.3,17.0,0,9228186,ZCDG7
2008-05-19T12:47:36,310405000,SAPPHIRE PRINCESS,KETCHIKAN,55.23697667,-131.437375,315,314.3,17.1,0,9228186,ZCDG7
2008-05-19T12:47:31,310405000,SAPPHIRE PRINCESS,KETCHIKAN,55.23663667,-131.436785,314,314.3,17.0,0,9228186,ZCDG7
2008-05-19T12:47:25,310405000,SAPPHIRE PRINCESS,KETCHIKAN,55.23631167,-131.4362083,313,313.3,17.1,0,9228186,ZCDG7
2008-05-19T12:47:18,310405000,SAPPHIRE PRINCESS,KETCHIKAN,55.23598,-131.435605,313,313.6,17.1,0,9228186,ZCDG7
2008-05-19T12:47:13,310405000,SAPPHIRE PRINCESS,KETCHIKAN,55.23566167,-131.435015,312,312.3,17.1,0,9228186,ZCDG7
2008-05-19T12:47:06,310405000,SAPPHIRE PRINCESS,KETCHIKAN,55.235335,-131.434395,311,311.3,17.1,0,9228186,ZCDG7
2008-05-19T12:47:00,310405000,SAPPHIRE PRINCESS,KETCHIKAN,55.235025,-131.4337917,311,311.3,17.1,0,9228186,ZCDG7
2008-05-19T12:46:55,310405000,SAPPHIRE PRINCESS,KETCHIKAN,55.23471,-131.4331617,310,310.6,17.1,0,9228186,ZCDG7
2008-05-19T12:46:49,310405000,SAPPHIRE PRINCESS,KETCHIKAN,55.23445667,-131.4326483,309,309.3,17.1,0,9228186,ZCDG7
2008-05-19T12:46:42,310405000,SAPPHIRE PRINCESS,KETCHIKAN,55.234095,-131.4319017,309,309.3,17.1,0,9228186,ZCDG7
2008-05-19T12:46:36,310405000,SAPPHIRE PRINCESS,KETCHIKAN,55.23380333,-131.4312683,308,308.3,17.1,0,9228186,ZCDG7
2008-05-19T12:46:31,310405000,SAPPHIRE PRINCESS,KETCHIKAN,55.23350167,-131.4306117,307,307.6,17.1,0,9228186,ZCDG7
2008-05-19T12:46:25,310405000,SAPPHIRE PRINCESS,KETCHIKAN,55.23326,-131.4300767,307,307.3,17.1,0,9228186,ZCDG7
2008-05-19T12:46:18,310405000,SAPPHIRE PRINCESS,KETCHIKAN,55.23292,-131.4293017,306,306.3,17.1,0,9228186,ZCDG7
2008-05-19T12:46:13,310405000,SAPPHIRE PRINCESS,KETCHIKAN,55.23264167,-131.4286433,305,305.6,17.1,0,9228186,ZCDG7
2008-05-19T12:46:06,310405000,SAPPHIRE PRINCESS,KETCHIKAN,55.232315,-131.42786,305,304.9,17.2,0,9228186,ZCDG7
2008-05-19T12:46:00,310405000,SAPPHIRE PRINCESS,KETCHIKAN,55.23203833,-131.427185,304,304.6,17.1,0,9228186,ZCDG7
2008-05-19T12:45:55,310405000,SAPPHIRE PRINCESS,KETCHIKAN,55.23180833,-131.4266083,303,303.6,17.2,0,9228186,ZCDG7
2008-05-19T12:45:49,310405000,SAPPHIRE PRINCESS,KETCHIKAN,55.23154833,-131.4259317,303,303.9,17.2,0,9228186,ZCDG7
2008-05-19T12:45:42,310405000,SAPPHIRE PRINCESS,KETCHIKAN,55.23124167,-131.425125,302,302.9,17.2,0,9228186,ZCDG7
2008-05-19T12:45:36,310405000,SAPPHIRE PRINCESS,KETCHIKAN,55.23102333,-131.424545,301,301.9,17.2,0,9228186,ZCDG7
2008-05-19T12:45:31,310405000,SAPPHIRE PRINCESS,KETCHIKAN,55.23076333,-131.423835,301,301.9,17.2,0,9228186,ZCDG7
2008-05-19T12:45:25,310405000,SAPPHIRE PRINCESS,KETCHIKAN,55.230555,-131.4232567,301,301.9,17.2,0,9228186,ZCDG7
2008-05-19T12:45:20,310405000,SAPPHIRE PRINCESS,KETCHIKAN,55.23026,-131.4224233,0,0.0,0.0,0,9228186,ZCDG7
2008-05-19T12:45:18,310405000,SAPPHIRE PRINCESS,KETCHIKAN,55.23026,-131.4224233,300,301.3,17.2,0,9228186,ZCDG7
2008-05-19T12:45:13,310405000,SAPPHIRE PRINCESS,KETCHIKAN,55.230015,-131.421725,300,301.3,17.2,0,9228186,ZCDG7
2008-05-19T12:45:06,310405000,SAPPHIRE PRINCESS,KETCHIKAN,55.22976667,-131.4209983,299,300.3,17.2,0,9228186,ZCDG7
2008-05-19T12:45:00,310405000,SAPPHIRE PRINCESS,KETCHIKAN,55.22952833,-131.42029,299,300.3,17.2,0,9228186,ZCDG7
2008-05-19T12:44:55,310405000,SAPPHIRE PRINCESS,KETCHIKAN,55.22928333,-131.4195567,299,300.3,17.2,0,9228186,ZCDG7
2008-05-19T12:44:49,310405000,SAPPHIRE PRINCESS,KETCHIKAN,55.229085,-131.4189683,299,299.9,17.2,0,9228186,ZCDG7
2008-05-19T12:44:42,310405000,SAPPHIRE PRINCESS,KETCHIKAN,55.22876667,-131.4180083,299,300.3,17.2,0,9228186,ZCDG7
2008-05-19T12:44:36,310405000,SAPPHIRE PRINCESS,KETCHIKAN,55.22852667,-131.4172883,299,300.3,17.2,0,9228186,ZCDG7
2008-05-19T12:44:31,310405000,SAPPHIRE PRINCESS,KETCHIKAN,55.22832167,-131.4166767,299,300.3,17.2,0,9228186,ZCDG7
2008-05-19T12:44:25,310405000,SAPPHIRE PRINCESS,KETCHIKAN,55.22808333,-131.4159667,299,299.9,17.2,0,9228186,ZCDG7
2008-05-19T12:44:18,310405000,SAPPHIRE PRINCESS,KETCHIKAN,55.227805,-131.4151217,299,300.3,17.2,0,9228186,ZCDG7
2008-05-19T12:44:13,310405000,SAPPHIRE PRINCESS,KETCHIKAN,55.227605,-131.41452,299,299.9,17.2,0,9228186,ZCDG7
2008-05-19T12:44:06,310405000,SAPPHIRE PRINCESS,KETCHIKAN,55.22732333,-131.4136767,299,299.9,17.3,0,9228186,ZCDG7
2008-05-19T12:44:00,310405000,SAPPHIRE PRINCESS,KETCHIKAN,55.227125,-131.413075,299,300.3,17.2,0,9228186,ZCDG7
2008-05-19T12:43:55,310405000,SAPPHIRE PRINCESS,KETCHIKAN,55.22688333,-131.4123433,299,300.3,17.3,0,9228186,ZCDG7
2008-05-19T12:43:49,310405000,SAPPHIRE PRINCESS,KETCHIKAN,55.22664667,-131.4116333,299,299.9,17.3,0,9228186,ZCDG7
2008-05-19T12:43:42,310405000,SAPPHIRE PRINCESS,KETCHIKAN,55.22636667,-131.4107867,299,299.9,17.3,0,9228186,ZCDG7
2008-05-19T12:43:36,310405000,SAPPHIRE PRINCESS,KETCHIKAN,55.22616833,-131.410185,299,299.9,17.3,0,9228186,ZCDG7
2008-05-19T12:43:31,310405000,SAPPHIRE PRINCESS,KETCHIKAN,55.22592667,-131.40945,299,299.9,17.3,0,9228186,ZCDG7
2008-05-19T12:43:25,310405000,SAPPHIRE PRINCESS,KETCHIKAN,55.22572833,-131.4088583,299,299.9,17.3,0,9228186,ZCDG7
2008-05-19T12:43:19,310405000,SAPPHIRE PRINCESS,KETCHIKAN,55.22548833,-131.4081333,299,299.6,17.3,0,9228186,ZCDG7
2008-05-19T12:43:13,310405000,SAPPHIRE PRINCESS,KETCHIKAN,55.22517333,-131.4071667,299,299.9,17.3,0,9228186,ZCDG7
2008-05-19T12:43:06,310405000,SAPPHIRE PRINCESS,KETCHIKAN,55.22493333,-131.4064367,299,299.9,17.3,0,9228186,ZCDG7
2008-05-19T12:43:00,310405000,SAPPHIRE PRINCESS,KETCHIKAN,55.22469167,-131.405715,299,299.6,17.3,0,9228186,ZCDG7
2008-05-19T12:42:55,310405000,SAPPHIRE PRINCESS,KETCHIKAN,55.22448833,-131.4050967,299,299.6,17.3,0,9228186,ZCDG7
2008-05-19T12:42:49,310405000,SAPPHIRE PRINCESS,KETCHIKAN,55.22425667,-131.4043783,299,299.9,17.3,0,9228186,ZCDG7
2008-05-19T12:42:42,310405000,SAPPHIRE PRINCESS,KETCHIKAN,55.22397833,-131.4035317,299,299.6,17.3,0,9228186,ZCDG7
2008-05-19T12:42:37,310405000,SAPPHIRE PRINCESS,KETCHIKAN,55.22378333,-131.4029283,299,299.6,17.3,0,9228186,ZCDG7
2008-05-19T12:42:31,310405000,SAPPHIRE PRINCESS,KETCHIKAN,55.22354333,-131.402185,299,299.6,17.3,0,9228186,ZCDG7
2008-05-19T12:42:25,310405000,SAPPHIRE PRINCESS,KETCHIKAN,55.22331333,-131.4014667,299,298.6,17.3,0,9228186,ZCDG7
2008-05-19T12:42:19,310405000,SAPPHIRE PRINCESS,KETCHIKAN,55.22307667,-131.4007217,298,298.6,17.3,0,9228186,ZCDG7
2008-05-19T12:42:13,310405000,SAPPHIRE PRINCESS,KETCHIKAN,55.22285333,-131.400005,298,298.6,17.3,0,9228186,ZCDG7
2008-05-19T12:42:06,310405000,SAPPHIRE PRINCESS,KETCHIKAN,55.22262333,-131.399275,298,298.3,17.3,0,9228186,ZCDG7
2008-05-19T12:42:00,310405000,SAPPHIRE PRINCESS,KETCHIKAN,55.22236,-131.3984167,297,297.3,17.2,0,9228186,ZCDG7
2008-05-19T12:41:55,310405000,SAPPHIRE PRINCESS,KETCHIKAN,55.22217167,-131.3977983,297,297.6,17.3,0,9228186,ZCDG7
2008-05-19T12:41:49,310405000,SAPPHIRE PRINCESS,KETCHIKAN,55.22191167,-131.396935,297,297.6,17.3,0,9228186,ZCDG7
2008-05-19T12:41:42,310405000,SAPPHIRE PRINCESS,KETCHIKAN,55.22169,-131.3961983,297,297.3,17.3,0,9228186,ZCDG7
2008-05-19T12:41:37,310405000,SAPPHIRE PRINCESS,KETCHIKAN,55.22147333,-131.3954567,296,296.6,17.2,0,9228186,ZCDG7
2008-05-19T12:41:31,310405000,SAPPHIRE PRINCESS,KETCHIKAN,55.221255,-131.3947017,296,296.6,17.2,0,9228186,ZCDG7
2008-05-19T12:41:25,310405000,SAPPHIRE PRINCESS,KETCHIKAN,55.22107667,-131.3940883,296,296.6,17.2,0,9228186,ZCDG7
2008-05-19T12:41:19,310405000,SAPPHIRE PRINCESS,KETCHIKAN,55.220865,-131.3933433,295,295.6,17.2,0,9228186,ZCDG7
2008-05-19T12:41:13,310405000,SAPPHIRE PRINCESS,KETCHIKAN,55.22062,-131.3924717,295,295.6,17.2,0,9228186,ZCDG7
2008-05-19T12:41:06,310405000,SAPPHIRE PRINCESS,KETCHIKAN,55.22040833,-131.3917067,295,295.6,17.2,0,9228186,ZCDG7
2008-05-19T12:41:00,310405000,SAPPHIRE PRINCESS,KETCHIKAN,55.220205,-131.3909633,295,295.6,17.2,0,9228186,ZCDG7
2008-05-19T12:40:55,310405000,SAPPHIRE PRINCESS,KETCHIKAN,55.22003333,-131.3903383,295,295.6,17.2,0,9228186,ZCDG7
2008-05-19T12:40:49,310405000,SAPPHIRE PRINCESS,KETCHIKAN,55.21982833,-131.3895867,295,295.6,17.2,0,9228186,ZCDG7
2008-05-19T12:40:43,310405000,SAPPHIRE PRINCESS,KETCHIKAN,55.21962333,-131.3888367,295,295.6,17.2,0,9228186,ZCDG7
2008-05-19T12:40:37,310405000,SAPPHIRE PRINCESS,KETCHIKAN,55.21941833,-131.3880867,295,295.6,17.2,0,9228186,ZCDG7
2008-05-19T12:40:31,310405000,SAPPHIRE PRINCESS,KETCHIKAN,55.21921167,-131.3873367,295,295.6,17.2,0,9228186,ZCDG7
2008-05-19T12:40:25,310405000,SAPPHIRE PRINCESS,KETCHIKAN,55.21897167,-131.3864583,295,295.3,17.2,0,9228186,ZCDG7
2008-05-19T12:40:19,310405000,SAPPHIRE PRINCESS,KETCHIKAN,55.218765,-131.3856967,295,295.3,17.2,0,9228186,ZCDG7
2008-05-19T12:40:13,310405000,SAPPHIRE PRINCESS,KETCHIKAN,55.21856333,-131.3849567,295,295.6,17.2,0,9228186,ZCDG7
2008-05-19T12:40:06,310405000,SAPPHIRE PRINCESS,KETCHIKAN,55.21835333,-131.3841933,295,295.3,17.2,0,9228186,ZCDG7
2008-05-19T12:40:00,310405000,SAPPHIRE PRINCESS,KETCHIKAN,55.218155,-131.3834583,295,295.6,17.2,0,9228186,ZCDG7
2008-05-19T12:39:55,310405000,SAPPHIRE PRINCESS,KETCHIKAN,55.21794667,-131.3826917,295,295.3,17.2,0,9228186,ZCDG7
2008-05-19T12:39:49,310405000,SAPPHIRE PRINCESS,KETCHIKAN,55.21777833,-131.3820783,295,295.3,17.2,0,9228186,ZCDG7
2008-05-19T12:39:43,310405000,SAPPHIRE PRINCESS,KETCHIKAN,55.217575,-131.381325,295,295.3,17.2,0,9228186,ZCDG7
2008-05-19T12:39:37,310405000,SAPPHIRE PRINCESS,KETCHIKAN,55.21737,-131.38057,295,295.6,17.2,0,9228186,ZCDG7
2008-05-19T12:39:31,310405000,SAPPHIRE PRINCESS,KETCHIKAN,55.217165,-131.3798217,295,295.3,17.2,0,9228186,ZCDG7
2008-05-19T12:39:25,310405000,SAPPHIRE PRINCESS,KETCHIKAN,55.21696,-131.37907,295,295.3,17.2,0,9228186,ZCDG7
2008-05-19T12:39:20,310405000,SAPPHIRE PRINCESS,KETCHIKAN,55.216755,-131.378315,0,0.0,0.0,0,9228186,ZCDG7
2008-05-19T12:39:19,310405000,SAPPHIRE PRINCESS,KETCHIKAN,55.216755,-131.378315,295,295.3,17.2,0,9228186,ZCDG7
2008-05-19T12:39:13,310405000,SAPPHIRE PRINCESS,KETCHIKAN,55.21655,-131.3775617,295,295.3,17.2,0,9228186,ZCDG7
2008-05-19T12:39:07,310405000,SAPPHIRE PRINCESS,KETCHIKAN,55.21634667,-131.3768117,295,295.6,17.2,0,9228186,ZCDG7
2008-05-19T12:39:00,310405000,SAPPHIRE PRINCESS,KETCHIKAN,55.21607667,-131.37581,295,295.3,17.2,0,9228186,ZCDG7
2008-05-19T12:38:55,310405000,SAPPHIRE PRINCESS,KETCHIKAN,55.21590333,-131.3751717,295,295.3,17.2,0,9228186,ZCDG7
2008-05-19T12:38:49,310405000,SAPPHIRE PRINCESS,KETCHIKAN,55.21570333,-131.37443,295,295.3,17.2,0,9228186,ZCDG7
2008-05-19T12:38:43,310405000,SAPPHIRE PRINCESS,KETCHIKAN,55.21549667,-131.373665,295,295.3,17.2,0,9228186,ZCDG7
2008-05-19T12:38:37,310405000,SAPPHIRE PRINCESS,KETCHIKAN,55.215295,-131.3729283,295,295.3,17.2,0,9228186,ZCDG7
2008-05-19T12:38:31,310405000,SAPPHIRE PRINCESS,KETCHIKAN,55.21508833,-131.3721667,295,295.3,17.2,0,9228186,ZCDG7
2008-05-19T12:38:25,310405000,SAPPHIRE PRINCESS,KETCHIKAN,55.21488833,-131.3714283,295,295.3,17.2,0,9228186,ZCDG7
2008-05-19T12:38:19,310405000,SAPPHIRE PRINCESS,KETCHIKAN,55.21472,-131.3708033,295,295.3,17.2,0,9228186,ZCDG7
2008-05-19T12:38:12,310405000,SAPPHIRE PRINCESS,KETCHIKAN,55.21448,-131.369925,295,295.3,17.2,0,9228186,ZCDG7
2008-05-19T12:38:07,310405000,SAPPHIRE PRINCESS,KETCHIKAN,55.21431167,-131.3693,295,295.3,17.2,0,9228186,ZCDG7
2008-05-19T12:38:00,310405000,SAPPHIRE PRINCESS,KETCHIKAN,55.214075,-131.3684233,295,295.3,17.2,0,9228186,ZCDG7
2008-05-19T12:37:55,310405000,SAPPHIRE PRINCESS,KETCHIKAN,55.213905,-131.367795,295,295.3,17.1,0,9228186,ZCDG7
2008-05-19T12:37:49,310405000,SAPPHIRE PRINCESS,KETCHIKAN,55.2137,-131.3670433,295,295.0,17.1,0,9228186,ZCDG7
2008-05-19T12:37:43,310405000,SAPPHIRE PRINCESS,KETCHIKAN,55.213465,-131.36616,295,295.3,17.1,0,9228186,ZCDG7
2008-05-19T12:37:37,310405000,SAPPHIRE PRINCESS,KETCHIKAN,55.21326833,-131.365425,295,295.3,17.1,0,9228186,ZCDG7
2008-05-19T12:37:31,310405000,SAPPHIRE PRINCESS,KETCHIKAN,55.21306167,-131.3646633,295,295.0,17.1,0,9228186,ZCDG7
2008-05-19T12:37:25,310405000,SAPPHIRE PRINCESS,KETCHIKAN,55.21286167,-131.3639267,295,295.0,17.1,0,9228186,ZCDG7
2008-05-19T12:37:19,310405000,SAPPHIRE PRINCESS,KETCHIKAN,55.21266,-131.363165,295,295.0,17.1,0,9228186,ZCDG7
2008-05-19T12:37:12,310405000,SAPPHIRE PRINCESS,KETCHIKAN,55.21246167,-131.3624267,295,295.3,17.1,0,9228186,ZCDG7
2008-05-19T12:37:07,310405000,SAPPHIRE PRINCESS,KETCHIKAN,55.21225667,-131.3616633,295,295.3,17.1,0,9228186,ZCDG7
2008-05-19T12:37:00,310405000,SAPPHIRE PRINCESS,KETCHIKAN,55.212025,-131.3608033,295,295.0,17.1,0,9228186,ZCDG7
2008-05-19T12:36:55,310405000,SAPPHIRE PRINCESS,KETCHIKAN,55.211855,-131.3601667,295,295.0,17.1,0,9228186,ZCDG7
2008-05-19T12:36:49,310405000,SAPPHIRE PRINCESS,KETCHIKAN,55.21165667,-131.3594283,295,295.0,17.1,0,9228186,ZCDG7
2008-05-19T12:36:43,310405000,SAPPHIRE PRINCESS,KETCHIKAN,55.21149,-131.3588033,295,295.0,17.1,0,9228186,ZCDG7
2008-05-19T12:36:37,310405000,SAPPHIRE PRINCESS,KETCHIKAN,55.21129,-131.3580517,295,295.0,17.1,0,9228186,ZCDG7
2008-05-19T12:36:31,310405000,SAPPHIRE PRINCESS,KETCHIKAN,55.21109,-131.3573067,295,295.0,17.1,0,9228186,ZCDG7
2008-05-19T12:36:24,310405000,SAPPHIRE PRINCESS,KETCHIKAN,55.210825,-131.3563117,295,295.0,17.1,0,9228186,ZCDG7
2008-05-19T12:36:18,310405000,SAPPHIRE PRINCESS,KETCHIKAN,55.21062667,-131.3555583,295,295.3,17.1,0,9228186,ZCDG7
2008-05-19T12:36:12,310405000,SAPPHIRE PRINCESS,KETCHIKAN,55.21042333,-131.354815,295,295.0,17.1,0,9228186,ZCDG7
2008-05-19T12:36:07,310405000,SAPPHIRE PRINCESS,KETCHIKAN,55.21025167,-131.35418,295,294.6,17.1,0,9228186,ZCDG7
2008-05-19T12:36:01,310405000,SAPPHIRE PRINCESS,KETCHIKAN,55.21005667,-131.3534417,295,295.0,17.1,0,9228186,ZCDG7
2008-05-19T12:35:55,310405000,SAPPHIRE PRINCESS,KETCHIKAN,55.20985667,-131.3526833,295,295.0,17.1,0,9228186,ZCDG7
2008-05-19T12:35:49,310405000,SAPPHIRE PRINCESS,KETCHIKAN,55.20965667,-131.3519467,295,295.0,17.1,0,9228186,ZCDG7
2008-05-19T12:35:43,310405000,SAPPHIRE PRINCESS,KETCHIKAN,55.209455,-131.35119,295,294.6,17.1,0,9228186,ZCDG7
2008-05-19T12:35:37,310405000,SAPPHIRE PRINCESS,KETCHIKAN,55.20926,-131.3504517,295,294.6,17.1,0,9228186,ZCDG7
2008-05-19T12:35:31,310405000,SAPPHIRE PRINCESS,KETCHIKAN,55.20906,-131.3496917,295,295.0,17.1,0,9228186,ZCDG7
2008-05-19T12:35:24,310405000,SAPPHIRE PRINCESS,KETCHIKAN,55.20886167,-131.3489533,295,295.0,17.1,0,9228186,ZCDG7
2008-05-19T12:35:18,310405000,SAPPHIRE PRINCESS,KETCHIKAN,55.20866167,-131.3482067,295,294.6,17.1,0,9228186,ZCDG7
2008-05-19T12:35:12,310405000,SAPPHIRE PRINCESS,KETCHIKAN,55.20846667,-131.3474567,295,295.0,17.1,0,9228186,ZCDG7
2008-05-19T12:35:07,310405000,SAPPHIRE PRINCESS,KETCHIKAN,55.20823667,-131.3465867,295,295.0,17.1,0,9228186,ZCDG7
2008-05-19T12:35:01,310405000,SAPPHIRE PRINCESS,KETCHIKAN,55.20807167,-131.345965,295,295.0,17.1,0,9228186,ZCDG7
2008-05-19T12:34:55,310405000,SAPPHIRE PRINCESS,KETCHIKAN,55.20787333,-131.3452133,295,295.0,17.1,0,9228186,ZCDG7
2008-05-19T12:34:49,310405000,SAPPHIRE PRINCESS,KETCHIKAN,55.20764,-131.3443417,295,294.6,17.1,0,9228186,ZCDG7
2008-05-19T12:34:43,310405000,SAPPHIRE PRINCESS,KETCHIKAN,55.207475,-131.343715,295,294.6,17.1,0,9228186,ZCDG7
2008-05-19T12:34:37,310405000,SAPPHIRE PRINCESS,KETCHIKAN,55.20727667,-131.342965,295,295.0,17.0,0,9228186,ZCDG7
2008-05-19T12:34:31,310405000,SAPPHIRE PRINCESS,KETCHIKAN,55.20707833,-131.34222,295,295.0,17.0,0,9228186,ZCDG7
2008-05-19T12:34:24,310405000,SAPPHIRE PRINCESS,KETCHIKAN,55.206845,-131.3413483,295,294.6,17.0,0,9228186,ZCDG7
2008-05-19T12:34:18,310405000,SAPPHIRE PRINCESS,KETCHIKAN,55.20664833,-131.3405867,295,294.6,17.0,0,9228186,ZCDG7
2008-05-19T12:34:12,310405000,SAPPHIRE PRINCESS,KETCHIKAN,55.20645333,-131.3398483,295,294.6,17.0,0,9228186,ZCDG7
2008-05-19T12:34:07,310405000,SAPPHIRE PRINCESS,KETCHIKAN,55.20628833,-131.3392233,295,295.0,17.0,0,9228186,ZCDG7
2008-05-19T12:34:01,310405000,SAPPHIRE PRINCESS,KETCHIKAN,55.20608667,-131.3384733,295,294.3,17.0,0,9228186,ZCDG7
2008-05-19T12:33:55,310405000,SAPPHIRE PRINCESS,KETCHIKAN,55.20589333,-131.3377217,295,294.3,17.0,0,9228186,ZCDG7
2008-05-19T12:33:49,310405000,SAPPHIRE PRINCESS,KETCHIKAN,55.2057,-131.3369683,295,294.6,17.0,0,9228186,ZCDG7
2008-05-19T12:33:43,310405000,SAPPHIRE PRINCESS,KETCHIKAN,55.20546667,-131.3360867,295,294.6,17.0,0,9228186,ZCDG7
2008-05-19T12:33:37,310405000,SAPPHIRE PRINCESS,KETCHIKAN,55.205275,-131.33535,295,294.3,17.0,0,9228186,ZCDG7
2008-05-19T12:33:31,310405000,SAPPHIRE PRINCESS,KETCHIKAN,55.20507667,-131.3345867,295,294.3,17.0,0,9228186,ZCDG7
2008-05-19T12:33:24,310405000,SAPPHIRE PRINCESS,KETCHIKAN,55.20488667,-131.3338467,295,294.6,17.0,0,9228186,ZCDG7
2008-05-19T12:33:20,310405000,SAPPHIRE PRINCESS,KETCHIKAN,55.20469167,-131.3330867,0,0.0,0.0,0,9228186,ZCDG7
2008-05-19T12:33:18,310405000,SAPPHIRE PRINCESS,KETCHIKAN,55.20469167,-131.3330867,295,294.6,17.0,0,9228186,ZCDG7
2008-05-19T12:33:12,310405000,SAPPHIRE PRINCESS,KETCHIKAN,55.2045,-131.3323483,294,293.6,17.0,0,9228186,ZCDG7
2008-05-19T12:33:07,310405000,SAPPHIRE PRINCESS,KETCHIKAN,55.20434167,-131.3317267,294,293.6,17.0,0,9228186,ZCDG7
2008-05-19T12:33:01,310405000,SAPPHIRE PRINCESS,KETCHIKAN,55.20414833,-131.3309767,294,293.3,17.0,0,9228186,ZCDG7
2008-05-19T12:32:55,310405000,SAPPHIRE PRINCESS,KETCHIKAN,55.20396,-131.3302217,294,293.3,17.0,0,9228186,ZCDG7
2008-05-19T12:32:49,310405000,SAPPHIRE PRINCESS,KETCHIKAN,55.20377167,-131.3294667,294,293.6,17.0,0,9228186,ZCDG7
2008-05-19T12:32:43,310405000,SAPPHIRE PRINCESS,KETCHIKAN,55.20358167,-131.3287117,294,293.6,17.0,0,9228186,ZCDG7
2008-05-19T12:32:37,310405000,SAPPHIRE PRINCESS,KETCHIKAN,55.20339333,-131.3279567,294,293.6,17.0,0,9228186,ZCDG7
2008-05-19T12:32:31,310405000,SAPPHIRE PRINCESS,KETCHIKAN,55.20320667,-131.327205,294,293.3,17.0,0,9228186,ZCDG7
2008-05-19T12:32:25,310405000,SAPPHIRE PRINCESS,KETCHIKAN,55.20298833,-131.3263283,294,293.6,17.0,0,9228186,ZCDG7
2008-05-19T12:32:18,310405000,SAPPHIRE PRINCESS,KETCHIKAN,55.20279667,-131.3255633,294,293.6,17.0,0,9228186,ZCDG7
2008-05-19T12:32:12,310405000,SAPPHIRE PRINCESS,KETCHIKAN,55.20261167,-131.3248283,294,293.3,17.0,0,9228186,ZCDG7
2008-05-19T12:32:07,310405000,SAPPHIRE PRINCESS,KETCHIKAN,55.20242167,-131.324065,294,293.3,17.0,0,9228186,ZCDG7
2008-05-19T12:32:00,310405000,SAPPHIRE PRINCESS,KETCHIKAN,55.20223667,-131.32333,294,293.6,17.0,0,9228186,ZCDG7
2008-05-19T12:31:55,310405000,SAPPHIRE PRINCESS,KETCHIKAN,55.20204667,-131.3225683,294,293.6,17.0,0,9228186,ZCDG7
2008-05-19T12:31:49,310405000,SAPPHIRE PRINCESS,KETCHIKAN,55.20185833,-131.3218317,294,293.3,16.9,0,9228186,ZCDG7
2008-05-19T12:31:43,310405000,SAPPHIRE PRINCESS,KETCHIKAN,55.20170333,-131.32121,294,293.3,16.9,0,9228186,ZCDG7
2008-05-19T12:31:37,310405000,SAPPHIRE PRINCESS,KETCHIKAN,55.20152,-131.3204583,294,293.6,16.9,0,9228186,ZCDG7
2008-05-19T12:31:31,310405000,SAPPHIRE PRINCESS,KETCHIKAN,55.20133167,-131.3197133,294,293.6,16.9,0,9228186,ZCDG7
2008-05-19T12:31:25,310405000,SAPPHIRE PRINCESS,KETCHIKAN,55.20111,-131.3188417,294,293.3,16.9,0,9228186,ZCDG7
2008-05-19T12:31:18,310405000,SAPPHIRE PRINCESS,KETCHIKAN,55.20089333,-131.317965,294,293.3,16.9,0,9228186,ZCDG7
2008-05-19T12:31:12,310405000,SAPPHIRE PRINCESS,KETCHIKAN,55.20071,-131.31722,294,293.6,16.9,0,9228186,ZCDG7
2008-05-19T12:31:07,310405000,SAPPHIRE PRINCESS,KETCHIKAN,55.20055,-131.316585,294,293.6,16.9,0,9228186,ZCDG7
2008-05-19T12:31:00,310405000,SAPPHIRE PRINCESS,KETCHIKAN,55.200365,-131.3158517,294,293.3,16.9,0,9228186,ZCDG7
2008-05-19T12:30:55,310405000,SAPPHIRE PRINCESS,KETCHIKAN,55.20017833,-131.3150867,294,293.6,16.9,0,9228186,ZCDG7
2008-05-19T12:30:48,310405000,SAPPHIRE PRINCESS,KETCHIKAN,55.199965,-131.31423,294,293.6,16.9,0,9228186,ZCDG7
2008-05-19T12:30:42,310405000,SAPPHIRE PRINCESS,KETCHIKAN,55.19977833,-131.3134817,294,293.3,16.9,0,9228186,ZCDG7
2008-05-19T12:30:37,310405000,SAPPHIRE PRINCESS,KETCHIKAN,55.19962333,-131.31286,294,293.3,16.9,0,9228186,ZCDG7
2008-05-19T12:30:31,310405000,SAPPHIRE PRINCESS,KETCHIKAN,55.19943833,-131.3120983,294,293.3,16.8,0,9228186,ZCDG7
2008-05-19T12:30:25,310405000,SAPPHIRE PRINCESS,KETCHIKAN,55.199255,-131.3113617,294,293.6,16.8,0,9228186,ZCDG7
2008-05-19T12:30:18,310405000,SAPPHIRE PRINCESS,KETCHIKAN,55.199065,-131.31061,294,293.3,16.8,0,9228186,ZCDG7
2008-05-19T12:30:13,310405000,SAPPHIRE PRINCESS,KETCHIKAN,55.19888333,-131.3098783,294,293.6,16.8,0,9228186,ZCDG7
2008-05-19T12:30:07,310405000,SAPPHIRE PRINCESS,KETCHIKAN,55.19869333,-131.3091183,294,293.6,16.8,0,9228186,ZCDG7
2008-05-19T12:30:00,310405000,SAPPHIRE PRINCESS,KETCHIKAN,55.19847667,-131.308265,294,293.3,16.8,0,9228186,ZCDG7
2008-05-19T12:29:55,310405000,SAPPHIRE PRINCESS,KETCHIKAN,55.19832333,-131.307645,295,294.6,16.8,0,9228186,ZCDG7
2008-05-19T12:29:48,310405000,SAPPHIRE PRINCESS,KETCHIKAN,55.198105,-131.3067817,295,294.6,16.7,0,9228186,ZCDG7
2008-05-19T12:29:42,310405000,SAPPHIRE PRINCESS,KETCHIKAN,55.19791167,-131.3060433,295,294.3,16.7,0,9228186,ZCDG7
2008-05-19T12:29:37,310405000,SAPPHIRE PRINCESS,KETCHIKAN,55.197755,-131.3054267,295,293.9,16.7,0,9228186,ZCDG7
2008-05-19T12:29:31,310405000,SAPPHIRE PRINCESS,KETCHIKAN,55.19756667,-131.3046933,295,294.6,16.7,0,9228186,ZCDG7
2008-05-19T12:29:25,310405000,SAPPHIRE PRINCESS,KETCHIKAN,55.19737167,-131.3039533,296,295.6,16.7,0,9228186,ZCDG7
2008-05-19T12:29:18,310405000,SAPPHIRE PRINCESS,KETCHIKAN,55.19714,-131.30309,296,294.9,16.6,0,9228186,ZCDG7
2008-05-19T12:29:13,310405000,SAPPHIRE PRINCESS,KETCHIKAN,55.19698333,-131.30249,296,294.9,16.7,0,9228186,ZCDG7
2008-05-19T12:29:07,310405000,SAPPHIRE PRINCESS,KETCHIKAN,55.19679,-131.3017567,296,295.3,16.7,0,9228186,ZCDG7
2008-05-19T12:29:01,310405000,SAPPHIRE PRINCESS,KETCHIKAN,55.19659,-131.3010317,296,295.3,16.6,0,9228186,ZCDG7
2008-05-19T12:28:55,310405000,SAPPHIRE PRINCESS,KETCHIKAN,55.19639167,-131.3003083,296,294.9,16.6,0,9228186,ZCDG7
2008-05-19T12:28:48,310405000,SAPPHIRE PRINCESS,KETCHIKAN,55.196195,-131.2995767,296,294.9,16.6,0,9228186,ZCDG7
2008-05-19T12:28:42,310405000,SAPPHIRE PRINCESS,KETCHIKAN,55.195965,-131.298715,296,295.3,16.6,0,9228186,ZCDG7
2008-05-19T12:28:37,310405000,SAPPHIRE PRINCESS,KETCHIKAN,55.19580333,-131.298125,296,295.3,16.6,0,9228186,ZCDG7
2008-05-19T12:28:31,310405000,SAPPHIRE PRINCESS,KETCHIKAN,55.19557167,-131.2972733,296,294.9,16.5,0,9228186,ZCDG7
2008-05-19T12:28:25,310405000,SAPPHIRE PRINCESS,KETCHIKAN,55.19538,-131.2965483,296,295.3,16.5,0,9228186,ZCDG7
2008-05-19T12:28:19,310405000,SAPPHIRE PRINCESS,KETCHIKAN,55.19518167,-131.2958117,296,295.3,16.5,0,9228186,ZCDG7
2008-05-19T12:28:13,310405000,SAPPHIRE PRINCESS,KETCHIKAN,55.19502,-131.295225,296,295.3,16.5,0,9228186,ZCDG7
2008-05-19T12:28:07,310405000,SAPPHIRE PRINCESS,KETCHIKAN,55.19482333,-131.2944933,296,294.9,16.4,0,9228186,ZCDG7
2008-05-19T12:28:01,310405000,SAPPHIRE PRINCESS,KETCHIKAN,55.194635,-131.293785,296,295.3,16.4,0,9228186,ZCDG7
2008-05-19T12:27:55,310405000,SAPPHIRE PRINCESS,KETCHIKAN,55.19443667,-131.293055,296,295.6,16.4,0,9228186,ZCDG7
2008-05-19T12:27:48,310405000,SAPPHIRE PRINCESS,KETCHIKAN,55.19421167,-131.2922367,296,295.3,16.4,0,9228186,ZCDG7
2008-05-19T12:27:42,310405000,SAPPHIRE PRINCESS,KETCHIKAN,55.19401667,-131.29151,296,295.2,16.3,0,9228186,ZCDG7
2008-05-19T12:27:37,310405000,SAPPHIRE PRINCESS,KETCHIKAN,55.19385833,-131.2909217,296,295.6,16.3,0,9228186,ZCDG7
2008-05-19T12:27:31,310405000,SAPPHIRE PRINCESS,KETCHIKAN,55.19366333,-131.2902117,296,295.6,16.3,0,9228186,ZCDG7
2008-05-19T12:27:25,310405000,SAPPHIRE PRINCESS,KETCHIKAN,55.19346667,-131.2895033,296,295.2,16.3,0,9228186,ZCDG7
2008-05-19T12:27:20,310405000,SAPPHIRE PRINCESS,KETCHIKAN,55.19326833,-131.28878,0,0.0,0.0,0,9228186,ZCDG7
2008-05-19T12:27:19,310405000,SAPPHIRE PRINCESS,KETCHIKAN,55.19326833,-131.28878,296,295.6,16.2,0,9228186,ZCDG7
2008-05-19T12:27:13,310405000,SAPPHIRE PRINCESS,KETCHIKAN,55.19304833,-131.2879617,296,296.0,16.2,0,9228186,ZCDG7
2008-05-19T12:27:06,310405000,SAPPHIRE PRINCESS,KETCHIKAN,55.19284833,-131.28725,296,295.6,16.2,0,9228186,ZCDG7
2008-05-19T12:27:01,310405000,SAPPHIRE PRINCESS,KETCHIKAN,55.192655,-131.2865583,296,295.6,16.2,0,9228186,ZCDG7
2008-05-19T12:26:55,310405000,SAPPHIRE PRINCESS,KETCHIKAN,55.19245833,-131.28584,296,296.0,16.1,0,9228186,ZCDG7
2008-05-19T12:26:48,310405000,SAPPHIRE PRINCESS,KETCHIKAN,55.19226667,-131.2851517,296,296.0,16.1,0,9228186,ZCDG7
2008-05-19T12:26:43,310405000,SAPPHIRE PRINCESS,KETCHIKAN,55.19206833,-131.2844433,296,296.0,16.1,0,9228186,ZCDG7
2008-05-19T12:26:37,310405000,SAPPHIRE PRINCESS,KETCHIKAN,55.19187333,-131.2837583,296,296.0,16.0,0,9228186,ZCDG7
2008-05-19T12:26:30,310405000,SAPPHIRE PRINCESS,KETCHIKAN,55.191675,-131.2830483,296,296.0,16.0,0,9228186,ZCDG7
2008-05-19T12:26:25,310405000,SAPPHIRE PRINCESS,KETCHIKAN,55.19148667,-131.282365,296,296.0,16.0,0,9228186,ZCDG7
2008-05-19T12:26:18,310405000,SAPPHIRE PRINCESS,KETCHIKAN,55.19128833,-131.2816633,296,296.3,15.9,0,9228186,ZCDG7
2008-05-19T12:26:13,310405000,SAPPHIRE PRINCESS,KETCHIKAN,55.19112833,-131.2810983,296,296.3,15.9,0,9228186,ZCDG7
2008-05-19T12:26:06,310405000,SAPPHIRE PRINCESS,KETCHIKAN,55.19089667,-131.280285,296,296.0,15.8,0,9228186,ZCDG7
2008-05-19T12:26:01,310405000,SAPPHIRE PRINCESS,KETCHIKAN,55.19071,-131.2796117,296,296.3,15.8,0,9228186,ZCDG7
2008-05-19T12:25:55,310405000,SAPPHIRE PRINCESS,KETCHIKAN,55.19051167,-131.2789167,296,296.7,15.8,0,9228186,ZCDG7
2008-05-19T12:25:49,310405000,SAPPHIRE PRINCESS,KETCHIKAN,55.19032,-131.2782433,296,296.7,15.7,0,9228186,ZCDG7
2008-05-19T12:25:43,310405000,SAPPHIRE PRINCESS,KETCHIKAN,55.19012333,-131.2775567,296,296.7,15.6,0,9228186,ZCDG7
2008-05-19T12:25:37,310405000,SAPPHIRE PRINCESS,KETCHIKAN,55.18993167,-131.27689,296,296.7,15.6,0,9228186,ZCDG7
2008-05-19T12:25:30,310405000,SAPPHIRE PRINCESS,KETCHIKAN,55.189735,-131.276205,296,296.7,15.6,0,9228186,ZCDG7
2008-05-19T12:25:25,310405000,SAPPHIRE PRINCESS,KETCHIKAN,55.189545,-131.275545,296,297.1,15.5,0,9228186,ZCDG7
2008-05-19T12:25:18,310405000,SAPPHIRE PRINCESS,KETCHIKAN,55.18934667,-131.274865,296,297.1,15.5,0,9228186,ZCDG7
2008-05-19T12:25:13,310405000,SAPPHIRE PRINCESS,KETCHIKAN,55.18915333,-131.2742117,296,297.1,15.4,0,9228186,ZCDG7
2008-05-19T12:25:06,310405000,SAPPHIRE PRINCESS,KETCHIKAN,55.18895667,-131.2735317,296,297.1,15.4,0,9228186,ZCDG7
2008-05-19T12:25:01,310405000,SAPPHIRE PRINCESS,KETCHIKAN,55.18876667,-131.2728817,296,297.4,15.4,0,9228186,ZCDG7
2008-05-19T12:24:55,310405000,SAPPHIRE PRINCESS,KETCHIKAN,55.1886,-131.2723233,296,297.4,15.3,0,9228186,ZCDG7
2008-05-19T12:24:49,310405000,SAPPHIRE PRINCESS,KETCHIKAN,55.18837667,-131.2715667,297,298.4,15.3,0,9228186,ZCDG7
2008-05-19T12:24:43,310405000,SAPPHIRE PRINCESS,KETCHIKAN,55.188145,-131.2708017,297,298.8,15.3,0,9228186,ZCDG7
2008-05-19T12:24:37,310405000,SAPPHIRE PRINCESS,KETCHIKAN,55.18797667,-131.27026,297,298.5,15.2,0,9228186,ZCDG7
2008-05-19T12:24:30,310405000,SAPPHIRE PRINCESS,KETCHIKAN,55.18774167,-131.2695083,297,298.5,15.2,0,9228186,ZCDG7
2008-05-19T12:24:25,310405000,SAPPHIRE PRINCESS,KETCHIKAN,55.18757333,-131.2689683,297,298.5,15.2,0,9228186,ZCDG7
2008-05-19T12:24:19,310405000,SAPPHIRE PRINCESS,KETCHIKAN,55.18737,-131.268315,297,298.8,15.2,0,9228186,ZCDG7
2008-05-19T12:24:13,310405000,SAPPHIRE PRINCESS,KETCHIKAN,55.18716667,-131.2676867,298,299.8,15.2,0,9228186,ZCDG7
2008-05-19T12:24:06,310405000,SAPPHIRE PRINCESS,KETCHIKAN,55.18695833,-131.26704,298,299.5,15.1,0,9228186,ZCDG7
2008-05-19T12:24:01,310405000,SAPPHIRE PRINCESS,KETCHIKAN,55.18675667,-131.2664117,299,300.5,15.1,0,9228186,ZCDG7
2008-05-19T12:23:55,310405000,SAPPHIRE PRINCESS,KETCHIKAN,55.186545,-131.2657683,299,300.8,15.1,0,9228186,ZCDG7
2008-05-19T12:23:49,310405000,SAPPHIRE PRINCESS,KETCHIKAN,55.186335,-131.2651483,299,300.9,15.0,0,9228186,ZCDG7
2008-05-19T12:23:43,310405000,SAPPHIRE PRINCESS,KETCHIKAN,55.18611833,-131.2645167,300,301.5,15.0,0,9228186,ZCDG7
2008-05-19T12:23:37,310405000,SAPPHIRE PRINCESS,KETCHIKAN,55.18590667,-131.2639067,300,301.9,15.0,0,9228186,ZCDG7
2008-05-19T12:23:30,310405000,SAPPHIRE PRINCESS,KETCHIKAN,55.18568667,-131.2632833,300,302.3,14.9,0,9228186,ZCDG7
2008-05-19T12:23:25,310405000,SAPPHIRE PRINCESS,KETCHIKAN,55.18543167,-131.262585,301,302.9,14.9,0,9228186,ZCDG7
2008-05-19T12:23:18,310405000,SAPPHIRE PRINCESS,KETCHIKAN,55.18520833,-131.2619667,301,302.9,14.8,0,9228186,ZCDG7
2008-05-19T12:23:13,310405000,SAPPHIRE PRINCESS,KETCHIKAN,55.185025,-131.26147,301,303.3,14.8,0,9228186,ZCDG7
2008-05-19T12:23:06,310405000,SAPPHIRE PRINCESS,KETCHIKAN,55.18475667,-131.2607633,302,304.3,14.7,0,9228186,ZCDG7
2008-05-19T12:23:01,310405000,SAPPHIRE PRINCESS,KETCHIKAN,55.18457167,-131.2602783,302,303.9,14.7,0,9228186,ZCDG7
2008-05-19T12:22:55,310405000,SAPPHIRE PRINCESS,KETCHIKAN,55.18434333,-131.259675,302,303.9,14.7,0,9228186,ZCDG7
2008-05-19T12:22:49,310405000,SAPPHIRE PRINCESS,KETCHIKAN,55.18408333,-131.2590017,303,304.9,14.6,0,9228186,ZCDG7
2008-05-19T12:22:43,310405000,SAPPHIRE PRINCESS,KETCHIKAN,55.18388833,-131.258505,303,304.9,14.6,0,9228186,ZCDG7
2008-05-19T12:22:37,310405000,SAPPHIRE PRINCESS,KETCHIKAN,55.18366167,-131.2579367,304,305.9,14.6,0,9228186,ZCDG7
2008-05-19T12:22:32,310405000,SAPPHIRE PRINCESS,KETCHIKAN,55.18346833,-131.2574583,304,305.9,14.5,0,9228186,ZCDG7
2008-05-19T12:22:30,310405000,SAPPHIRE PRINCESS,KETCHIKAN,55.18338667,-131.257255,304,305.9,14.5,0,9228186,ZCDG7
2008-05-19T12:22:25,310405000,SAPPHIRE PRINCESS,KETCHIKAN,55.18319,-131.2567783,304,305.5,14.5,0,9228186,ZCDG7
2008-05-19T12:22:21,310405000,SAPPHIRE PRINCESS,KETCHIKAN,55.18307333,-131.256495,304,305.9,14.5,0,9228186,ZCDG7
2008-05-19T12:22:19,310405000,SAPPHIRE PRINCESS,KETCHIKAN,55.182955,-131.2562117,304,305.9,14.4,0,9228186,ZCDG7
2008-05-19T12:22:13,310405000,SAPPHIRE PRINCESS,KETCHIKAN,55.18272333,-131.255655,304,305.9,14.4,0,9228186,ZCDG7
2008-05-19T12:22:07,310405000,SAPPHIRE PRINCESS,KETCHIKAN,55.18248667,-131.2550817,304,306.0,14.3,0,9228186,ZCDG7
2008-05-19T12:22:02,310405000,SAPPHIRE PRINCESS,KETCHIKAN,55.18229167,-131.2546117,304,306.0,14.3,0,9228186,ZCDG7
2008-05-19T12:22:01,310405000,SAPPHIRE PRINCESS,KETCHIKAN,55.18221667,-131.254435,304,306.4,14.3,0,9228186,ZCDG7
2008-05-19T12:21:55,310405000,SAPPHIRE PRINCESS,KETCHIKAN,55.18198,-131.253865,304,306.0,14.2,0,9228186,ZCDG7
2008-05-19T12:21:53,310405000,SAPPHIRE PRINCESS,KETCHIKAN,55.181905,-131.25369,304,306.0,14.2,0,9228186,ZCDG7
2008-05-19T12:21:49,310405000,SAPPHIRE PRINCESS,KETCHIKAN,55.18175167,-131.2533183,304,305.6,14.2,0,9228186,ZCDG7
2008-05-19T12:21:43,310405000,SAPPHIRE PRINCESS,KETCHIKAN,55.18151833,-131.2527517,304,306.0,14.1,0,9228186,ZCDG7
2008-05-19T12:21:32,310405000,SAPPHIRE PRINCESS,KETCHIKAN,55.18114,-131.251845,304,306.0,14.0,0,9228186,ZCDG7
2008-05-19T12:21:21,310405000,SAPPHIRE PRINCESS,KETCHIKAN,55.18072167,-131.2508283,304,306.0,13.9,0,9228186,ZCDG7
2008-05-19T12:21:20,310405000,SAPPHIRE PRINCESS,KETCHIKAN,55.18042,-131.2501033,0,0.0,0.0,0,9228186,ZCDG7
2008-05-19T12:21:13,310405000,SAPPHIRE PRINCESS,KETCHIKAN,55.18042,-131.2501033,304,306.4,13.8,0,9228186,ZCDG7
2008-05-19T12:21:02,310405000,SAPPHIRE PRINCESS,KETCHIKAN,55.180005,-131.2491183,304,305.6,13.7,0,9228186,ZCDG7
2008-05-19T12:20:53,310405000,SAPPHIRE PRINCESS,KETCHIKAN,55.17967667,-131.2483183,304,306.9,13.6,0,9228186,ZCDG7
2008-05-19T12:20:42,310405000,SAPPHIRE PRINCESS,KETCHIKAN,55.17926167,-131.2473433,304,305.7,13.4,0,9228186,ZCDG7
2008-05-19T12:20:31,310405000,SAPPHIRE PRINCESS,KETCHIKAN,55.17886667,-131.246375,304,306.1,13.3,0,9228186,ZCDG7
2008-05-19T12:20:21,310405000,SAPPHIRE PRINCESS,KETCHIKAN,55.17850167,-131.2455133,304,306.1,13.2,0,9228186,ZCDG7
2008-05-19T12:20:12,310405000,SAPPHIRE PRINCESS,KETCHIKAN,55.17815,-131.244665,304,305.7,13.1,0,9228186,ZCDG7
2008-05-19T12:20:02,310405000,SAPPHIRE PRINCESS,KETCHIKAN,55.17783,-131.2438867,304,306.2,13.0,0,9228186,ZCDG7
2008-05-19T12:19:53,310405000,SAPPHIRE PRINCESS,KETCHIKAN,55.17751333,-131.2431217,304,304.8,12.9,0,9228186,ZCDG7
2008-05-19T12:19:42,310405000,SAPPHIRE PRINCESS,KETCHIKAN,55.17713833,-131.2421933,305,306.3,12.7,0,9228186,ZCDG7
2008-05-19T12:19:32,310405000,SAPPHIRE PRINCESS,KETCHIKAN,55.17675833,-131.2412817,305,305.4,12.6,0,9228186,ZCDG7
2008-05-19T12:19:23,310405000,SAPPHIRE PRINCESS,KETCHIKAN,55.17645667,-131.2405317,306,306.9,12.5,0,9228186,ZCDG7
2008-05-19T12:19:12,310405000,SAPPHIRE PRINCESS,KETCHIKAN,55.17607667,-131.2396467,307,307.4,12.4,0,9228186,ZCDG7
2008-05-19T12:19:02,310405000,SAPPHIRE PRINCESS,KETCHIKAN,55.17577,-131.2389267,307,307.0,12.3,0,9228186,ZCDG7
2008-05-19T12:18:53,310405000,SAPPHIRE PRINCESS,KETCHIKAN,55.17543,-131.238145,307,307.4,12.1,0,9228186,ZCDG7
2008-05-19T12:18:42,310405000,SAPPHIRE PRINCESS,KETCHIKAN,55.17505333,-131.2372983,308,307.5,12.0,0,9228186,ZCDG7
2008-05-19T12:18:31,310405000,SAPPHIRE PRINCESS,KETCHIKAN,55.17471667,-131.23652,309,308.5,11.9,0,9228186,ZCDG7
2008-05-19T12:18:23,310405000,SAPPHIRE PRINCESS,KETCHIKAN,55.174445,-131.235925,309,308.0,11.8,0,9228186,ZCDG7
2008-05-19T12:18:12,310405000,SAPPHIRE PRINCESS,KETCHIKAN,55.17408167,-131.235115,310,308.5,11.6,0,9228186,ZCDG7
2008-05-19T12:18:02,310405000,SAPPHIRE PRINCESS,KETCHIKAN,55.17371333,-131.23431,311,309.5,11.5,0,9228186,ZCDG7
2008-05-19T12:17:53,310405000,SAPPHIRE PRINCESS,KETCHIKAN,55.17341333,-131.233665,311,308.9,11.4,0,9228186,ZCDG7
2008-05-19T12:17:42,310405000,SAPPHIRE PRINCESS,KETCHIKAN,55.17305,-131.2328817,311,308.9,11.2,0,9228186,ZCDG7
2008-05-19T12:17:31,310405000,SAPPHIRE PRINCESS,KETCHIKAN,55.17272333,-131.23217,311,308.4,11.1,0,9228186,ZCDG7
2008-05-19T12:17:23,310405000,SAPPHIRE PRINCESS,KETCHIKAN,55.17243833,-131.2315383,311,307.8,11.0,0,9228186,ZCDG7
2008-05-19T12:17:12,310405000,SAPPHIRE PRINCESS,KETCHIKAN,55.17209667,-131.23077,311,307.8,10.9,0,9228186,ZCDG7
2008-05-19T12:17:03,310405000,SAPPHIRE PRINCESS,KETCHIKAN,55.17181667,-131.23015,311,307.8,10.8,0,9228186,ZCDG7
2008-05-19T12:16:53,310405000,SAPPHIRE PRINCESS,KETCHIKAN,55.17151667,-131.2294683,311,307.2,10.7,0,9228186,ZCDG7
2008-05-19T12:16:42,310405000,SAPPHIRE PRINCESS,KETCHIKAN,55.17115667,-131.22865,311,307.1,10.5,0,9228186,ZCDG7
2008-05-19T12:16:33,310405000,SAPPHIRE PRINCESS,KETCHIKAN,55.17089167,-131.228045,311,307.1,10.4,0,9228186,ZCDG7
2008-05-19T12:16:23,310405000,SAPPHIRE PRINCESS,KETCHIKAN,55.17062833,-131.2274333,311,307.1,10.4,0,9228186,ZCDG7
2008-05-19T12:16:12,310405000,SAPPHIRE PRINCESS,KETCHIKAN,55.17031667,-131.2267133,311,307.0,10.2,0,9228186,ZCDG7
2008-05-19T12:16:03,310405000,SAPPHIRE PRINCESS,KETCHIKAN,55.17006,-131.2261183,311,307.0,10.1,0,9228186,ZCDG7
2008-05-19T12:15:53,310405000,SAPPHIRE PRINCESS,KETCHIKAN,55.16978167,-131.225465,311,306.4,10.0,0,9228186,ZCDG7
2008-05-19T12:15:42,310405000,SAPPHIRE PRINCESS,KETCHIKAN,55.16948,-131.224755,311,306.3,9.9,0,9228186,ZCDG7
2008-05-19T12:15:33,310405000,SAPPHIRE PRINCESS,KETCHIKAN,55.16923,-131.2241733,311,306.3,9.9,0,9228186,ZCDG7
2008-05-19T12:15:23,310405000,SAPPHIRE PRINCESS,KETCHIKAN,55.16896333,-131.2235417,311,306.3,9.9,0,9228186,ZCDG7
2008-05-19T12:15:17,310405000,SAPPHIRE PRINCESS,KETCHIKAN,55.16863333,-131.22276,0,0.0,0.0,0,9228186,ZCDG7
2008-05-19T12:15:12,310405000,SAPPHIRE PRINCESS,KETCHIKAN,55.16863333,-131.22276,311,306.3,9.9,0,9228186,ZCDG7
2008-05-19T12:15:03,310405000,SAPPHIRE PRINCESS,KETCHIKAN,55.16839,-131.222185,311,306.3,9.9,0,9228186,ZCDG7
2008-05-19T12:14:53,310405000,SAPPHIRE PRINCESS,KETCHIKAN,55.168145,-131.2216,311,306.3,9.9,0,9228186,ZCDG7
2008-05-19T12:14:42,310405000,SAPPHIRE PRINCESS,KETCHIKAN,55.16785,-131.2208967,311,305.8,9.9,0,9228186,ZCDG7
2008-05-19T12:14:33,310405000,SAPPHIRE PRINCESS,KETCHIKAN,55.167605,-131.2203117,311,305.8,9.9,0,9228186,ZCDG7
2008-05-19T12:14:23,310405000,SAPPHIRE PRINCESS,KETCHIKAN,55.16733667,-131.2196683,311,305.8,9.9,0,9228186,ZCDG7
2008-05-19T12:14:12,310405000,SAPPHIRE PRINCESS,KETCHIKAN,55.167045,-131.2189667,311,305.8,9.9,0,9228186,ZCDG7
2008-05-19T12:14:03,310405000,SAPPHIRE PRINCESS,KETCHIKAN,55.16679833,-131.218375,311,305.8,9.9,0,9228186,ZCDG7
2008-05-19T12:13:53,310405000,SAPPHIRE PRINCESS,KETCHIKAN,55.16650833,-131.217675,311,305.8,9.9,0,9228186,ZCDG7
2008-05-19T12:13:42,310405000,SAPPHIRE PRINCESS,KETCHIKAN,55.16624167,-131.2170233,311,305.2,10.0,0,9228186,ZCDG7
2008-05-19T12:13:33,310405000,SAPPHIRE PRINCESS,KETCHIKAN,55.16597667,-131.21638,311,305.8,10.0,0,9228186,ZCDG7
2008-05-19T12:13:23,310405000,SAPPHIRE PRINCESS,KETCHIKAN,55.165735,-131.215795,311,305.9,10.1,0,9228186,ZCDG7
2008-05-19T12:13:12,310405000,SAPPHIRE PRINCESS,KETCHIKAN,55.16543333,-131.2150717,311,305.4,10.2,0,9228186,ZCDG7
2008-05-19T12:13:03,310405000,SAPPHIRE PRINCESS,KETCHIKAN,55.16518167,-131.2144667,311,306.0,10.3,0,9228186,ZCDG7
2008-05-19T12:12:53,310405000,SAPPHIRE PRINCESS,KETCHIKAN,55.16490167,-131.2138017,311,306.0,10.4,0,9228186,ZCDG7
2008-05-19T12:12:42,310405000,SAPPHIRE PRINCESS,KETCHIKAN,55.16459333,-131.21306,311,306.1,10.5,0,9228186,ZCDG7
2008-05-19T12:12:33,310405000,SAPPHIRE PRINCESS,KETCHIKAN,55.164305,-131.212375,311,306.6,10.6,0,9228186,ZCDG7
2008-05-19T12:12:23,310405000,SAPPHIRE PRINCESS,KETCHIKAN,55.16401,-131.2116783,311,306.7,10.7,0,9228186,ZCDG7
2008-05-19T12:12:12,310405000,SAPPHIRE PRINCESS,KETCHIKAN,55.16372167,-131.210995,311,306.7,10.8,0,9228186,ZCDG7
2008-05-19T12:12:03,310405000,SAPPHIRE PRINCESS,KETCHIKAN,55.16342,-131.21029,311,306.8,11.0,0,9228186,ZCDG7
2008-05-19T12:11:53,310405000,SAPPHIRE PRINCESS,KETCHIKAN,55.16311667,-131.20958,311,306.9,11.2,0,9228186,ZCDG7
2008-05-19T12:11:42,310405000,SAPPHIRE PRINCESS,KETCHIKAN,55.16280833,-131.20886,311,306.9,11.3,0,9228186,ZCDG7
2008-05-19T12:11:33,310405000,SAPPHIRE PRINCESS,KETCHIKAN,55.16249333,-131.20813,311,306.5,11.5,0,9228186,ZCDG7
2008-05-19T12:11:23,310405000,SAPPHIRE PRINCESS,KETCHIKAN,55.16220333,-131.2074517,311,306.6,11.7,0,9228186,ZCDG7
2008-05-19T12:11:12,310405000,SAPPHIRE PRINCESS,KETCHIKAN,55.16185333,-131.2066317,311,306.6,11.9,0,9228186,ZCDG7
2008-05-19T12:11:03,310405000,SAPPHIRE PRINCESS,KETCHIKAN,55.16152333,-131.2058667,311,306.2,12.0,0,9228186,ZCDG7
2008-05-19T12:10:53,310405000,SAPPHIRE PRINCESS,KETCHIKAN,55.16119,-131.2050867,311,306.3,12.2,0,9228186,ZCDG7
2008-05-19T12:10:42,310405000,SAPPHIRE PRINCESS,KETCHIKAN,55.160855,-131.2043017,311,306.8,12.3,0,9228186,ZCDG7
2008-05-19T12:10:36,310405000,SAPPHIRE PRINCESS,KETCHIKAN,55.16061167,-131.2037333,311,306.8,12.5,0,9228186,ZCDG7
2008-05-19T12:10:33,310405000,SAPPHIRE PRINCESS,KETCHIKAN,55.160515,-131.203505,311,306.4,12.5,0,9228186,ZCDG7
2008-05-19T12:10:30,310405000,SAPPHIRE PRINCESS,KETCHIKAN,55.16040333,-131.203245,311,306.4,12.5,0,9228186,ZCDG7
2008-05-19T12:10:25,310405000,SAPPHIRE PRINCESS,KETCHIKAN,55.16023833,-131.20286,311,306.4,12.6,0,9228186,ZCDG7
2008-05-19T12:10:23,310405000,SAPPHIRE PRINCESS,KETCHIKAN,55.16017,-131.2026983,311,306.4,12.6,0,9228186,ZCDG7
2008-05-19T12:10:18,310405000,SAPPHIRE PRINCESS,KETCHIKAN,55.15999167,-131.2022817,311,306.4,12.7,0,9228186,ZCDG7
2008-05-19T12:10:12,310405000,SAPPHIRE PRINCESS,KETCHIKAN,55.159815,-131.2018667,311,306.4,12.7,0,9228186,ZCDG7
2008-05-19T12:10:06,310405000,SAPPHIRE PRINCESS,KETCHIKAN,55.159575,-131.2012967,311,306.5,12.8,0,9228186,ZCDG7
2008-05-19T12:10:03,310405000,SAPPHIRE PRINCESS,KETCHIKAN,55.15946667,-131.2010467,311,306.5,12.8,0,9228186,ZCDG7
2008-05-19T12:10:00,310405000,SAPPHIRE PRINCESS,KETCHIKAN,55.15939833,-131.2008883,311,306.5,12.8,0,9228186,ZCDG7
2008-05-19T12:09:54,310405000,SAPPHIRE PRINCESS,KETCHIKAN,55.15915,-131.2003033,311,306.0,12.8,0,9228186,ZCDG7
2008-05-19T12:09:53,310405000,SAPPHIRE PRINCESS,KETCHIKAN,55.15915,-131.2003033,311,306.0,12.8,0,9228186,ZCDG7
2008-05-19T12:09:48,310405000,SAPPHIRE PRINCESS,KETCHIKAN,55.15898167,-131.1999017,311,306.5,12.8,0,9228186,ZCDG7
2008-05-19T12:09:42,310405000,SAPPHIRE PRINCESS,KETCHIKAN,55.15872833,-131.199295,311,306.5,12.8,0,9228186,ZCDG7
2008-05-19T12:09:36,310405000,SAPPHIRE PRINCESS,KETCHIKAN,55.15852333,-131.1988117,311,306.1,12.9,0,9228186,ZCDG7
2008-05-19T12:09:30,310405000,SAPPHIRE PRINCESS,KETCHIKAN,55.15830833,-131.1983,311,305.6,12.9,0,9228186,ZCDG7
2008-05-19T12:09:25,310405000,SAPPHIRE PRINCESS,KETCHIKAN,55.15814167,-131.1978917,310,305.1,12.9,0,9228186,ZCDG7
2008-05-19T12:09:19,310405000,SAPPHIRE PRINCESS,KETCHIKAN,55.157935,-131.1973867,310,305.1,12.9,0,9228186,ZCDG7
2008-05-19T12:09:16,310405000,SAPPHIRE PRINCESS,KETCHIKAN,55.157685,-131.19678,0,0.0,0.0,0,9228186,ZCDG7
2008-05-19T12:09:12,310405000,SAPPHIRE PRINCESS,KETCHIKAN,55.157685,-131.19678,310,305.1,13.0,0,9228186,ZCDG7
2008-05-19T12:09:06,310405000,SAPPHIRE PRINCESS,KETCHIKAN,55.15748333,-131.1962817,310,304.6,13.0,0,9228186,ZCDG7
2008-05-19T12:09:00,310405000,SAPPHIRE PRINCESS,KETCHIKAN,55.15727667,-131.1957667,310,304.7,13.1,0,9228186,ZCDG7
2008-05-19T12:08:54,310405000,SAPPHIRE PRINCESS,KETCHIKAN,55.15707167,-131.1952533,310,304.7,13.1,0,9228186,ZCDG7
2008-05-19T12:08:48,310405000,SAPPHIRE PRINCESS,KETCHIKAN,55.1569,-131.19482,310,304.7,13.1,0,9228186,ZCDG7
2008-05-19T12:08:42,310405000,SAPPHIRE PRINCESS,KETCHIKAN,55.15665667,-131.1942133,310,304.3,13.2,0,9228186,ZCDG7
2008-05-19T12:08:36,310405000,SAPPHIRE PRINCESS,KETCHIKAN,55.156485,-131.1937783,310,304.3,13.2,0,9228186,ZCDG7
2008-05-19T12:08:30,310405000,SAPPHIRE PRINCESS,KETCHIKAN,55.15624667,-131.193165,310,304.7,13.2,0,9228186,ZCDG7
2008-05-19T12:08:25,310405000,SAPPHIRE PRINCESS,KETCHIKAN,55.15607,-131.1927233,310,304.8,13.3,0,9228186,ZCDG7
2008-05-19T12:08:19,310405000,SAPPHIRE PRINCESS,KETCHIKAN,55.15586167,-131.1921983,310,304.3,13.3,0,9228186,ZCDG7
2008-05-19T12:08:12,310405000,SAPPHIRE PRINCESS,KETCHIKAN,55.15561833,-131.1915867,310,304.8,13.3,0,9228186,ZCDG7
2008-05-19T12:08:06,310405000,SAPPHIRE PRINCESS,KETCHIKAN,55.15540667,-131.1910617,310,305.2,13.3,0,9228186,ZCDG7
2008-05-19T12:08:00,310405000,SAPPHIRE PRINCESS,KETCHIKAN,55.155195,-131.1905333,310,304.8,13.4,0,9228186,ZCDG7
2008-05-19T12:07:54,310405000,SAPPHIRE PRINCESS,KETCHIKAN,55.154985,-131.1900067,310,304.8,13.5,0,9228186,ZCDG7
2008-05-19T12:07:48,310405000,SAPPHIRE PRINCESS,KETCHIKAN,55.15477167,-131.189475,310,305.3,13.4,0,9228186,ZCDG7
2008-05-19T12:07:42,310405000,SAPPHIRE PRINCESS,KETCHIKAN,55.154555,-131.1889517,310,304.8,13.5,0,9228186,ZCDG7
2008-05-19T12:07:36,310405000,SAPPHIRE PRINCESS,KETCHIKAN,55.15433833,-131.18842,311,306.3,13.5,0,9228186,ZCDG7
2008-05-19T12:07:30,310405000,SAPPHIRE PRINCESS,KETCHIKAN,55.15412333,-131.18789,311,306.3,13.6,0,9228186,ZCDG7
2008-05-19T12:07:25,310405000,SAPPHIRE PRINCESS,KETCHIKAN,55.153935,-131.187435,311,306.3,13.6,0,9228186,ZCDG7
2008-05-19T12:07:19,310405000,SAPPHIRE PRINCESS,KETCHIKAN,55.15371833,-131.18692,311,306.3,13.6,0,9228186,ZCDG7
2008-05-19T12:07:12,310405000,SAPPHIRE PRINCESS,KETCHIKAN,55.15345667,-131.1862917,312,307.4,13.7,0,9228186,ZCDG7
2008-05-19T12:07:06,310405000,SAPPHIRE PRINCESS,KETCHIKAN,55.15323167,-131.18576,312,307.4,13.7,0,9228186,ZCDG7
2008-05-19T12:07:00,310405000,SAPPHIRE PRINCESS,KETCHIKAN,55.15304333,-131.1853233,312,307.4,13.8,0,9228186,ZCDG7
2008-05-19T12:06:54,310405000,SAPPHIRE PRINCESS,KETCHIKAN,55.15277,-131.1847083,313,308.0,13.9,0,9228186,ZCDG7
2008-05-19T12:06:48,310405000,SAPPHIRE PRINCESS,KETCHIKAN,55.15257833,-131.1842667,313,308.4,13.9,0,9228186,ZCDG7
2008-05-19T12:06:42,310405000,SAPPHIRE PRINCESS,KETCHIKAN,55.15230167,-131.1836517,314,309.4,13.9,0,9228186,ZCDG7
2008-05-19T12:06:36,310405000,SAPPHIRE PRINCESS,KETCHIKAN,55.15205833,-131.1831233,314,309.1,14.1,0,9228186,ZCDG7
2008-05-19T12:06:30,310405000,SAPPHIRE PRINCESS,KETCHIKAN,55.151815,-131.1826,315,310.1,14.1,0,9228186,ZCDG7
2008-05-19T12:06:25,310405000,SAPPHIRE PRINCESS,KETCHIKAN,55.15156833,-131.1820733,315,310.1,14.2,0,9228186,ZCDG7
2008-05-19T12:06:19,310405000,SAPPHIRE PRINCESS,KETCHIKAN,55.15131833,-131.1815533,315,310.5,14.1,0,9228186,ZCDG7
2008-05-19T12:06:12,310405000,SAPPHIRE PRINCESS,KETCHIKAN,55.15106333,-131.1810333,316,311.5,14.1,0,9228186,ZCDG7
2008-05-19T12:06:06,310405000,SAPPHIRE PRINCESS,KETCHIKAN,55.150805,-131.18052,316,311.1,14.2,0,9228186,ZCDG7
2008-05-19T12:06:00,310405000,SAPPHIRE PRINCESS,KETCHIKAN,55.15054833,-131.180005,317,312.1,14.3,0,9228186,ZCDG7
2008-05-19T12:05:54,310405000,SAPPHIRE PRINCESS,KETCHIKAN,55.15029,-131.1794967,317,312.5,14.1,0,9228186,ZCDG7
2008-05-19T12:05:48,310405000,SAPPHIRE PRINCESS,KETCHIKAN,55.15005833,-131.1790517,318,313.5,14.1,0,9228186,ZCDG7
2008-05-19T12:05:42,310405000,SAPPHIRE PRINCESS,KETCHIKAN,55.14975833,-131.17849,319,314.1,14.2,0,9228186,ZCDG7
2008-05-19T12:05:36,310405000,SAPPHIRE PRINCESS,KETCHIKAN,55.14952333,-131.1780567,319,314.1,14.2,0,9228186,ZCDG7
2008-05-19T12:05:30,310405000,SAPPHIRE PRINCESS,KETCHIKAN,55.14922,-131.177505,320,315.1,14.2,0,9228186,ZCDG7
2008-05-19T12:05:26,310405000,SAPPHIRE PRINCESS,KETCHIKAN,55.14903833,-131.1771817,320,315.1,14.2,0,9228186,ZCDG7
2008-05-19T12:05:25,310405000,SAPPHIRE PRINCESS,KETCHIKAN,55.148945,-131.17702,320,315.1,14.2,0,9228186,ZCDG7
2008-05-19T12:05:19,310405000,SAPPHIRE PRINCESS,KETCHIKAN,55.14867,-131.17654,321,316.1,14.1,0,9228186,ZCDG7
2008-05-19T12:05:17,310405000,SAPPHIRE PRINCESS,KETCHIKAN,55.14857667,-131.1763783,321,315.6,14.1,0,9228186,ZCDG7
2008-05-19T12:05:12,310405000,SAPPHIRE PRINCESS,KETCHIKAN,55.14834167,-131.1759717,321,316.1,14.1,0,9228186,ZCDG7
2008-05-19T12:05:06,310405000,SAPPHIRE PRINCESS,KETCHIKAN,55.148055,-131.175495,322,317.5,14.0,0,9228186,ZCDG7
2008-05-19T12:05:00,310405000,SAPPHIRE PRINCESS,KETCHIKAN,55.14782667,-131.1751183,322,317.1,14.1,0,9228186,ZCDG7
2008-05-19T12:04:57,310405000,SAPPHIRE PRINCESS,KETCHIKAN,55.14763833,-131.1748133,323,318.0,14.0,0,9228186,ZCDG7
2008-05-19T12:04:54,310405000,SAPPHIRE PRINCESS,KETCHIKAN,55.14749167,-131.1745783,323,318.0,14.0,0,9228186,ZCDG7
2008-05-19T12:04:48,310405000,SAPPHIRE PRINCESS,KETCHIKAN,55.147255,-131.1742,323,318.0,14.0,0,9228186,ZCDG7
2008-05-19T12:04:47,310405000,SAPPHIRE PRINCESS,KETCHIKAN,55.14716,-131.1740483,324,319.0,14.0,0,9228186,ZCDG7
2008-05-19T12:04:42,310405000,SAPPHIRE PRINCESS,KETCHIKAN,55.14697,-131.1737567,324,319.1,14.1,0,9228186,ZCDG7
2008-05-19T12:04:36,310405000,SAPPHIRE PRINCESS,KETCHIKAN,55.14667333,-131.1733,324,319.0,14.0,0,9228186,ZCDG7
2008-05-19T12:04:26,310405000,SAPPHIRE PRINCESS,KETCHIKAN,55.14619167,-131.17258,325,320.4,13.9,0,9228186,ZCDG7
2008-05-19T12:04:17,310405000,SAPPHIRE PRINCESS,KETCHIKAN,55.145735,-131.1719233,326,321.4,13.9,0,9228186,ZCDG7
2008-05-19T12:04:05,310405000,SAPPHIRE PRINCESS,KETCHIKAN,55.14508667,-131.1710217,327,322.4,13.9,0,9228186,ZCDG7
2008-05-19T12:03:57,310405000,SAPPHIRE PRINCESS,KETCHIKAN,55.14467833,-131.1704783,328,323.4,13.9,0,9228186,ZCDG7
2008-05-19T12:03:47,310405000,SAPPHIRE PRINCESS,KETCHIKAN,55.14416167,-131.16981,329,325.2,13.8,0,9228186,ZCDG7
2008-05-19T12:03:37,310405000,SAPPHIRE PRINCESS,KETCHIKAN,55.143645,-131.169175,330,326.2,13.8,0,9228186,ZCDG7
2008-05-19T12:03:26,310405000,SAPPHIRE PRINCESS,KETCHIKAN,55.143115,-131.1685417,331,327.2,13.8,0,9228186,ZCDG7
2008-05-19T12:03:17,310405000,SAPPHIRE PRINCESS,KETCHIKAN,55.14258333,-131.1679367,0,0.0,0.0,0,9228186,ZCDG7
2008-05-19T12:03:17,310405000,SAPPHIRE PRINCESS,KETCHIKAN,55.14258333,-131.1679367,332,328.2,13.8,0,9228186,ZCDG7
2008-05-19T12:03:05,310405000,SAPPHIRE PRINCESS,KETCHIKAN,55.14198833,-131.1672817,333,329.2,13.7,0,9228186,ZCDG7
2008-05-19T12:02:57,310405000,SAPPHIRE PRINCESS,KETCHIKAN,55.141505,-131.1667683,334,330.6,13.7,0,9228186,ZCDG7
2008-05-19T12:02:45,310405000,SAPPHIRE PRINCESS,KETCHIKAN,55.14089667,-131.1661567,335,331.6,13.7,0,9228186,ZCDG7
2008-05-19T12:02:37,310405000,SAPPHIRE PRINCESS,KETCHIKAN,55.14040167,-131.1656783,335,332.1,13.9,0,9228186,ZCDG7
2008-05-19T12:02:26,310405000,SAPPHIRE PRINCESS,KETCHIKAN,55.13978333,-131.1651067,336,333.0,13.7,0,9228186,ZCDG7
2008-05-19T12:02:16,310405000,SAPPHIRE PRINCESS,KETCHIKAN,55.13923,-131.164615,337,334.0,13.6,0,9228186,ZCDG7
2008-05-19T12:02:05,310405000,SAPPHIRE PRINCESS,KETCHIKAN,55.138605,-131.1640883,338,335.4,13.6,0,9228186,ZCDG7
2008-05-19T12:01:57,310405000,SAPPHIRE PRINCESS,KETCHIKAN,55.13814667,-131.16372,339,336.4,13.6,0,9228186,ZCDG7
2008-05-19T12:01:45,310405000,SAPPHIRE PRINCESS,KETCHIKAN,55.13745667,-131.1631933,340,337.8,13.6,0,9228186,ZCDG7
2008-05-19T12:01:37,310405000,SAPPHIRE PRINCESS,KETCHIKAN,55.13699,-131.1628583,341,338.8,13.6,0,9228186,ZCDG7
2008-05-19T12:01:26,310405000,SAPPHIRE PRINCESS,KETCHIKAN,55.13634667,-131.1624183,342,339.8,13.6,0,9228186,ZCDG7
2008-05-19T12:01:16,310405000,SAPPHIRE PRINCESS,KETCHIKAN,55.13576167,-131.1620433,343,340.8,13.5,0,9228186,ZCDG7
2008-05-19T12:01:05,310405000,SAPPHIRE PRINCESS,KETCHIKAN,55.13511167,-131.1616433,344,341.4,13.5,0,9228186,ZCDG7
2008-05-19T12:00:57,310405000,SAPPHIRE PRINCESS,KETCHIKAN,55.13463667,-131.1613717,345,342.8,13.5,0,9228186,ZCDG7
2008-05-19T12:00:45,310405000,SAPPHIRE PRINCESS,KETCHIKAN,55.13392333,-131.160985,346,343.4,13.5,0,9228186,ZCDG7
2008-05-19T12:00:37,310405000,SAPPHIRE PRINCESS,KETCHIKAN,55.13344833,-131.1607367,347,344.8,13.5,0,9228186,ZCDG7
2008-05-19T12:00:26,310405000,SAPPHIRE PRINCESS,KETCHIKAN,55.13279333,-131.16042,348,345.4,13.5,0,9228186,ZCDG7
2008-05-19T12:00:16,310405000,SAPPHIRE PRINCESS,KETCHIKAN,55.13225,-131.16017,349,346.4,13.5,0,9228186,ZCDG7
2008-05-19T12:00:05,310405000,SAPPHIRE PRINCESS,KETCHIKAN,55.131585,-131.1598817,350,347.8,13.4,0,9228186,ZCDG7
2008-05-19T11:59:57,310405000,SAPPHIRE PRINCESS,KETCHIKAN,55.13098167,-131.159645,350,347.4,13.4,0,9228186,ZCDG7
2008-05-19T11:59:45,310405000,SAPPHIRE PRINCESS,KETCHIKAN,55.13032167,-131.159395,350,347.8,13.4,0,9228186,ZCDG7
2008-05-19T11:59:37,310405000,SAPPHIRE PRINCESS,KETCHIKAN,55.12983167,-131.1592167,350,347.4,13.4,0,9228186,ZCDG7
2008-05-19T11:59:26,310405000,SAPPHIRE PRINCESS,KETCHIKAN,55.12916667,-131.15896,350,348.2,13.4,0,9228186,ZCDG7
2008-05-19T11:59:16,310405000,SAPPHIRE PRINCESS,KETCHIKAN,55.12855833,-131.15874,350,347.8,13.4,0,9228186,ZCDG7
2008-05-19T11:59:05,310405000,SAPPHIRE PRINCESS,KETCHIKAN,55.127895,-131.1584883,350,347.8,13.4,0,9228186,ZCDG7
2008-05-19T11:58:55,310405000,SAPPHIRE PRINCESS,KETCHIKAN,55.12734667,-131.1582917,350,347.8,13.4,0,9228186,ZCDG7
2008-05-19T11:58:45,310405000,SAPPHIRE PRINCESS,KETCHIKAN,55.12668667,-131.1580533,350,347.8,13.4,0,9228186,ZCDG7
2008-05-19T11:58:37,310405000,SAPPHIRE PRINCESS,KETCHIKAN,55.12613,-131.1578517,350,348.7,13.4,0,9228186,ZCDG7
2008-05-19T11:58:26,310405000,SAPPHIRE PRINCESS,KETCHIKAN,55.125475,-131.1576233,350,347.8,13.4,0,9228186,ZCDG7
2008-05-19T11:58:16,310405000,SAPPHIRE PRINCESS,KETCHIKAN,55.12493,-131.15742,350,348.7,13.4,0,9228186,ZCDG7
2008-05-19T11:58:05,310405000,SAPPHIRE PRINCESS,KETCHIKAN,55.12426167,-131.1571917,350,348.2,13.4,0,9228186,ZCDG7
2008-05-19T11:57:55,310405000,SAPPHIRE PRINCESS,KETCHIKAN,55.12366167,-131.1569783,351,349.7,13.4,0,9228186,ZCDG7
2008-05-19T11:57:47,310405000,SAPPHIRE PRINCESS,KETCHIKAN,55.12316833,-131.156815,351,349.7,13.4,0,9228186,ZCDG7
2008-05-19T11:57:37,310405000,SAPPHIRE PRINCESS,KETCHIKAN,55.122565,-131.156615,351,349.7,13.4,0,9228186,ZCDG7
2008-05-19T11:57:26,310405000,SAPPHIRE PRINCESS,KETCHIKAN,55.12189833,-131.1563917,350,349.1,13.4,0,9228186,ZCDG7
2008-05-19T11:57:17,310405000,SAPPHIRE PRINCESS,KETCHIKAN,55.12135,-131.1562133,350,348.7,13.4,0,9228186,ZCDG7
2008-05-19T11:57:16,310405000,SAPPHIRE PRINCESS,KETCHIKAN,55.12056167,-131.1559533,0,0.0,0.0,0,9228186,ZCDG7
2008-05-19T11:57:05,310405000,SAPPHIRE PRINCESS,KETCHIKAN,55.12056167,-131.1559533,350,349.1,13.4,0,9228186,ZCDG7
2008-05-19T11:56:55,310405000,SAPPHIRE PRINCESS,KETCHIKAN,55.12001833,-131.15578,350,349.1,13.3,0,9228186,ZCDG7
2008-05-19T11:56:47,310405000,SAPPHIRE PRINCESS,KETCHIKAN,55.11947167,-131.1556017,350,349.1,13.3,0,9228186,ZCDG7
2008-05-19T11:56:37,310405000,SAPPHIRE PRINCESS,KETCHIKAN,55.11886333,-131.1554083,350,349.5,13.3,0,9228186,ZCDG7
2008-05-19T11:56:26,310405000,SAPPHIRE PRINCESS,KETCHIKAN,55.11820167,-131.1551983,350,349.1,13.3,0,9228186,ZCDG7
2008-05-19T11:56:17,310405000,SAPPHIRE PRINCESS,KETCHIKAN,55.11771833,-131.1550417,351,350.5,13.3,0,9228186,ZCDG7
2008-05-19T11:56:06,310405000,SAPPHIRE PRINCESS,KETCHIKAN,55.117055,-131.1548367,351,350.1,13.2,0,9228186,ZCDG7
2008-05-19T11:55:55,310405000,SAPPHIRE PRINCESS,KETCHIKAN,55.11639167,-131.1546317,351,350.5,13.3,0,9228186,ZCDG7
2008-05-19T11:55:47,310405000,SAPPHIRE PRINCESS,KETCHIKAN,55.11585,-131.1544733,351,350.5,13.2,0,9228186,ZCDG7
2008-05-19T11:55:36,310405000,SAPPHIRE PRINCESS,KETCHIKAN,55.11519167,-131.1542733,351,350.1,13.3,0,9228186,ZCDG7
2008-05-19T11:55:26,310405000,SAPPHIRE PRINCESS,KETCHIKAN,55.11465,-131.154105,350,349.5,13.2,0,9228186,ZCDG7
2008-05-19T11:55:17,310405000,SAPPHIRE PRINCESS,KETCHIKAN,55.114045,-131.1539183,350,349.5,13.2,0,9228186,ZCDG7
2008-05-19T11:55:06,310405000,SAPPHIRE PRINCESS,KETCHIKAN,55.11345,-131.1537317,350,349.5,13.2,0,9228186,ZCDG7
2008-05-19T11:54:55,310405000,SAPPHIRE PRINCESS,KETCHIKAN,55.11279333,-131.1535317,350,349.5,13.1,0,9228186,ZCDG7
2008-05-19T11:54:47,310405000,SAPPHIRE PRINCESS,KETCHIKAN,55.11231167,-131.1533783,350,349.5,13.1,0,9228186,ZCDG7
2008-05-19T11:54:36,310405000,SAPPHIRE PRINCESS,KETCHIKAN,55.11165333,-131.15318,350,349.5,13.2,0,9228186,ZCDG7
2008-05-19T11:54:26,310405000,SAPPHIRE PRINCESS,KETCHIKAN,55.11106,-131.153,350,350.0,13.1,0,9228186,ZCDG7
2008-05-19T11:54:17,310405000,SAPPHIRE PRINCESS,KETCHIKAN,55.11046167,-131.15282,350,350.0,13.1,0,9228186,ZCDG7
2008-05-19T11:54:06,310405000,SAPPHIRE PRINCESS,KETCHIKAN,55.10981167,-131.15263,350,350.0,13.1,0,9228186,ZCDG7
2008-05-19T11:53:55,310405000,SAPPHIRE PRINCESS,KETCHIKAN,55.10921833,-131.15245,350,350.0,13.0,0,9228186,ZCDG7
2008-05-19T11:53:47,310405000,SAPPHIRE PRINCESS,KETCHIKAN,55.108685,-131.15229,350,350.0,13.0,0,9228186,ZCDG7
2008-05-19T11:53:36,310405000,SAPPHIRE PRINCESS,KETCHIKAN,55.10803333,-131.15209,351,351.0,13.0,0,9228186,ZCDG7
2008-05-19T11:53:26,310405000,SAPPHIRE PRINCESS,KETCHIKAN,55.10750333,-131.1519333,351,351.0,13.0,0,9228186,ZCDG7
2008-05-19T11:53:17,310405000,SAPPHIRE PRINCESS,KETCHIKAN,55.10690667,-131.1517567,351,350.5,13.0,0,9228186,ZCDG7
2008-05-19T11:53:06,310405000,SAPPHIRE PRINCESS,KETCHIKAN,55.10631833,-131.15158,350,350.0,13.0,0,9228186,ZCDG7
2008-05-19T11:52:55,310405000,SAPPHIRE PRINCESS,KETCHIKAN,55.10561167,-131.1513683,350,349.5,13.0,0,9228186,ZCDG7
2008-05-19T11:52:47,310405000,SAPPHIRE PRINCESS,KETCHIKAN,55.10514333,-131.1512233,350,350.0,12.9,0,9228186,ZCDG7
2008-05-19T11:52:36,310405000,SAPPHIRE PRINCESS,KETCHIKAN,55.104495,-131.15103,350,350.0,12.9,0,9228186,ZCDG7
2008-05-19T11:52:26,310405000,SAPPHIRE PRINCESS,KETCHIKAN,55.10391333,-131.15085,350,350.0,12.9,0,9228186,ZCDG7
2008-05-19T11:52:17,310405000,SAPPHIRE PRINCESS,KETCHIKAN,55.10338833,-131.15069,350,350.0,12.8,0,9228186,ZCDG7
2008-05-19T11:52:06,310405000,SAPPHIRE PRINCESS,KETCHIKAN,55.102745,-131.150495,350,350.0,12.8,0,9228186,ZCDG7
2008-05-19T11:51:56,310405000,SAPPHIRE PRINCESS,KETCHIKAN,55.10215833,-131.15032,350,350.4,12.8,0,9228186,ZCDG7
2008-05-19T11:51:46,310405000,SAPPHIRE PRINCESS,KETCHIKAN,55.10158333,-131.1501533,350,350.4,12.8,0,9228186,ZCDG7
2008-05-19T11:51:37,310405000,SAPPHIRE PRINCESS,KETCHIKAN,55.10099667,-131.1499867,350,350.4,12.8,0,9228186,ZCDG7
2008-05-19T11:51:26,310405000,SAPPHIRE PRINCESS,KETCHIKAN,55.10042667,-131.149825,350,350.4,12.8,0,9228186,ZCDG7
2008-05-19T11:51:17,310405000,SAPPHIRE PRINCESS,KETCHIKAN,55.09990167,-131.1496767,350,350.4,12.8,0,9228186,ZCDG7
2008-05-19T11:51:15,310405000,SAPPHIRE PRINCESS,KETCHIKAN,55.09926333,-131.1494983,0,0.0,0.0,0,9228186,ZCDG7
2008-05-19T11:51:06,310405000,SAPPHIRE PRINCESS,KETCHIKAN,55.09926333,-131.1494983,350,350.8,12.8,0,9228186,ZCDG7
2008-05-19T11:50:56,310405000,SAPPHIRE PRINCESS,KETCHIKAN,55.09862,-131.1493183,350,350.4,12.9,0,9228186,ZCDG7
2008-05-19T11:50:46,310405000,SAPPHIRE PRINCESS,KETCHIKAN,55.09803667,-131.149155,350,350.4,13.0,0,9228186,ZCDG7
2008-05-19T11:50:37,310405000,SAPPHIRE PRINCESS,KETCHIKAN,55.097505,-131.1490117,351,351.4,12.9,0,9228186,ZCDG7
2008-05-19T11:50:26,310405000,SAPPHIRE PRINCESS,KETCHIKAN,55.09692667,-131.1488533,350,350.4,12.9,0,9228186,ZCDG7
2008-05-19T11:50:17,310405000,SAPPHIRE PRINCESS,KETCHIKAN,55.096335,-131.1486867,350,350.4,12.9,0,9228186,ZCDG7
2008-05-19T11:50:05,310405000,SAPPHIRE PRINCESS,KETCHIKAN,55.095695,-131.1485083,350,350.4,12.9,0,9228186,ZCDG7
2008-05-19T11:49:56,310405000,SAPPHIRE PRINCESS,KETCHIKAN,55.095165,-131.1483517,350,350.4,13.0,0,9228186,ZCDG7
2008-05-19T11:49:46,310405000,SAPPHIRE PRINCESS,KETCHIKAN,55.09451833,-131.1481683,350,350.4,13.0,0,9228186,ZCDG7
2008-05-19T11:49:37,310405000,SAPPHIRE PRINCESS,KETCHIKAN,55.09393,-131.1479967,350,350.4,13.0,0,9228186,ZCDG7
2008-05-19T11:49:26,310405000,SAPPHIRE PRINCESS,KETCHIKAN,55.09334833,-131.1478317,350,350.0,13.0,0,9228186,ZCDG7
2008-05-19T11:49:17,310405000,SAPPHIRE PRINCESS,KETCHIKAN,55.09282167,-131.1476767,350,350.0,13.0,0,9228186,ZCDG7
2008-05-19T11:49:05,310405000,SAPPHIRE PRINCESS,KETCHIKAN,55.09211167,-131.1474667,350,350.0,13.1,0,9228186,ZCDG7
2008-05-19T11:48:56,310405000,SAPPHIRE PRINCESS,KETCHIKAN,55.09151667,-131.1472917,350,350.0,13.1,0,9228186,ZCDG7
2008-05-19T11:48:46,310405000,SAPPHIRE PRINCESS,KETCHIKAN,55.09098167,-131.1471333,350,350.4,13.1,0,9228186,ZCDG7
2008-05-19T11:48:37,310405000,SAPPHIRE PRINCESS,KETCHIKAN,55.09037833,-131.1469617,350,350.0,13.1,0,9228186,ZCDG7
2008-05-19T11:48:26,310405000,SAPPHIRE PRINCESS,KETCHIKAN,55.08973833,-131.1467717,350,350.4,13.1,0,9228186,ZCDG7
2008-05-19T11:48:17,310405000,SAPPHIRE PRINCESS,KETCHIKAN,55.08919833,-131.146615,350,350.0,13.2,0,9228186,ZCDG7
2008-05-19T11:48:05,310405000,SAPPHIRE PRINCESS,KETCHIKAN,55.08854333,-131.146415,350,350.4,13.1,0,9228186,ZCDG7
2008-05-19T11:47:56,310405000,SAPPHIRE PRINCESS,KETCHIKAN,55.088005,-131.1462583,350,350.0,13.2,0,9228186,ZCDG7
2008-05-19T11:47:46,310405000,SAPPHIRE PRINCESS,KETCHIKAN,55.08735667,-131.1460683,350,350.0,13.1,0,9228186,ZCDG7
2008-05-19T11:47:36,310405000,SAPPHIRE PRINCESS,KETCHIKAN,55.08675833,-131.1458883,350,350.4,13.2,0,9228186,ZCDG7
2008-05-19T11:47:26,310405000,SAPPHIRE PRINCESS,KETCHIKAN,55.08616167,-131.14572,350,350.0,13.2,0,9228186,ZCDG7
2008-05-19T11:47:17,310405000,SAPPHIRE PRINCESS,KETCHIKAN,55.08561833,-131.145555,350,350.0,13.3,0,9228186,ZCDG7
2008-05-19T11:47:05,310405000,SAPPHIRE PRINCESS,KETCHIKAN,55.08495667,-131.1453633,350,350.0,13.3,0,9228186,ZCDG7
2008-05-19T11:46:56,310405000,SAPPHIRE PRINCESS,KETCHIKAN,55.08429833,-131.145165,350,350.0,13.3,0,9228186,ZCDG7
2008-05-19T11:46:46,310405000,SAPPHIRE PRINCESS,KETCHIKAN,55.08375333,-131.1450017,350,350.4,13.3,0,9228186,ZCDG7
2008-05-19T11:46:36,310405000,SAPPHIRE PRINCESS,KETCHIKAN,55.08309167,-131.1448067,350,350.0,13.4,0,9228186,ZCDG7
2008-05-19T11:46:26,310405000,SAPPHIRE PRINCESS,KETCHIKAN,55.08254167,-131.1446333,350,350.4,13.3,0,9228186,ZCDG7
2008-05-19T11:46:17,310405000,SAPPHIRE PRINCESS,KETCHIKAN,55.082005,-131.14447,349,349.4,13.3,0,9228186,ZCDG7
2008-05-19T11:46:05,310405000,SAPPHIRE PRINCESS,KETCHIKAN,55.08127667,-131.1442383,349,349.0,13.4,0,9228186,ZCDG7
2008-05-19T11:45:56,310405000,SAPPHIRE PRINCESS,KETCHIKAN,55.08067167,-131.144045,349,349.4,13.4,0,9228186,ZCDG7
2008-05-19T11:45:46,310405000,SAPPHIRE PRINCESS,KETCHIKAN,55.080065,-131.1438517,349,349.4,13.4,0,9228186,ZCDG7
2008-05-19T11:45:36,310405000,SAPPHIRE PRINCESS,KETCHIKAN,55.07946,-131.14366,349,349.4,13.4,0,9228186,ZCDG7
2008-05-19T11:45:26,310405000,SAPPHIRE PRINCESS,KETCHIKAN,55.07886,-131.1434683,349,349.4,13.4,0,9228186,ZCDG7
2008-05-19T11:45:17,310405000,SAPPHIRE PRINCESS,KETCHIKAN,55.078305,-131.143295,349,349.4,13.4,0,9228186,ZCDG7
2008-05-19T11:45:13,310405000,SAPPHIRE PRINCESS,KETCHIKAN,55.07765,-131.1430867,0,0.0,0.0,0,9228186,ZCDG7
2008-05-19T11:45:05,310405000,SAPPHIRE PRINCESS,KETCHIKAN,55.07765,-131.1430867,349,349.0,13.7,0,9228186,ZCDG7
2008-05-19T11:44:56,310405000,SAPPHIRE PRINCESS,KETCHIKAN,55.07704,-131.1428933,349,349.4,13.4,0,9228186,ZCDG7
2008-05-19T11:44:46,310405000,SAPPHIRE PRINCESS,KETCHIKAN,55.07642833,-131.1427017,349,349.4,13.4,0,9228186,ZCDG7
2008-05-19T11:44:36,310405000,SAPPHIRE PRINCESS,KETCHIKAN,55.07576167,-131.14249,349,349.4,13.5,0,9228186,ZCDG7
2008-05-19T11:44:26,310405000,SAPPHIRE PRINCESS,KETCHIKAN,55.07521333,-131.1423167,349,349.4,13.5,0,9228186,ZCDG7
2008-05-19T11:44:20,310405000,SAPPHIRE PRINCESS,KETCHIKAN,55.07484333,-131.1421967,349,349.4,13.5,0,9228186,ZCDG7
2008-05-19T11:44:17,310405000,SAPPHIRE PRINCESS,KETCHIKAN,55.07466667,-131.14214,349,349.4,13.5,0,9228186,ZCDG7
2008-05-19T11:44:14,310405000,SAPPHIRE PRINCESS,KETCHIKAN,55.07448167,-131.14208,349,349.4,13.5,0,9228186,ZCDG7
2008-05-19T11:44:08,310405000,SAPPHIRE PRINCESS,KETCHIKAN,55.07417833,-131.141985,349,349.4,13.5,0,9228186,ZCDG7
2008-05-19T11:44:05,310405000,SAPPHIRE PRINCESS,KETCHIKAN,55.07393833,-131.14191,349,349.4,13.5,0,9228186,ZCDG7
2008-05-19T11:44:02,310405000,SAPPHIRE PRINCESS,KETCHIKAN,55.07375667,-131.1418517,349,349.4,13.5,0,9228186,ZCDG7
2008-05-19T11:43:56,310405000,SAPPHIRE PRINCESS,KETCHIKAN,55.07332333,-131.1417133,349,349.8,13.5,0,9228186,ZCDG7
2008-05-19T11:43:50,310405000,SAPPHIRE PRINCESS,KETCHIKAN,55.07296,-131.1416017,349,349.8,13.5,0,9228186,ZCDG7
2008-05-19T11:43:46,310405000,SAPPHIRE PRINCESS,KETCHIKAN,55.07277833,-131.1415467,349,349.4,13.5,0,9228186,ZCDG7
2008-05-19T11:43:44,310405000,SAPPHIRE PRINCESS,KETCHIKAN,55.07265167,-131.1415067,349,349.4,13.5,0,9228186,ZCDG7
2008-05-19T11:43:38,310405000,SAPPHIRE PRINCESS,KETCHIKAN,55.07229,-131.1413917,349,349.4,13.5,0,9228186,ZCDG7
2008-05-19T11:43:36,310405000,SAPPHIRE PRINCESS,KETCHIKAN,55.07211,-131.1413333,349,349.4,13.5,0,9228186,ZCDG7
2008-05-19T11:43:32,310405000,SAPPHIRE PRINCESS,KETCHIKAN,55.07186333,-131.141255,349,349.4,13.5,0,9228186,ZCDG7
2008-05-19T11:43:26,310405000,SAPPHIRE PRINCESS,KETCHIKAN,55.07150167,-131.1411383,349,349.4,13.5,0,9228186,ZCDG7
2008-05-19T11:43:20,310405000,SAPPHIRE PRINCESS,KETCHIKAN,55.071135,-131.14102,349,349.4,13.5,0,9228186,ZCDG7
2008-05-19T11:43:14,310405000,SAPPHIRE PRINCESS,KETCHIKAN,55.070825,-131.1409217,349,349.4,13.5,0,9228186,ZCDG7
2008-05-19T11:43:08,310405000,SAPPHIRE PRINCESS,KETCHIKAN,55.070455,-131.1408033,349,349.4,13.6,0,9228186,ZCDG7
2008-05-19T11:43:02,310405000,SAPPHIRE PRINCESS,KETCHIKAN,55.07009667,-131.14069,349,349.8,13.6,0,9228186,ZCDG7
2008-05-19T11:42:56,310405000,SAPPHIRE PRINCESS,KETCHIKAN,55.06966333,-131.1405567,349,349.8,13.6,0,9228186,ZCDG7
2008-05-19T11:42:50,310405000,SAPPHIRE PRINCESS,KETCHIKAN,55.069295,-131.1404433,349,349.8,13.6,0,9228186,ZCDG7
2008-05-19T11:42:44,310405000,SAPPHIRE PRINCESS,KETCHIKAN,55.068925,-131.1403283,349,349.4,13.6,0,9228186,ZCDG7
2008-05-19T11:42:38,310405000,SAPPHIRE PRINCESS,KETCHIKAN,55.06855667,-131.1402117,349,349.8,13.6,0,9228186,ZCDG7
2008-05-19T11:42:32,310405000,SAPPHIRE PRINCESS,KETCHIKAN,55.068185,-131.1400967,349,349.8,13.6,0,9228186,ZCDG7
2008-05-19T11:42:26,310405000,SAPPHIRE PRINCESS,KETCHIKAN,55.06781667,-131.139985,349,349.4,13.6,0,9228186,ZCDG7
2008-05-19T11:42:20,310405000,SAPPHIRE PRINCESS,KETCHIKAN,55.06744833,-131.1398667,349,349.4,13.6,0,9228186,ZCDG7
2008-05-19T11:42:14,310405000,SAPPHIRE PRINCESS,KETCHIKAN,55.067085,-131.13975,349,349.8,13.7,0,9228186,ZCDG7
2008-05-19T11:42:08,310405000,SAPPHIRE PRINCESS,KETCHIKAN,55.06677333,-131.1396517,349,349.8,13.6,0,9228186,ZCDG7
2008-05-19T11:42:02,310405000,SAPPHIRE PRINCESS,KETCHIKAN,55.06634167,-131.139515,349,349.4,13.7,0,9228186,ZCDG7
2008-05-19T11:41:56,310405000,SAPPHIRE PRINCESS,KETCHIKAN,55.06603167,-131.1394167,349,349.0,13.7,0,9228186,ZCDG7
2008-05-19T11:41:50,310405000,SAPPHIRE PRINCESS,KETCHIKAN,55.06554,-131.139255,349,349.4,13.7,0,9228186,ZCDG7
2008-05-19T11:41:44,310405000,SAPPHIRE PRINCESS,KETCHIKAN,55.06522833,-131.1391583,349,349.4,13.7,0,9228186,ZCDG7
2008-05-19T11:41:38,310405000,SAPPHIRE PRINCESS,KETCHIKAN,55.06485667,-131.1390433,349,349.4,13.7,0,9228186,ZCDG7
2008-05-19T11:41:32,310405000,SAPPHIRE PRINCESS,KETCHIKAN,55.06448667,-131.1389283,349,349.4,13.7,0,9228186,ZCDG7
2008-05-19T11:41:26,310405000,SAPPHIRE PRINCESS,KETCHIKAN,55.06411333,-131.13881,349,349.8,13.7,0,9228186,ZCDG7
2008-05-19T11:41:20,310405000,SAPPHIRE PRINCESS,KETCHIKAN,55.06374333,-131.1386933,349,349.8,13.7,0,9228186,ZCDG7
2008-05-19T11:41:14,310405000,SAPPHIRE PRINCESS,KETCHIKAN,55.06337333,-131.13858,349,349.4,13.8,0,9228186,ZCDG7
2008-05-19T11:41:08,310405000,SAPPHIRE PRINCESS,KETCHIKAN,55.06299833,-131.1384633,349,349.4,13.8,0,9228186,ZCDG7
2008-05-19T11:41:02,310405000,SAPPHIRE PRINCESS,KETCHIKAN,55.06262667,-131.1383417,349,349.8,13.8,0,9228186,ZCDG7
2008-05-19T11:40:56,310405000,SAPPHIRE PRINCESS,KETCHIKAN,55.06231667,-131.1382433,349,349.8,13.8,0,9228186,ZCDG7
2008-05-19T11:40:50,310405000,SAPPHIRE PRINCESS,KETCHIKAN,55.06182333,-131.13809,349,349.4,13.8,0,9228186,ZCDG7
2008-05-19T11:40:44,310405000,SAPPHIRE PRINCESS,KETCHIKAN,55.06144,-131.137965,349,349.4,13.8,0,9228186,ZCDG7
2008-05-19T11:40:38,310405000,SAPPHIRE PRINCESS,KETCHIKAN,55.061135,-131.1378667,350,350.4,13.8,0,9228186,ZCDG7
2008-05-19T11:40:32,310405000,SAPPHIRE PRINCESS,KETCHIKAN,55.06069167,-131.1377317,350,350.4,13.9,0,9228186,ZCDG7
2008-05-19T11:40:26,310405000,SAPPHIRE PRINCESS,KETCHIKAN,55.06032,-131.1376217,350,350.4,13.9,0,9228186,ZCDG7
2008-05-19T11:40:20,310405000,SAPPHIRE PRINCESS,KETCHIKAN,55.06000667,-131.137525,350,350.0,14.0,0,9228186,ZCDG7
2008-05-19T11:40:14,310405000,SAPPHIRE PRINCESS,KETCHIKAN,55.05962667,-131.1374133,350,350.4,13.9,0,9228186,ZCDG7
2008-05-19T11:40:09,310405000,SAPPHIRE PRINCESS,KETCHIKAN,55.05924667,-131.137305,350,350.4,14.0,0,9228186,ZCDG7
2008-05-19T11:40:02,310405000,SAPPHIRE PRINCESS,KETCHIKAN,55.05886667,-131.137195,350,350.0,14.0,0,9228186,ZCDG7
2008-05-19T11:39:56,310405000,SAPPHIRE PRINCESS,KETCHIKAN,55.05849,-131.1370833,350,350.4,13.9,0,9228186,ZCDG7
2008-05-19T11:39:50,310405000,SAPPHIRE PRINCESS,KETCHIKAN,55.05798333,-131.13694,350,350.4,14.1,0,9228186,ZCDG7
2008-05-19T11:39:44,310405000,SAPPHIRE PRINCESS,KETCHIKAN,55.05766667,-131.13685,350,350.0,14.1,0,9228186,ZCDG7
2008-05-19T11:39:38,310405000,SAPPHIRE PRINCESS,KETCHIKAN,55.05728833,-131.13674,350,350.0,13.9,0,9228186,ZCDG7
2008-05-19T11:39:32,310405000,SAPPHIRE PRINCESS,KETCHIKAN,55.05691,-131.1366267,350,350.4,13.9,0,9228186,ZCDG7
2008-05-19T11:39:26,310405000,SAPPHIRE PRINCESS,KETCHIKAN,55.05652833,-131.1365183,350,350.4,14.0,0,9228186,ZCDG7
2008-05-19T11:39:20,310405000,SAPPHIRE PRINCESS,KETCHIKAN,55.05615167,-131.1364083,350,350.0,13.9,0,9228186,ZCDG7
2008-05-19T11:39:14,310405000,SAPPHIRE PRINCESS,KETCHIKAN,55.05577,-131.1362933,350,350.4,14.0,0,9228186,ZCDG7
2008-05-19T11:39:14,310405000,SAPPHIRE PRINCESS,KETCHIKAN,55.05545333,-131.1361983,0,0.0,0.0,0,9228186,ZCDG7
2008-05-19T11:39:09,310405000,SAPPHIRE PRINCESS,KETCHIKAN,55.05545333,-131.1361983,350,350.4,13.8,0,9228186,ZCDG7
2008-05-19T11:39:02,310405000,SAPPHIRE PRINCESS,KETCHIKAN,55.05501167,-131.13607,350,350.0,14.0,0,9228186,ZCDG7
2008-05-19T11:38:56,310405000,SAPPHIRE PRINCESS,KETCHIKAN,55.05469833,-131.1359767,350,349.5,14.1,0,9228186,ZCDG7
2008-05-19T11:38:50,310405000,SAPPHIRE PRINCESS,KETCHIKAN,55.05419,-131.1358233,350,350.0,14.0,0,9228186,ZCDG7
2008-05-19T11:38:44,310405000,SAPPHIRE PRINCESS,KETCHIKAN,55.05380333,-131.1357117,350,350.4,14.0,0,9228186,ZCDG7
2008-05-19T11:38:38,310405000,SAPPHIRE PRINCESS,KETCHIKAN,55.053495,-131.1356217,350,350.0,14.0,0,9228186,ZCDG7
2008-05-19T11:38:32,310405000,SAPPHIRE PRINCESS,KETCHIKAN,55.05304833,-131.1354867,350,350.0,14.0,0,9228186,ZCDG7
2008-05-19T11:38:26,310405000,SAPPHIRE PRINCESS,KETCHIKAN,55.05267333,-131.1353733,350,350.0,14.0,0,9228186,ZCDG7
2008-05-19T11:38:20,310405000,SAPPHIRE PRINCESS,KETCHIKAN,55.052355,-131.13528,350,350.0,14.0,0,9228186,ZCDG7
2008-05-19T11:38:14,310405000,SAPPHIRE PRINCESS,KETCHIKAN,55.051975,-131.1351717,350,350.0,14.0,0,9228186,ZCDG7
2008-05-19T11:38:08,310405000,SAPPHIRE PRINCESS,KETCHIKAN,55.051595,-131.135055,350,349.5,14.2,0,9228186,ZCDG7
2008-05-19T11:38:02,310405000,SAPPHIRE PRINCESS,KETCHIKAN,55.05121333,-131.1349333,350,350.4,14.0,0,9228186,ZCDG7
2008-05-19T11:37:56,310405000,SAPPHIRE PRINCESS,KETCHIKAN,55.05076333,-131.1348017,350,350.4,14.0,0,9228186,ZCDG7
2008-05-19T11:37:50,310405000,SAPPHIRE PRINCESS,KETCHIKAN,55.05039,-131.1346933,350,349.5,14.1,0,9228186,ZCDG7
2008-05-19T11:37:44,310405000,SAPPHIRE PRINCESS,KETCHIKAN,55.050005,-131.134575,350,350.0,14.0,0,9228186,ZCDG7
2008-05-19T11:37:38,310405000,SAPPHIRE PRINCESS,KETCHIKAN,55.04963,-131.13446,350,350.4,14.1,0,9228186,ZCDG7
2008-05-19T11:37:32,310405000,SAPPHIRE PRINCESS,KETCHIKAN,55.04924667,-131.1343517,350,350.4,14.0,0,9228186,ZCDG7
2008-05-19T11:37:26,310405000,SAPPHIRE PRINCESS,KETCHIKAN,55.04886667,-131.134245,350,349.5,14.0,0,9228186,ZCDG7
2008-05-19T11:37:20,310405000,SAPPHIRE PRINCESS,KETCHIKAN,55.04848333,-131.1341283,350,349.5,14.1,0,9228186,ZCDG7
2008-05-19T11:37:14,310405000,SAPPHIRE PRINCESS,KETCHIKAN,55.04810333,-131.1340117,350,350.4,14.0,0,9228186,ZCDG7
2008-05-19T11:37:09,310405000,SAPPHIRE PRINCESS,KETCHIKAN,55.04778667,-131.1339233,351,351.4,14.0,0,9228186,ZCDG7
2008-05-19T11:37:02,310405000,SAPPHIRE PRINCESS,KETCHIKAN,55.04728167,-131.1337783,351,350.5,14.1,0,9228186,ZCDG7
2008-05-19T11:36:56,310405000,SAPPHIRE PRINCESS,KETCHIKAN,55.04696333,-131.13368,351,350.5,14.1,0,9228186,ZCDG7
2008-05-19T11:36:50,310405000,SAPPHIRE PRINCESS,KETCHIKAN,55.04651667,-131.1335467,351,351.4,14.1,0,9228186,ZCDG7
2008-05-19T11:36:44,310405000,SAPPHIRE PRINCESS,KETCHIKAN,55.04619667,-131.1334567,350,350.0,14.1,0,9228186,ZCDG7
2008-05-19T11:36:38,310405000,SAPPHIRE PRINCESS,KETCHIKAN,55.045815,-131.13335,350,349.5,14.1,0,9228186,ZCDG7
2008-05-19T11:36:33,310405000,SAPPHIRE PRINCESS,KETCHIKAN,55.04549667,-131.13325,350,349.5,14.1,0,9228186,ZCDG7
2008-05-19T11:36:32,310405000,SAPPHIRE PRINCESS,KETCHIKAN,55.04543333,-131.13323,350,350.0,14.1,0,9228186,ZCDG7
2008-05-19T11:36:26,310405000,SAPPHIRE PRINCESS,KETCHIKAN,55.04505333,-131.1331133,350,350.0,14.1,0,9228186,ZCDG7
2008-05-19T11:36:24,310405000,SAPPHIRE PRINCESS,KETCHIKAN,55.044855,-131.1330583,350,350.4,14.1,0,9228186,ZCDG7
2008-05-19T11:36:20,310405000,SAPPHIRE PRINCESS,KETCHIKAN,55.04467,-131.1330067,351,351.0,14.1,0,9228186,ZCDG7
2008-05-19T11:36:14,310405000,SAPPHIRE PRINCESS,KETCHIKAN,55.04428833,-131.1328967,351,350.5,14.1,0,9228186,ZCDG7
2008-05-19T11:36:13,310405000,SAPPHIRE PRINCESS,KETCHIKAN,55.044225,-131.1328767,351,350.5,14.1,0,9228186,ZCDG7
2008-05-19T11:36:09,310405000,SAPPHIRE PRINCESS,KETCHIKAN,55.04390667,-131.1327783,351,350.5,14.1,0,9228186,ZCDG7
2008-05-19T11:36:04,310405000,SAPPHIRE PRINCESS,KETCHIKAN,55.04358167,-131.13268,351,351.0,14.1,0,9228186,ZCDG7
2008-05-19T11:36:02,310405000,SAPPHIRE PRINCESS,KETCHIKAN,55.04346,-131.1326467,351,351.4,14.1,0,9228186,ZCDG7
2008-05-19T11:35:56,310405000,SAPPHIRE PRINCESS,KETCHIKAN,55.04314167,-131.1325567,351,351.0,14.1,0,9228186,ZCDG7
2008-05-19T11:35:53,310405000,SAPPHIRE PRINCESS,KETCHIKAN,55.04288667,-131.1324867,351,350.5,14.1,0,9228186,ZCDG7
2008-05-19T11:35:44,310405000,SAPPHIRE PRINCESS,KETCHIKAN,55.04231,-131.1323133,350,349.5,14.1,0,9228186,ZCDG7
2008-05-19T11:35:33,310405000,SAPPHIRE PRINCESS,KETCHIKAN,55.04168,-131.132125,350,350.0,14.0,0,9228186,ZCDG7
2008-05-19T11:35:14,310405000,SAPPHIRE PRINCESS,KETCHIKAN,55.04041167,-131.131725,350,350.0,14.0,0,9228186,ZCDG7
2008-05-19T11:35:04,310405000,SAPPHIRE PRINCESS,KETCHIKAN,55.03978,-131.1315317,350,349.5,14.0,0,9228186,ZCDG7
2008-05-19T11:34:53,310405000,SAPPHIRE PRINCESS,KETCHIKAN,55.03902,-131.131285,350,350.0,14.0,0,9228186,ZCDG7
2008-05-19T11:34:44,310405000,SAPPHIRE PRINCESS,KETCHIKAN,55.03852,-131.1311317,350,349.5,13.9,0,9228186,ZCDG7
2008-05-19T11:34:33,310405000,SAPPHIRE PRINCESS,KETCHIKAN,55.03782833,-131.1309117,350,349.5,13.9,0,9228186,ZCDG7
2008-05-19T11:34:24,310405000,SAPPHIRE PRINCESS,KETCHIKAN,55.037195,-131.1307133,350,349.5,13.9,0,9228186,ZCDG7
2008-05-19T11:34:14,310405000,SAPPHIRE PRINCESS,KETCHIKAN,55.036575,-131.1305233,350,349.5,13.9,0,9228186,ZCDG7
2008-05-19T11:34:04,310405000,SAPPHIRE PRINCESS,KETCHIKAN,55.03593833,-131.1303217,350,350.0,13.9,0,9228186,ZCDG7
2008-05-19T11:33:53,310405000,SAPPHIRE PRINCESS,KETCHIKAN,55.035255,-131.1301133,351,350.5,13.9,0,9228186,ZCDG7
2008-05-19T11:33:44,310405000,SAPPHIRE PRINCESS,KETCHIKAN,55.03468333,-131.1299333,351,350.5,13.9,0,9228186,ZCDG7
2008-05-19T11:33:33,310405000,SAPPHIRE PRINCESS,KETCHIKAN,55.034065,-131.1297483,351,350.1,13.9,0,9228186,ZCDG7
2008-05-19T11:33:24,310405000,SAPPHIRE PRINCESS,KETCHIKAN,55.03343667,-131.129555,351,350.5,13.9,0,9228186,ZCDG7
2008-05-19T11:33:14,310405000,SAPPHIRE PRINCESS,KETCHIKAN,55.03281,-131.1293717,351,349.7,13.8,0,9228186,ZCDG7
2008-05-19T11:33:12,310405000,SAPPHIRE PRINCESS,KETCHIKAN,55.03218667,-131.129185,0,0.0,0.0,0,9228186,ZCDG7
2008-05-19T11:33:04,310405000,SAPPHIRE PRINCESS,KETCHIKAN,55.03218667,-131.129185,352,351.1,13.8,0,9228186,ZCDG7
2008-05-19T11:32:53,310405000,SAPPHIRE PRINCESS,KETCHIKAN,55.03143167,-131.1289733,352,350.7,13.8,0,9228186,ZCDG7
2008-05-19T11:32:44,310405000,SAPPHIRE PRINCESS,KETCHIKAN,55.03093333,-131.1288333,352,350.7,13.8,0,9228186,ZCDG7
2008-05-19T11:32:24,310405000,SAPPHIRE PRINCESS,KETCHIKAN,55.029685,-131.128495,353,351.7,13.8,0,9228186,ZCDG7
2008-05-19T11:32:14,310405000,SAPPHIRE PRINCESS,KETCHIKAN,55.02899667,-131.1283067,352,350.7,13.8,0,9228186,ZCDG7
2008-05-19T11:32:04,310405000,SAPPHIRE PRINCESS,KETCHIKAN,55.02837,-131.128135,352,350.7,13.7,0,9228186,ZCDG7
2008-05-19T11:31:53,310405000,SAPPHIRE PRINCESS,KETCHIKAN,55.02769,-131.1279467,352,350.7,13.7,0,9228186,ZCDG7
2008-05-19T11:31:44,310405000,SAPPHIRE PRINCESS,KETCHIKAN,55.02719,-131.12781,352,350.7,13.7,0,9228186,ZCDG7
2008-05-19T11:31:34,310405000,SAPPHIRE PRINCESS,KETCHIKAN,55.026575,-131.1276417,352,351.1,13.7,0,9228186,ZCDG7
2008-05-19T11:31:24,310405000,SAPPHIRE PRINCESS,KETCHIKAN,55.02583167,-131.1274383,352,350.7,13.7,0,9228186,ZCDG7
2008-05-19T11:31:14,310405000,SAPPHIRE PRINCESS,KETCHIKAN,55.02527333,-131.1272833,352,351.1,13.7,0,9228186,ZCDG7
2008-05-19T11:31:04,310405000,SAPPHIRE PRINCESS,KETCHIKAN,55.024645,-131.1271167,352,350.3,13.7,0,9228186,ZCDG7
2008-05-19T11:30:54,310405000,SAPPHIRE PRINCESS,KETCHIKAN,55.02402667,-131.1269417,352,350.7,13.7,0,9228186,ZCDG7
2008-05-19T11:30:34,310405000,SAPPHIRE PRINCESS,KETCHIKAN,55.02279167,-131.1266117,353,351.3,14.0,0,9228186,ZCDG7
2008-05-19T11:30:24,310405000,SAPPHIRE PRINCESS,KETCHIKAN,55.022105,-131.1264283,352,350.7,13.6,0,9228186,ZCDG7
2008-05-19T11:30:14,310405000,SAPPHIRE PRINCESS,KETCHIKAN,55.02149167,-131.126265,352,350.7,13.7,0,9228186,ZCDG7
2008-05-19T11:30:04,310405000,SAPPHIRE PRINCESS,KETCHIKAN,55.020865,-131.1260933,352,350.7,13.6,0,9228186,ZCDG7
2008-05-19T11:29:54,310405000,SAPPHIRE PRINCESS,KETCHIKAN,55.02031333,-131.1259417,352,350.7,13.6,0,9228186,ZCDG7
2008-05-19T11:29:44,310405000,SAPPHIRE PRINCESS,KETCHIKAN,55.01969667,-131.1257717,352,350.7,13.6,0,9228186,ZCDG7
2008-05-19T11:29:24,310405000,SAPPHIRE PRINCESS,KETCHIKAN,55.01834333,-131.1253967,352,350.7,13.6,0,9228186,ZCDG7
2008-05-19T11:29:14,310405000,SAPPHIRE PRINCESS,KETCHIKAN,55.01778167,-131.1252467,352,350.7,13.6,0,9228186,ZCDG7
2008-05-19T11:29:04,310405000,SAPPHIRE PRINCESS,KETCHIKAN,55.01717167,-131.1250783,352,350.7,13.6,0,9228186,ZCDG7
2008-05-19T11:28:54,310405000,SAPPHIRE PRINCESS,KETCHIKAN,55.01662,-131.1249233,352,350.7,13.6,0,9228186,ZCDG7
2008-05-19T11:28:45,310405000,SAPPHIRE PRINCESS,KETCHIKAN,55.01601333,-131.124755,353,351.3,13.5,0,9228186,ZCDG7
2008-05-19T11:28:24,310405000,SAPPHIRE PRINCESS,KETCHIKAN,55.01466,-131.1243867,353,351.3,13.5,0,9228186,ZCDG7
2008-05-19T11:28:14,310405000,SAPPHIRE PRINCESS,KETCHIKAN,55.01410833,-131.12423,352,350.3,13.5,0,9228186,ZCDG7
2008-05-19T11:28:04,310405000,SAPPHIRE PRINCESS,KETCHIKAN,55.01350333,-131.1240617,352,350.3,13.5,0,9228186,ZCDG7
2008-05-19T11:27:54,310405000,SAPPHIRE PRINCESS,KETCHIKAN,55.01289333,-131.12388,352,350.3,13.5,0,9228186,ZCDG7
2008-05-19T11:27:45,310405000,SAPPHIRE PRINCESS,KETCHIKAN,55.01221833,-131.1236817,352,349.8,13.5,0,9228186,ZCDG7
2008-05-19T11:27:33,310405000,SAPPHIRE PRINCESS,KETCHIKAN,55.01154833,-131.1234767,353,350.8,13.5,0,9228186,ZCDG7
2008-05-19T11:27:23,310405000,SAPPHIRE PRINCESS,KETCHIKAN,55.01094333,-131.1233,353,350.8,13.4,0,9228186,ZCDG7
2008-05-19T11:27:14,310405000,SAPPHIRE PRINCESS,KETCHIKAN,55.01039667,-131.1231417,353,350.4,13.4,0,9228186,ZCDG7
2008-05-19T11:27:11,310405000,SAPPHIRE PRINCESS,KETCHIKAN,55.009785,-131.1229583,0,0.0,0.0,0,9228186,ZCDG7
2008-05-19T11:27:04,310405000,SAPPHIRE PRINCESS,KETCHIKAN,55.009785,-131.1229583,352,349.8,13.4,0,9228186,ZCDG7
2008-05-19T11:26:54,310405000,SAPPHIRE PRINCESS,KETCHIKAN,55.00924,-131.122795,353,350.4,13.4,0,9228186,ZCDG7
2008-05-19T11:26:45,310405000,SAPPHIRE PRINCESS,KETCHIKAN,55.00858167,-131.1225967,353,350.4,13.4,0,9228186,ZCDG7
2008-05-19T11:26:33,310405000,SAPPHIRE PRINCESS,KETCHIKAN,55.00790833,-131.12239,353,350.4,13.5,0,9228186,ZCDG7
2008-05-19T11:26:23,310405000,SAPPHIRE PRINCESS,KETCHIKAN,55.00730333,-131.1222067,353,350.4,13.4,0,9228186,ZCDG7
2008-05-19T11:26:14,310405000,SAPPHIRE PRINCESS,KETCHIKAN,55.00676333,-131.12204,353,350.4,13.4,0,9228186,ZCDG7
2008-05-19T11:25:54,310405000,SAPPHIRE PRINCESS,KETCHIKAN,55.00555167,-131.12167,353,350.4,13.3,0,9228186,ZCDG7
2008-05-19T11:25:45,310405000,SAPPHIRE PRINCESS,KETCHIKAN,55.00494667,-131.121485,353,349.9,13.3,0,9228186,ZCDG7
2008-05-19T11:25:33,310405000,SAPPHIRE PRINCESS,KETCHIKAN,55.00429333,-131.1212817,353,350.4,13.3,0,9228186,ZCDG7
2008-05-19T11:25:23,310405000,SAPPHIRE PRINCESS,KETCHIKAN,55.00363,-131.1210817,353,349.9,13.3,0,9228186,ZCDG7
2008-05-19T11:25:14,310405000,SAPPHIRE PRINCESS,KETCHIKAN,55.00314667,-131.1209217,352,349.4,13.3,0,9228186,ZCDG7
2008-05-19T11:25:04,310405000,SAPPHIRE PRINCESS,KETCHIKAN,55.00254,-131.1207367,352,348.9,13.3,0,9228186,ZCDG7
2008-05-19T11:24:54,310405000,SAPPHIRE PRINCESS,KETCHIKAN,55.00194167,-131.1205317,353,350.3,13.2,0,9228186,ZCDG7
2008-05-19T11:24:45,310405000,SAPPHIRE PRINCESS,KETCHIKAN,55.00128167,-131.1203267,353,349.9,13.2,0,9228186,ZCDG7
2008-05-19T11:24:33,310405000,SAPPHIRE PRINCESS,KETCHIKAN,55.00062333,-131.120115,353,349.9,13.2,0,9228186,ZCDG7
2008-05-19T11:24:23,310405000,SAPPHIRE PRINCESS,KETCHIKAN,55.00002833,-131.1199267,353,350.3,13.2,0,9228186,ZCDG7
2008-05-19T11:24:14,310405000,SAPPHIRE PRINCESS,KETCHIKAN,54.99948667,-131.1197583,353,349.5,13.1,0,9228186,ZCDG7
2008-05-19T11:24:04,310405000,SAPPHIRE PRINCESS,KETCHIKAN,54.99889667,-131.11956,353,350.3,13.1,0,9228186,ZCDG7
2008-05-19T11:23:54,310405000,SAPPHIRE PRINCESS,KETCHIKAN,54.9983,-131.11938,353,349.0,13.1,0,9228186,ZCDG7
2008-05-19T11:23:45,310405000,SAPPHIRE PRINCESS,KETCHIKAN,54.997765,-131.1191967,353,349.9,13.1,0,9228186,ZCDG7
2008-05-19T11:23:33,310405000,SAPPHIRE PRINCESS,KETCHIKAN,54.99705833,-131.1189767,352,348.5,13.1,0,9228186,ZCDG7
2008-05-19T11:23:23,310405000,SAPPHIRE PRINCESS,KETCHIKAN,54.99646167,-131.118775,352,348.9,13.1,0,9228186,ZCDG7
2008-05-19T11:23:04,310405000,SAPPHIRE PRINCESS,KETCHIKAN,54.99534667,-131.1184,351,348.3,13.1,0,9228186,ZCDG7
2008-05-19T11:22:54,310405000,SAPPHIRE PRINCESS,KETCHIKAN,54.99476167,-131.1181967,351,348.8,13.1,0,9228186,ZCDG7
2008-05-19T11:22:45,310405000,SAPPHIRE PRINCESS,KETCHIKAN,54.99417333,-131.118,351,348.8,13.1,0,9228186,ZCDG7
2008-05-19T11:22:33,310405000,SAPPHIRE PRINCESS,KETCHIKAN,54.99346167,-131.1177583,352,350.2,13.0,0,9228186,ZCDG7
2008-05-19T11:22:23,310405000,SAPPHIRE PRINCESS,KETCHIKAN,54.99287333,-131.1175733,352,349.7,13.0,0,9228186,ZCDG7
2008-05-19T11:22:14,310405000,SAPPHIRE PRINCESS,KETCHIKAN,54.99235,-131.1173983,352,350.2,13.0,0,9228186,ZCDG7
2008-05-19T11:22:04,310405000,SAPPHIRE PRINCESS,KETCHIKAN,54.99176,-131.1172117,351,349.2,13.0,0,9228186,ZCDG7
2008-05-19T11:21:54,310405000,SAPPHIRE PRINCESS,KETCHIKAN,54.991175,-131.117025,351,349.2,13.0,0,9228186,ZCDG7
2008-05-19T11:21:45,310405000,SAPPHIRE PRINCESS,KETCHIKAN,54.99058833,-131.1168333,351,349.2,13.0,0,9228186,ZCDG7
2008-05-19T11:21:23,310405000,SAPPHIRE PRINCESS,KETCHIKAN,54.989345,-131.11643,352,350.2,13.0,0,9228186,ZCDG7
2008-05-19T11:21:09,310405000,SAPPHIRE PRINCESS,KETCHIKAN,54.98824667,-131.11609,0,0.0,0.0,0,9228186,ZCDG7
2008-05-19T11:21:04,310405000,SAPPHIRE PRINCESS,KETCHIKAN,54.98824667,-131.11609,351,350.2,13.0,0,9228186,ZCDG7
2008-05-19T11:20:54,310405000,SAPPHIRE PRINCESS,KETCHIKAN,54.98759333,-131.115885,351,349.6,13.0,0,9228186,ZCDG7
2008-05-19T11:20:43,310405000,SAPPHIRE PRINCESS,KETCHIKAN,54.98695333,-131.115685,351,349.2,13.0,0,9228186,ZCDG7
2008-05-19T11:20:33,310405000,SAPPHIRE PRINCESS,KETCHIKAN,54.98636,-131.1154883,351,349.2,13.0,0,9228186,ZCDG7
2008-05-19T11:20:23,310405000,SAPPHIRE PRINCESS,KETCHIKAN,54.98577333,-131.1153017,351,349.6,13.0,0,9228186,ZCDG7
2008-05-19T11:20:14,310405000,SAPPHIRE PRINCESS,KETCHIKAN,54.98530333,-131.1151533,351,348.7,13.0,0,9228186,ZCDG7
2008-05-19T11:20:04,310405000,SAPPHIRE PRINCESS,KETCHIKAN,54.984725,-131.1149533,351,348.6,13.0,0,9228186,ZCDG7
2008-05-19T11:19:54,310405000,SAPPHIRE PRINCESS,KETCHIKAN,54.98407667,-131.1147383,350,348.2,13.0,0,9228186,ZCDG7
2008-05-19T11:19:43,310405000,SAPPHIRE PRINCESS,KETCHIKAN,54.983425,-131.1145067,350,348.6,13.0,0,9228186,ZCDG7
2008-05-19T11:19:33,310405000,SAPPHIRE PRINCESS,KETCHIKAN,54.98284667,-131.114305,349,347.6,13.1,0,9228186,ZCDG7
2008-05-19T11:19:24,310405000,SAPPHIRE PRINCESS,KETCHIKAN,54.98231833,-131.1141083,349,347.6,13.1,0,9228186,ZCDG7
2008-05-19T11:19:14,310405000,SAPPHIRE PRINCESS,KETCHIKAN,54.98173167,-131.1138833,348,347.1,13.1,0,9228186,ZCDG7
2008-05-19T11:19:04,310405000,SAPPHIRE PRINCESS,KETCHIKAN,54.98113833,-131.1136583,348,346.6,13.1,0,9228186,ZCDG7
2008-05-19T11:18:53,310405000,SAPPHIRE PRINCESS,KETCHIKAN,54.980445,-131.113375,347,346.5,13.1,0,9228186,ZCDG7
2008-05-19T11:18:33,310405000,SAPPHIRE PRINCESS,KETCHIKAN,54.97927167,-131.112885,347,346.5,13.1,0,9228186,ZCDG7
2008-05-19T11:18:24,310405000,SAPPHIRE PRINCESS,KETCHIKAN,54.97880333,-131.1126917,347,346.1,13.1,0,9228186,ZCDG7
2008-05-19T11:18:14,310405000,SAPPHIRE PRINCESS,KETCHIKAN,54.97821833,-131.1124467,347,346.5,13.1,0,9228186,ZCDG7
2008-05-19T11:18:04,310405000,SAPPHIRE PRINCESS,KETCHIKAN,54.977635,-131.112205,347,346.5,13.1,0,9228186,ZCDG7
2008-05-19T11:17:53,310405000,SAPPHIRE PRINCESS,KETCHIKAN,54.97693667,-131.11192,347,346.5,13.1,0,9228186,ZCDG7
2008-05-19T11:17:43,310405000,SAPPHIRE PRINCESS,KETCHIKAN,54.97635667,-131.111685,347,347.0,13.1,0,9228186,ZCDG7
2008-05-19T11:17:33,310405000,SAPPHIRE PRINCESS,KETCHIKAN,54.97576667,-131.1114533,348,347.5,13.1,0,9228186,ZCDG7
2008-05-19T11:17:24,310405000,SAPPHIRE PRINCESS,KETCHIKAN,54.97524,-131.1112417,348,348.0,13.1,0,9228186,ZCDG7
2008-05-19T11:17:14,310405000,SAPPHIRE PRINCESS,KETCHIKAN,54.974655,-131.11102,347,347.0,13.1,0,9228186,ZCDG7
2008-05-19T11:17:03,310405000,SAPPHIRE PRINCESS,KETCHIKAN,54.97396,-131.1107467,347,347.0,13.1,0,9228186,ZCDG7
2008-05-19T11:16:43,310405000,SAPPHIRE PRINCESS,KETCHIKAN,54.97283833,-131.110315,347,347.0,13.1,0,9228186,ZCDG7
2008-05-19T11:16:33,310405000,SAPPHIRE PRINCESS,KETCHIKAN,54.97226,-131.110095,347,347.8,13.1,0,9228186,ZCDG7
2008-05-19T11:16:24,310405000,SAPPHIRE PRINCESS,KETCHIKAN,54.971735,-131.1098983,347,347.4,13.1,0,9228186,ZCDG7
2008-05-19T11:16:03,310405000,SAPPHIRE PRINCESS,KETCHIKAN,54.97044167,-131.1094017,347,347.4,13.1,0,9228186,ZCDG7
2008-05-19T11:15:43,310405000,SAPPHIRE PRINCESS,KETCHIKAN,54.96926833,-131.1089583,347,347.4,13.0,0,9228186,ZCDG7
2008-05-19T11:15:33,310405000,SAPPHIRE PRINCESS,KETCHIKAN,54.96874,-131.108755,347,348.3,13.1,0,9228186,ZCDG7
2008-05-19T11:15:24,310405000,SAPPHIRE PRINCESS,KETCHIKAN,54.96815,-131.1085417,346,347.3,13.2,0,9228186,ZCDG7
2008-05-19T11:15:03,310405000,SAPPHIRE PRINCESS,KETCHIKAN,54.966915,-131.108065,346,347.2,13.3,0,9228186,ZCDG7
2008-05-19T11:14:53,310405000,SAPPHIRE PRINCESS,KETCHIKAN,54.96634,-131.1078383,346,347.7,12.9,0,9228186,ZCDG7
2008-05-19T11:14:43,310405000,SAPPHIRE PRINCESS,KETCHIKAN,54.96573833,-131.1076117,346,347.7,13.1,0,9228186,ZCDG7
2008-05-19T11:14:33,310405000,SAPPHIRE PRINCESS,KETCHIKAN,54.965155,-131.1073933,346,347.7,13.1,0,9228186,ZCDG7
2008-05-19T11:14:24,310405000,SAPPHIRE PRINCESS,KETCHIKAN,54.96462667,-131.1071967,346,348.1,13.1,0,9228186,ZCDG7
2008-05-19T11:14:14,310405000,SAPPHIRE PRINCESS,KETCHIKAN,54.964035,-131.1069833,346,348.1,13.1,0,9228186,ZCDG7
2008-05-19T11:14:03,310405000,SAPPHIRE PRINCESS,KETCHIKAN,54.96333667,-131.106725,346,348.1,13.1,0,9228186,ZCDG7
2008-05-19T11:13:53,310405000,SAPPHIRE PRINCESS,KETCHIKAN,54.96274333,-131.106515,346,348.1,13.1,0,9228186,ZCDG7
2008-05-19T11:13:43,310405000,SAPPHIRE PRINCESS,KETCHIKAN,54.96220833,-131.10632,346,348.1,13.1,0,9228186,ZCDG7
2008-05-19T11:13:33,310405000,SAPPHIRE PRINCESS,KETCHIKAN,54.96163167,-131.1061167,346,348.1,13.1,0,9228186,ZCDG7
2008-05-19T11:13:24,310405000,SAPPHIRE PRINCESS,KETCHIKAN,54.96109667,-131.105925,346,348.1,13.1,0,9228186,ZCDG7
2008-05-19T11:13:03,310405000,SAPPHIRE PRINCESS,KETCHIKAN,54.95979667,-131.1054683,346,348.1,13.1,0,9228186,ZCDG7
2008-05-19T11:12:53,310405000,SAPPHIRE PRINCESS,KETCHIKAN,54.95921167,-131.1052617,346,348.6,13.1,0,9228186,ZCDG7
2008-05-19T11:12:44,310405000,SAPPHIRE PRINCESS,KETCHIKAN,54.95868667,-131.105085,346,348.1,13.1,0,9228186,ZCDG7
2008-05-19T11:12:24,310405000,SAPPHIRE PRINCESS,KETCHIKAN,54.957505,-131.104675,346,348.2,13.0,0,9228186,ZCDG7
2008-05-19T11:12:14,310405000,SAPPHIRE PRINCESS,KETCHIKAN,54.956915,-131.1044683,347,349.2,13.0,0,9228186,ZCDG7
2008-05-19T11:12:03,310405000,SAPPHIRE PRINCESS,KETCHIKAN,54.95621667,-131.10423,347,349.2,13.0,0,9228186,ZCDG7
2008-05-19T11:11:44,310405000,SAPPHIRE PRINCESS,KETCHIKAN,54.95515667,-131.1038667,346,348.2,13.0,0,9228186,ZCDG7
2008-05-19T11:11:33,310405000,SAPPHIRE PRINCESS,KETCHIKAN,54.95451333,-131.103645,346,348.2,13.0,0,9228186,ZCDG7
2008-05-19T11:11:24,310405000,SAPPHIRE PRINCESS,KETCHIKAN,54.95398667,-131.10346,346,348.6,13.0,0,9228186,ZCDG7
2008-05-19T11:10:33,310405000,SAPPHIRE PRINCESS,KETCHIKAN,54.950965,-131.1023983,346,348.2,12.9,0,9228186,ZCDG7
2008-05-19T11:10:24,310405000,SAPPHIRE PRINCESS,KETCHIKAN,54.95050333,-131.10223,346,348.6,12.9,0,9228186,ZCDG7
2008-05-19T11:10:14,310405000,SAPPHIRE PRINCESS,KETCHIKAN,54.94981333,-131.10199,346,348.6,12.9,0,9228186,ZCDG7
2008-05-19T11:10:03,310405000,SAPPHIRE PRINCESS,KETCHIKAN,54.94923,-131.1017917,347,349.6,12.8,0,9228186,ZCDG7
2008-05-19T11:09:53,310405000,SAPPHIRE PRINCESS,KETCHIKAN,54.948655,-131.1016033,347,349.6,12.9,0,9228186,ZCDG7
2008-05-19T11:09:44,310405000,SAPPHIRE PRINCESS,KETCHIKAN,54.948135,-131.10143,347,350.1,12.8,0,9228186,ZCDG7
2008-05-19T11:09:33,310405000,SAPPHIRE PRINCESS,KETCHIKAN,54.94744167,-131.1012083,347,349.6,12.8,0,9228186,ZCDG7
2008-05-19T11:09:24,310405000,SAPPHIRE PRINCESS,KETCHIKAN,54.94691667,-131.1010433,347,350.1,12.8,0,9228186,ZCDG7
2008-05-19T11:09:14,310405000,SAPPHIRE PRINCESS,KETCHIKAN,54.946345,-131.1008683,347,349.6,12.8,0,9228186,ZCDG7
2008-05-19T11:09:08,310405000,SAPPHIRE PRINCESS,KETCHIKAN,54.94576167,-131.1006917,0,0.0,0.0,0,9228186,ZCDG7
2008-05-19T11:09:04,310405000,SAPPHIRE PRINCESS,KETCHIKAN,54.94576167,-131.1006917,348,350.7,12.7,0,9228186,ZCDG7
2008-05-19T11:08:53,310405000,SAPPHIRE PRINCESS,KETCHIKAN,54.94519,-131.100525,348,350.7,12.7,0,9228186,ZCDG7
2008-05-19T11:08:33,310405000,SAPPHIRE PRINCESS,KETCHIKAN,54.94398,-131.1001933,348,350.7,12.7,0,9228186,ZCDG7
2008-05-19T11:08:24,310405000,SAPPHIRE PRINCESS,KETCHIKAN,54.943465,-131.10005,348,350.7,12.7,0,9228186,ZCDG7
2008-05-19T11:08:14,310405000,SAPPHIRE PRINCESS,KETCHIKAN,54.94283167,-131.0998733,348,350.7,12.6,0,9228186,ZCDG7
2008-05-19T11:08:04,310405000,SAPPHIRE PRINCESS,KETCHIKAN,54.94231667,-131.0997283,348,350.7,12.6,0,9228186,ZCDG7
2008-05-19T11:07:53,310405000,SAPPHIRE PRINCESS,KETCHIKAN,54.94168667,-131.0995533,348,350.7,12.6,0,9228186,ZCDG7
2008-05-19T11:07:15,310405000,SAPPHIRE PRINCESS,KETCHIKAN,54.93946833,-131.0989467,348,350.7,12.5,0,9228186,ZCDG7
2008-05-19T11:07:04,310405000,SAPPHIRE PRINCESS,KETCHIKAN,54.93884,-131.0987717,348,350.7,12.5,0,9228186,ZCDG7
2008-05-19T11:06:53,310405000,SAPPHIRE PRINCESS,KETCHIKAN,54.93828,-131.0986167,349,351.2,12.5,0,9228186,ZCDG7
2008-05-19T11:06:44,310405000,SAPPHIRE PRINCESS,KETCHIKAN,54.93776667,-131.0984733,349,351.2,12.5,0,9228186,ZCDG7
2008-05-19T11:06:33,310405000,SAPPHIRE PRINCESS,KETCHIKAN,54.93709,-131.0982883,349,351.2,12.5,0,9228186,ZCDG7
2008-05-19T11:06:24,310405000,SAPPHIRE PRINCESS,KETCHIKAN,54.93657833,-131.0981467,349,351.2,12.5,0,9228186,ZCDG7
2008-05-19T11:06:15,310405000,SAPPHIRE PRINCESS,KETCHIKAN,54.93601,-131.0979833,348,350.2,12.5,0,9228186,ZCDG7
2008-05-19T11:06:04,310405000,SAPPHIRE PRINCESS,KETCHIKAN,54.93544833,-131.0978267,348,349.8,12.5,0,9228186,ZCDG7
2008-05-19T11:05:43,310405000,SAPPHIRE PRINCESS,KETCHIKAN,54.93425333,-131.097485,348,349.8,12.5,0,9228186,ZCDG7
2008-05-19T11:05:33,310405000,SAPPHIRE PRINCESS,KETCHIKAN,54.93369667,-131.097315,349,351.2,12.5,0,9228186,ZCDG7
2008-05-19T11:05:24,310405000,SAPPHIRE PRINCESS,KETCHIKAN,54.93318833,-131.09717,349,350.8,12.5,0,9228186,ZCDG7
2008-05-19T11:05:15,310405000,SAPPHIRE PRINCESS,KETCHIKAN,54.93262333,-131.097,349,350.3,12.5,0,9228186,ZCDG7
2008-05-19T11:05:04,310405000,SAPPHIRE PRINCESS,KETCHIKAN,54.93199833,-131.096815,349,351.2,12.5,0,9228186,ZCDG7
2008-05-19T11:04:54,310405000,SAPPHIRE PRINCESS,KETCHIKAN,54.93149333,-131.09667,348,349.8,12.5,0,9228186,ZCDG7
2008-05-19T11:04:43,310405000,SAPPHIRE PRINCESS,KETCHIKAN,54.93087,-131.0964817,348,350.2,12.5,0,9228186,ZCDG7
2008-05-19T11:04:33,310405000,SAPPHIRE PRINCESS,KETCHIKAN,54.93025,-131.096305,348,349.3,12.5,0,9228186,ZCDG7
2008-05-19T11:04:23,310405000,SAPPHIRE PRINCESS,KETCHIKAN,54.92969,-131.096125,348,350.2,12.5,0,9228186,ZCDG7
2008-05-19T11:03:43,310405000,SAPPHIRE PRINCESS,KETCHIKAN,54.92743,-131.0954467,349,350.3,12.5,0,9228186,ZCDG7
2008-05-19T11:03:34,310405000,SAPPHIRE PRINCESS,KETCHIKAN,54.92698167,-131.09531,349,350.8,12.5,0,9228186,ZCDG7
2008-05-19T11:03:23,310405000,SAPPHIRE PRINCESS,KETCHIKAN,54.92630167,-131.0951133,349,350.8,12.5,0,9228186,ZCDG7
2008-05-19T11:03:15,310405000,SAPPHIRE PRINCESS,KETCHIKAN,54.92579833,-131.094965,349,350.3,12.5,0,9228186,ZCDG7
2008-05-19T11:03:09,310405000,SAPPHIRE PRINCESS,KETCHIKAN,54.925235,-131.0947967,0,0.0,0.0,0,9228186,ZCDG7
2008-05-19T11:03:04,310405000,SAPPHIRE PRINCESS,KETCHIKAN,54.925235,-131.0947967,349,350.8,12.5,0,9228186,ZCDG7
2008-05-19T11:02:54,310405000,SAPPHIRE PRINCESS,KETCHIKAN,54.92467,-131.094645,350,351.3,12.5,0,9228186,ZCDG7
2008-05-19T11:02:43,310405000,SAPPHIRE PRINCESS,KETCHIKAN,54.924045,-131.09447,350,350.8,12.5,0,9228186,ZCDG7
2008-05-19T11:02:34,310405000,SAPPHIRE PRINCESS,KETCHIKAN,54.92348333,-131.09432,349,350.8,12.5,0,9228186,ZCDG7
2008-05-19T11:02:23,310405000,SAPPHIRE PRINCESS,KETCHIKAN,54.92286,-131.0941483,349,350.3,12.5,0,9228186,ZCDG7
2008-05-19T11:02:14,310405000,SAPPHIRE PRINCESS,KETCHIKAN,54.92235167,-131.0939983,350,351.3,12.5,0,9228186,ZCDG7
2008-05-19T11:02:04,310405000,SAPPHIRE PRINCESS,KETCHIKAN,54.92184167,-131.093855,350,350.9,12.5,0,9228186,ZCDG7
2008-05-19T11:01:54,310405000,SAPPHIRE PRINCESS,KETCHIKAN,54.92127667,-131.0936983,350,350.4,12.5,0,9228186,ZCDG7
2008-05-19T11:01:34,310405000,SAPPHIRE PRINCESS,KETCHIKAN,54.92008,-131.0933783,350,350.4,12.6,0,9228186,ZCDG7
2008-05-19T11:01:23,310405000,SAPPHIRE PRINCESS,KETCHIKAN,54.91944667,-131.0931917,349,349.9,12.6,0,9228186,ZCDG7
2008-05-19T11:01:14,310405000,SAPPHIRE PRINCESS,KETCHIKAN,54.91893667,-131.0930383,348,348.9,12.6,0,9228186,ZCDG7
2008-05-19T11:01:04,310405000,SAPPHIRE PRINCESS,KETCHIKAN,54.91837,-131.09285,348,348.9,12.6,0,9228186,ZCDG7
2008-05-19T11:00:54,310405000,SAPPHIRE PRINCESS,KETCHIKAN,54.91780167,-131.09266,348,348.4,12.6,0,9228186,ZCDG7
2008-05-19T11:00:44,310405000,SAPPHIRE PRINCESS,KETCHIKAN,54.917235,-131.09246,348,347.9,12.6,0,9228186,ZCDG7
2008-05-19T11:00:34,310405000,SAPPHIRE PRINCESS,KETCHIKAN,54.916665,-131.09226,347,347.9,12.7,0,9228186,ZCDG7
2008-05-19T11:00:23,310405000,SAPPHIRE PRINCESS,KETCHIKAN,54.91598167,-131.09201,347,348.3,12.7,0,9228186,ZCDG7
2008-05-19T11:00:14,310405000,SAPPHIRE PRINCESS,KETCHIKAN,54.91546833,-131.0918183,346,347.3,12.7,0,9228186,ZCDG7
2008-05-19T11:00:04,310405000,SAPPHIRE PRINCESS,KETCHIKAN,54.91495833,-131.0916233,346,347.3,12.6,0,9228186,ZCDG7
2008-05-19T10:59:54,310405000,SAPPHIRE PRINCESS,KETCHIKAN,54.91439333,-131.091405,346,347.3,12.7,0,9228186,ZCDG7
2008-05-19T10:59:44,310405000,SAPPHIRE PRINCESS,KETCHIKAN,54.913825,-131.0911833,346,347.8,12.7,0,9228186,ZCDG7
2008-05-19T10:59:23,310405000,SAPPHIRE PRINCESS,KETCHIKAN,54.91257333,-131.0907017,346,348.2,12.7,0,9228186,ZCDG7
2008-05-19T10:59:14,310405000,SAPPHIRE PRINCESS,KETCHIKAN,54.91206167,-131.0905083,346,348.2,12.7,0,9228186,ZCDG7
2008-05-19T10:59:04,310405000,SAPPHIRE PRINCESS,KETCHIKAN,54.911495,-131.0902933,346,348.7,12.4,0,9228186,ZCDG7
2008-05-19T10:58:54,310405000,SAPPHIRE PRINCESS,KETCHIKAN,54.91092667,-131.090085,346,348.2,12.7,0,9228186,ZCDG7
2008-05-19T10:58:44,310405000,SAPPHIRE PRINCESS,KETCHIKAN,54.91035833,-131.08988,346,348.2,12.7,0,9228186,ZCDG7
2008-05-19T10:58:34,310405000,SAPPHIRE PRINCESS,KETCHIKAN,54.90978667,-131.08968,346,348.7,12.7,0,9228186,ZCDG7
2008-05-19T10:58:23,310405000,SAPPHIRE PRINCESS,KETCHIKAN,54.90915167,-131.0894683,347,349.7,12.7,0,9228186,ZCDG7
2008-05-19T10:58:14,310405000,SAPPHIRE PRINCESS,KETCHIKAN,54.908585,-131.0892833,347,349.7,12.7,0,9228186,ZCDG7
2008-05-19T10:58:04,310405000,SAPPHIRE PRINCESS,KETCHIKAN,54.90807167,-131.0891167,347,349.7,12.7,0,9228186,ZCDG7
2008-05-19T10:57:54,310405000,SAPPHIRE PRINCESS,KETCHIKAN,54.90750333,-131.08893,347,349.7,12.7,0,9228186,ZCDG7
2008-05-19T10:57:44,310405000,SAPPHIRE PRINCESS,KETCHIKAN,54.90686833,-131.088725,347,349.7,12.7,0,9228186,ZCDG7
2008-05-19T10:57:23,310405000,SAPPHIRE PRINCESS,KETCHIKAN,54.905675,-131.0883467,347,349.2,12.6,0,9228186,ZCDG7
2008-05-19T10:57:10,310405000,SAPPHIRE PRINCESS,KETCHIKAN,54.90464333,-131.0880133,0,0.0,0.0,0,9228186,ZCDG7
2008-05-19T10:57:04,310405000,SAPPHIRE PRINCESS,KETCHIKAN,54.90464333,-131.0880133,346,348.7,12.6,0,9228186,ZCDG7
2008-05-19T10:56:54,310405000,SAPPHIRE PRINCESS,KETCHIKAN,54.90407167,-131.0878217,346,349.1,12.6,0,9228186,ZCDG7
2008-05-19T10:56:34,310405000,SAPPHIRE PRINCESS,KETCHIKAN,54.90288333,-131.0874217,346,348.7,12.6,0,9228186,ZCDG7
2008-05-19T10:56:04,310405000,SAPPHIRE PRINCESS,KETCHIKAN,54.90118167,-131.086825,345,348.1,12.6,0,9228186,ZCDG7
2008-05-19T10:55:53,310405000,SAPPHIRE PRINCESS,KETCHIKAN,54.90050333,-131.0865833,345,347.7,12.6,0,9228186,ZCDG7
2008-05-19T10:55:44,310405000,SAPPHIRE PRINCESS,KETCHIKAN,54.89998667,-131.086395,345,348.1,12.6,0,9228186,ZCDG7
2008-05-19T10:55:34,310405000,SAPPHIRE PRINCESS,KETCHIKAN,54.899425,-131.0861917,345,348.1,12.6,0,9228186,ZCDG7
2008-05-19T10:55:23,310405000,SAPPHIRE PRINCESS,KETCHIKAN,54.89880167,-131.0859683,345,348.1,12.6,0,9228186,ZCDG7
2008-05-19T10:55:13,310405000,SAPPHIRE PRINCESS,KETCHIKAN,54.89829167,-131.08579,345,348.1,12.6,0,9228186,ZCDG7
2008-05-19T10:55:04,310405000,SAPPHIRE PRINCESS,KETCHIKAN,54.89772833,-131.08559,345,348.1,12.6,0,9228186,ZCDG7
2008-05-19T10:54:53,310405000,SAPPHIRE PRINCESS,KETCHIKAN,54.89704667,-131.08535,345,348.2,12.5,0,9228186,ZCDG7
2008-05-19T10:54:44,310405000,SAPPHIRE PRINCESS,KETCHIKAN,54.89653333,-131.0851683,345,348.6,12.5,0,9228186,ZCDG7
2008-05-19T10:54:34,310405000,SAPPHIRE PRINCESS,KETCHIKAN,54.89603,-131.0849917,345,348.2,12.5,0,9228186,ZCDG7
2008-05-19T10:54:23,310405000,SAPPHIRE PRINCESS,KETCHIKAN,54.89540333,-131.084775,346,349.2,12.5,0,9228186,ZCDG7
2008-05-19T10:54:13,310405000,SAPPHIRE PRINCESS,KETCHIKAN,54.89484333,-131.0845867,346,349.2,12.5,0,9228186,ZCDG7
2008-05-19T10:54:04,310405000,SAPPHIRE PRINCESS,KETCHIKAN,54.894335,-131.0844133,346,349.2,12.5,0,9228186,ZCDG7
2008-05-19T10:53:53,310405000,SAPPHIRE PRINCESS,KETCHIKAN,54.89365833,-131.084185,346,349.2,12.5,0,9228186,ZCDG7
2008-05-19T10:53:44,310405000,SAPPHIRE PRINCESS,KETCHIKAN,54.89314167,-131.0840117,346,349.2,12.5,0,9228186,ZCDG7
2008-05-19T10:53:33,310405000,SAPPHIRE PRINCESS,KETCHIKAN,54.89258333,-131.0838267,346,349.2,12.5,0,9228186,ZCDG7
2008-05-19T10:53:24,310405000,SAPPHIRE PRINCESS,KETCHIKAN,54.892075,-131.0836517,346,349.6,12.4,0,9228186,ZCDG7
2008-05-19T10:53:13,310405000,SAPPHIRE PRINCESS,KETCHIKAN,54.89145667,-131.083445,345,348.6,12.5,0,9228186,ZCDG7
2008-05-19T10:53:04,310405000,SAPPHIRE PRINCESS,KETCHIKAN,54.89095333,-131.0832733,345,348.6,12.5,0,9228186,ZCDG7
2008-05-19T10:52:53,310405000,SAPPHIRE PRINCESS,KETCHIKAN,54.890275,-131.0830367,345,348.6,12.5,0,9228186,ZCDG7
2008-05-19T10:52:44,310405000,SAPPHIRE PRINCESS,KETCHIKAN,54.88971333,-131.0828383,345,348.6,12.4,0,9228186,ZCDG7
2008-05-19T10:52:33,310405000,SAPPHIRE PRINCESS,KETCHIKAN,54.88915167,-131.0826433,345,348.6,12.4,0,9228186,ZCDG7
2008-05-19T10:52:24,310405000,SAPPHIRE PRINCESS,KETCHIKAN,54.88864667,-131.0824617,344,347.6,12.5,0,9228186,ZCDG7
2008-05-19T10:52:13,310405000,SAPPHIRE PRINCESS,KETCHIKAN,54.888035,-131.0822317,343,346.6,12.5,0,9228186,ZCDG7
2008-05-19T10:52:04,310405000,SAPPHIRE PRINCESS,KETCHIKAN,54.88753333,-131.0820367,343,347.1,12.5,0,9228186,ZCDG7
2008-05-19T10:51:53,310405000,SAPPHIRE PRINCESS,KETCHIKAN,54.886865,-131.0817633,343,346.6,12.5,0,9228186,ZCDG7
2008-05-19T10:51:44,310405000,SAPPHIRE PRINCESS,KETCHIKAN,54.88636,-131.08155,342,345.6,12.4,0,9228186,ZCDG7
2008-05-19T10:51:33,310405000,SAPPHIRE PRINCESS,KETCHIKAN,54.88581,-131.0813183,342,345.6,12.4,0,9228186,ZCDG7
2008-05-19T10:51:24,310405000,SAPPHIRE PRINCESS,KETCHIKAN,54.88531167,-131.081105,343,346.6,12.4,0,9228186,ZCDG7
2008-05-19T10:51:13,310405000,SAPPHIRE PRINCESS,KETCHIKAN,54.88470333,-131.0808483,343,346.6,12.4,0,9228186,ZCDG7
2008-05-19T10:51:08,310405000,SAPPHIRE PRINCESS,KETCHIKAN,54.88353667,-131.08035,0,0.0,0.0,0,9228186,ZCDG7
2008-05-19T10:50:53,310405000,SAPPHIRE PRINCESS,KETCHIKAN,54.88353667,-131.08035,343,346.6,12.4,0,9228186,ZCDG7
2008-05-19T10:50:43,310405000,SAPPHIRE PRINCESS,KETCHIKAN,54.88299,-131.0801183,343,346.6,12.4,0,9228186,ZCDG7
2008-05-19T10:50:33,310405000,SAPPHIRE PRINCESS,KETCHIKAN,54.88243333,-131.0798817,343,346.6,12.4,0,9228186,ZCDG7
2008-05-19T10:50:24,310405000,SAPPHIRE PRINCESS,KETCHIKAN,54.88199333,-131.0796967,343,347.1,12.4,0,9228186,ZCDG7
2008-05-19T10:50:14,310405000,SAPPHIRE PRINCESS,KETCHIKAN,54.88138167,-131.0794383,343,346.6,12.4,0,9228186,ZCDG7
2008-05-19T10:50:03,310405000,SAPPHIRE PRINCESS,KETCHIKAN,54.88082333,-131.079205,343,346.6,12.4,0,9228186,ZCDG7
2008-05-19T10:49:33,310405000,SAPPHIRE PRINCESS,KETCHIKAN,54.879115,-131.078495,343,346.2,12.4,0,9228186,ZCDG7
2008-05-19T10:49:24,310405000,SAPPHIRE PRINCESS,KETCHIKAN,54.878615,-131.0782817,343,346.2,12.4,0,9228186,ZCDG7
2008-05-19T10:49:13,310405000,SAPPHIRE PRINCESS,KETCHIKAN,54.87801167,-131.07803,343,346.6,12.4,0,9228186,ZCDG7
2008-05-19T10:49:03,310405000,SAPPHIRE PRINCESS,KETCHIKAN,54.87746167,-131.077795,343,346.7,12.3,0,9228186,ZCDG7
2008-05-19T10:48:54,310405000,SAPPHIRE PRINCESS,KETCHIKAN,54.87690667,-131.0775583,342,346.1,12.3,0,9228186,ZCDG7
2008-05-19T10:48:43,310405000,SAPPHIRE PRINCESS,KETCHIKAN,54.876295,-131.0772983,342,345.7,12.3,0,9228186,ZCDG7
2008-05-19T10:48:33,310405000,SAPPHIRE PRINCESS,KETCHIKAN,54.875815,-131.07709,342,345.7,12.3,0,9228186,ZCDG7
2008-05-19T10:48:24,310405000,SAPPHIRE PRINCESS,KETCHIKAN,54.87532,-131.0768733,342,346.1,12.3,0,9228186,ZCDG7
2008-05-19T10:48:14,310405000,SAPPHIRE PRINCESS,KETCHIKAN,54.87471667,-131.0766083,342,346.1,12.3,0,9228186,ZCDG7
2008-05-19T10:48:03,310405000,SAPPHIRE PRINCESS,KETCHIKAN,54.87411333,-131.0763467,342,346.1,12.3,0,9228186,ZCDG7
2008-05-19T10:47:54,310405000,SAPPHIRE PRINCESS,KETCHIKAN,54.873625,-131.07613,342,346.1,12.3,0,9228186,ZCDG7
2008-05-19T10:47:43,310405000,SAPPHIRE PRINCESS,KETCHIKAN,54.87302667,-131.0758667,342,346.6,12.3,0,9228186,ZCDG7
2008-05-19T10:47:24,310405000,SAPPHIRE PRINCESS,KETCHIKAN,54.87198833,-131.0754167,342,346.6,12.3,0,9228186,ZCDG7
2008-05-19T10:47:14,310405000,SAPPHIRE PRINCESS,KETCHIKAN,54.87138667,-131.075165,342,346.6,12.3,0,9228186,ZCDG7
2008-05-19T10:47:03,310405000,SAPPHIRE PRINCESS,KETCHIKAN,54.87083833,-131.0749383,343,347.1,12.3,0,9228186,ZCDG7
2008-05-19T10:46:54,310405000,SAPPHIRE PRINCESS,KETCHIKAN,54.87028833,-131.0747167,343,347.7,12.3,0,9228186,ZCDG7
2008-05-19T10:46:43,310405000,SAPPHIRE PRINCESS,KETCHIKAN,54.86973167,-131.074505,344,347.7,12.3,0,9228186,ZCDG7
2008-05-19T10:46:33,310405000,SAPPHIRE PRINCESS,KETCHIKAN,54.86911667,-131.0742817,345,348.7,12.3,0,9228186,ZCDG7
2008-05-19T10:46:24,310405000,SAPPHIRE PRINCESS,KETCHIKAN,54.86867333,-131.0741267,346,350.1,12.3,0,9228186,ZCDG7
2008-05-19T10:46:14,310405000,SAPPHIRE PRINCESS,KETCHIKAN,54.86806667,-131.07393,347,351.1,12.3,0,9228186,ZCDG7
2008-05-19T10:46:03,310405000,SAPPHIRE PRINCESS,KETCHIKAN,54.86745167,-131.073745,347,350.2,12.3,0,9228186,ZCDG7
2008-05-19T10:45:33,310405000,SAPPHIRE PRINCESS,KETCHIKAN,54.86577167,-131.0732783,348,351.7,12.3,0,9228186,ZCDG7
2008-05-19T10:45:24,310405000,SAPPHIRE PRINCESS,KETCHIKAN,54.86526833,-131.07315,348,351.2,12.3,0,9228186,ZCDG7
2008-05-19T10:45:14,310405000,SAPPHIRE PRINCESS,KETCHIKAN,54.86465,-131.0729833,348,351.7,12.3,0,9228186,ZCDG7
2008-05-19T10:45:04,310405000,SAPPHIRE PRINCESS,KETCHIKAN,54.86409667,-131.0728317,0,0.0,0.0,0,9228186,ZCDG7
2008-05-19T10:45:03,310405000,SAPPHIRE PRINCESS,KETCHIKAN,54.86409667,-131.0728317,347,350.7,12.3,0,9228186,ZCDG7
2008-05-19T10:44:54,310405000,SAPPHIRE PRINCESS,KETCHIKAN,54.86358333,-131.07269,347,350.2,12.3,0,9228186,ZCDG7
2008-05-19T10:44:33,310405000,SAPPHIRE PRINCESS,KETCHIKAN,54.86237,-131.072335,346,349.7,12.3,0,9228186,ZCDG7
2008-05-19T10:44:24,310405000,SAPPHIRE PRINCESS,KETCHIKAN,54.86192,-131.0721983,346,349.7,12.3,0,9228186,ZCDG7
2008-05-19T10:44:14,310405000,SAPPHIRE PRINCESS,KETCHIKAN,54.86131833,-131.07201,346,349.7,12.2,0,9228186,ZCDG7
2008-05-19T10:44:03,310405000,SAPPHIRE PRINCESS,KETCHIKAN,54.86071,-131.0718183,346,350.2,12.2,0,9228186,ZCDG7
2008-05-19T10:43:54,310405000,SAPPHIRE PRINCESS,KETCHIKAN,54.86020833,-131.0716617,346,350.1,12.3,0,9228186,ZCDG7
2008-05-19T10:43:44,310405000,SAPPHIRE PRINCESS,KETCHIKAN,54.85964833,-131.071485,346,350.1,12.3,0,9228186,ZCDG7
2008-05-19T10:43:33,310405000,SAPPHIRE PRINCESS,KETCHIKAN,54.85904333,-131.0713,346,350.2,12.2,0,9228186,ZCDG7
2008-05-19T10:43:24,310405000,SAPPHIRE PRINCESS,KETCHIKAN,54.8586,-131.0711667,346,350.6,12.3,0,9228186,ZCDG7
2008-05-19T10:43:14,310405000,SAPPHIRE PRINCESS,KETCHIKAN,54.85792667,-131.0709717,347,351.6,12.3,0,9228186,ZCDG7
2008-05-19T10:43:04,310405000,SAPPHIRE PRINCESS,KETCHIKAN,54.85742667,-131.070835,347,351.1,12.3,0,9228186,ZCDG7
2008-05-19T10:42:54,310405000,SAPPHIRE PRINCESS,KETCHIKAN,54.85686667,-131.0706883,348,352.1,12.3,0,9228186,ZCDG7
2008-05-19T10:42:44,310405000,SAPPHIRE PRINCESS,KETCHIKAN,54.856315,-131.0705517,348,352.6,12.3,0,9228186,ZCDG7
2008-05-19T10:42:33,310405000,SAPPHIRE PRINCESS,KETCHIKAN,54.85570333,-131.0704117,349,353.6,12.3,0,9228186,ZCDG7
2008-05-19T10:42:24,310405000,SAPPHIRE PRINCESS,KETCHIKAN,54.85514333,-131.0702917,350,354.6,12.3,0,9228186,ZCDG7
2008-05-19T10:42:14,310405000,SAPPHIRE PRINCESS,KETCHIKAN,54.85457833,-131.0701883,350,354.1,12.3,0,9228186,ZCDG7
2008-05-19T10:42:04,310405000,SAPPHIRE PRINCESS,KETCHIKAN,54.85401667,-131.0700917,351,355.6,12.3,0,9228186,ZCDG7
2008-05-19T10:41:54,310405000,SAPPHIRE PRINCESS,KETCHIKAN,54.85349667,-131.0700133,352,356.6,12.4,0,9228186,ZCDG7
2008-05-19T10:41:33,310405000,SAPPHIRE PRINCESS,KETCHIKAN,54.85226167,-131.0698667,353,357.1,12.4,0,9228186,ZCDG7
2008-05-19T10:41:24,310405000,SAPPHIRE PRINCESS,KETCHIKAN,54.85174333,-131.0698183,354,357.6,12.4,0,9228186,ZCDG7
2008-05-19T10:41:13,310405000,SAPPHIRE PRINCESS,KETCHIKAN,54.85112667,-131.0697767,354,358.6,12.4,0,9228186,ZCDG7
2008-05-19T10:41:04,310405000,SAPPHIRE PRINCESS,KETCHIKAN,54.85061667,-131.0697483,355,359.1,12.4,0,9228186,ZCDG7
2008-05-19T10:40:54,310405000,SAPPHIRE PRINCESS,KETCHIKAN,54.85003667,-131.06973,356,359.6,12.4,0,9228186,ZCDG7
2008-05-19T10:40:44,310405000,SAPPHIRE PRINCESS,KETCHIKAN,54.84946833,-131.0697183,356,359.6,12.4,0,9228186,ZCDG7
2008-05-19T10:40:37,310405000,SAPPHIRE PRINCESS,KETCHIKAN,54.84907167,-131.0697183,357,1.1,12.4,0,9228186,ZCDG7
2008-05-19T10:40:33,310405000,SAPPHIRE PRINCESS,KETCHIKAN,54.8489,-131.0697183,357,0.6,12.4,0,9228186,ZCDG7
2008-05-19T10:40:31,310405000,SAPPHIRE PRINCESS,KETCHIKAN,54.84873667,-131.0697233,357,0.6,12.4,0,9228186,ZCDG7
2008-05-19T10:40:27,310405000,SAPPHIRE PRINCESS,KETCHIKAN,54.84850667,-131.06973,357,1.6,12.4,0,9228186,ZCDG7
2008-05-19T10:40:24,310405000,SAPPHIRE PRINCESS,KETCHIKAN,54.84827833,-131.0697317,358,1.6,12.4,0,9228186,ZCDG7
2008-05-19T10:40:20,310405000,SAPPHIRE PRINCESS,KETCHIKAN,54.84804667,-131.0697383,358,1.6,12.4,0,9228186,ZCDG7
2008-05-19T10:40:13,310405000,SAPPHIRE PRINCESS,KETCHIKAN,54.84770833,-131.0697583,358,1.6,12.4,0,9228186,ZCDG7
2008-05-19T10:39:53,310405000,SAPPHIRE PRINCESS,KETCHIKAN,54.8465,-131.0698417,0,3.6,12.5,0,9228186,ZCDG7
2008-05-19T10:39:44,310405000,SAPPHIRE PRINCESS,KETCHIKAN,54.84599167,-131.06989,0,3.6,12.5,0,9228186,ZCDG7
2008-05-19T10:39:33,310405000,SAPPHIRE PRINCESS,KETCHIKAN,54.84542,-131.0699533,1,4.6,12.5,0,9228186,ZCDG7
2008-05-19T10:39:24,310405000,SAPPHIRE PRINCESS,KETCHIKAN,54.84490167,-131.0700233,2,5.6,12.4,0,9228186,ZCDG7
2008-05-19T10:39:13,310405000,SAPPHIRE PRINCESS,KETCHIKAN,54.84421333,-131.0701317,2,5.6,12.5,0,9228186,ZCDG7
2008-05-19T10:39:05,310405000,SAPPHIRE PRINCESS,KETCHIKAN,54.84256,-131.0704683,0,0.0,0.0,0,9228186,ZCDG7
2008-05-19T10:38:44,310405000,SAPPHIRE PRINCESS,KETCHIKAN,54.84256,-131.0704683,5,8.6,12.5,0,9228186,ZCDG7
2008-05-19T10:38:33,310405000,SAPPHIRE PRINCESS,KETCHIKAN,54.84198167,-131.0706117,5,8.6,12.6,0,9228186,ZCDG7
2008-05-19T10:38:24,310405000,SAPPHIRE PRINCESS,KETCHIKAN,54.84141667,-131.070765,6,9.6,12.6,0,9228186,ZCDG7
2008-05-19T10:38:13,310405000,SAPPHIRE PRINCESS,KETCHIKAN,54.84079,-131.0709483,7,11.0,12.6,0,9228186,ZCDG7
2008-05-19T10:38:04,310405000,SAPPHIRE PRINCESS,KETCHIKAN,54.84021667,-131.0711333,8,11.6,12.6,0,9228186,ZCDG7
2008-05-19T10:37:44,310405000,SAPPHIRE PRINCESS,KETCHIKAN,54.83913333,-131.0715183,9,12.6,12.7,0,9228186,ZCDG7
2008-05-19T10:37:34,310405000,SAPPHIRE PRINCESS,KETCHIKAN,54.83850333,-131.0717617,10,13.6,12.7,0,9228186,ZCDG7
2008-05-19T10:37:13,310405000,SAPPHIRE PRINCESS,KETCHIKAN,54.83736667,-131.07224,11,14.6,12.7,0,9228186,ZCDG7
2008-05-19T10:37:04,310405000,SAPPHIRE PRINCESS,KETCHIKAN,54.83686,-131.0724667,12,15.1,12.7,0,9228186,ZCDG7
2008-05-19T10:36:53,310405000,SAPPHIRE PRINCESS,KETCHIKAN,54.83618,-131.0727833,13,16.1,12.8,0,9228186,ZCDG7
2008-05-19T10:36:33,310405000,SAPPHIRE PRINCESS,KETCHIKAN,54.83504667,-131.0733483,14,17.1,12.8,0,9228186,ZCDG7
2008-05-19T10:36:13,310405000,SAPPHIRE PRINCESS,KETCHIKAN,54.83397333,-131.073935,15,18.1,12.8,0,9228186,ZCDG7
2008-05-19T10:36:04,310405000,SAPPHIRE PRINCESS,KETCHIKAN,54.83341667,-131.074255,16,19.1,12.9,0,9228186,ZCDG7
2008-05-19T10:35:54,310405000,SAPPHIRE PRINCESS,KETCHIKAN,54.83291,-131.0745533,17,20.5,12.9,0,9228186,ZCDG7
2008-05-19T10:35:33,310405000,SAPPHIRE PRINCESS,KETCHIKAN,54.83168333,-131.0753333,18,21.1,12.9,0,9228186,ZCDG7
2008-05-19T10:35:24,310405000,SAPPHIRE PRINCESS,KETCHIKAN,54.83118333,-131.0756667,19,22.1,12.9,0,9228186,ZCDG7
2008-05-19T10:35:13,310405000,SAPPHIRE PRINCESS,KETCHIKAN,54.830625,-131.076055,20,23.1,12.9,0,9228186,ZCDG7
2008-05-19T10:35:04,310405000,SAPPHIRE PRINCESS,KETCHIKAN,54.83007833,-131.076445,21,24.1,12.9,0,9228186,ZCDG7
2008-05-19T10:34:54,310405000,SAPPHIRE PRINCESS,KETCHIKAN,54.829525,-131.0768633,21,23.6,13.0,0,9228186,ZCDG7
2008-05-19T10:34:44,310405000,SAPPHIRE PRINCESS,KETCHIKAN,54.82904,-131.0772383,22,24.6,12.9,0,9228186,ZCDG7
2008-05-19T10:34:33,310405000,SAPPHIRE PRINCESS,KETCHIKAN,54.82838833,-131.0777567,23,25.6,12.9,0,9228186,ZCDG7
2008-05-19T10:34:24,310405000,SAPPHIRE PRINCESS,KETCHIKAN,54.82790333,-131.0781517,23,25.2,12.9,0,9228186,ZCDG7
2008-05-19T10:34:13,310405000,SAPPHIRE PRINCESS,KETCHIKAN,54.82731,-131.07864,24,26.6,12.8,0,9228186,ZCDG7
2008-05-19T10:33:23,310405000,SAPPHIRE PRINCESS,KETCHIKAN,54.82469833,-131.08095,27,29.2,13.0,0,9228186,ZCDG7
2008-05-19T10:33:13,310405000,SAPPHIRE PRINCESS,KETCHIKAN,54.82418167,-131.0814467,27,30.2,13.0,0,9228186,ZCDG7
2008-05-19T10:32:54,310405000,SAPPHIRE PRINCESS,KETCHIKAN,54.82308667,-131.082525,29,30.7,13.0,0,9228186,ZCDG7
2008-05-19T10:32:44,310405000,SAPPHIRE PRINCESS,KETCHIKAN,54.822625,-131.0829883,29,31.2,13.0,0,9228186,ZCDG7
2008-05-19T10:32:04,310405000,SAPPHIRE PRINCESS,KETCHIKAN,54.820585,-131.0851417,30,31.7,12.9,0,9228186,ZCDG7
2008-05-19T10:31:54,310405000,SAPPHIRE PRINCESS,KETCHIKAN,54.82002167,-131.085745,30,32.2,12.9,0,9228186,ZCDG7
2008-05-19T10:31:44,310405000,SAPPHIRE PRINCESS,KETCHIKAN,54.81952,-131.0862867,30,31.7,12.9,0,9228186,ZCDG7
2008-05-19T10:31:35,310405000,SAPPHIRE PRINCESS,KETCHIKAN,54.819065,-131.086775,30,31.7,13.0,0,9228186,ZCDG7
2008-05-19T10:31:23,310405000,SAPPHIRE PRINCESS,KETCHIKAN,54.818505,-131.0873767,30,31.7,13.0,0,9228186,ZCDG7
2008-05-19T10:31:14,310405000,SAPPHIRE PRINCESS,KETCHIKAN,54.81805333,-131.0878717,30,31.3,12.9,0,9228186,ZCDG7
2008-05-19T10:30:54,310405000,SAPPHIRE PRINCESS,KETCHIKAN,54.81704,-131.0889633,31,32.7,12.9,0,9228186,ZCDG7
2008-05-19T10:30:44,310405000,SAPPHIRE PRINCESS,KETCHIKAN,54.81648667,-131.0895717,31,31.8,12.9,0,9228186,ZCDG7
2008-05-19T10:30:35,310405000,SAPPHIRE PRINCESS,KETCHIKAN,54.81603,-131.090065,31,32.3,12.9,0,9228186,ZCDG7
2008-05-19T10:30:23,310405000,SAPPHIRE PRINCESS,KETCHIKAN,54.81541833,-131.0907333,31,32.3,12.9,0,9228186,ZCDG7
2008-05-19T10:30:14,310405000,SAPPHIRE PRINCESS,KETCHIKAN,54.81496333,-131.0912383,31,31.8,12.9,0,9228186,ZCDG7
2008-05-19T10:30:04,310405000,SAPPHIRE PRINCESS,KETCHIKAN,54.814515,-131.091725,31,32.3,12.9,0,9228186,ZCDG7
2008-05-19T10:29:54,310405000,SAPPHIRE PRINCESS,KETCHIKAN,54.813955,-131.0923367,31,31.8,13.0,0,9228186,ZCDG7
2008-05-19T10:29:44,310405000,SAPPHIRE PRINCESS,KETCHIKAN,54.813455,-131.09288,31,31.8,13.0,0,9228186,ZCDG7
2008-05-19T10:29:35,310405000,SAPPHIRE PRINCESS,KETCHIKAN,54.81299667,-131.0933833,31,31.8,12.9,0,9228186,ZCDG7
2008-05-19T10:29:23,310405000,SAPPHIRE PRINCESS,KETCHIKAN,54.81244333,-131.093985,31,31.8,12.9,0,9228186,ZCDG7
2008-05-19T10:29:14,310405000,SAPPHIRE PRINCESS,KETCHIKAN,54.81198333,-131.094485,31,32.8,13.0,0,9228186,ZCDG7
2008-05-19T10:29:04,310405000,SAPPHIRE PRINCESS,KETCHIKAN,54.81143167,-131.0950867,32,32.8,12.9,0,9228186,ZCDG7
2008-05-19T10:28:55,310405000,SAPPHIRE PRINCESS,KETCHIKAN,54.810975,-131.09559,32,32.4,12.9,0,9228186,ZCDG7
2008-05-19T10:28:35,310405000,SAPPHIRE PRINCESS,KETCHIKAN,54.80996833,-131.096685,32,32.4,12.9,0,9228186,ZCDG7
2008-05-19T10:28:23,310405000,SAPPHIRE PRINCESS,KETCHIKAN,54.80935667,-131.0973533,32,32.4,12.9,0,9228186,ZCDG7
2008-05-19T10:28:14,310405000,SAPPHIRE PRINCESS,KETCHIKAN,54.80895833,-131.097785,32,32.4,13.0,0,9228186,ZCDG7
2008-05-19T10:28:04,310405000,SAPPHIRE PRINCESS,KETCHIKAN,54.80845,-131.098335,32,32.4,13.0,0,9228186,ZCDG7
2008-05-19T10:27:55,310405000,SAPPHIRE PRINCESS,KETCHIKAN,54.80789,-131.098945,32,32.0,12.9,0,9228186,ZCDG7
2008-05-19T10:27:44,310405000,SAPPHIRE PRINCESS,KETCHIKAN,54.80734,-131.0995417,32,32.4,13.0,0,9228186,ZCDG7
2008-05-19T10:27:34,310405000,SAPPHIRE PRINCESS,KETCHIKAN,54.80688,-131.10004,32,32.0,12.9,0,9228186,ZCDG7
2008-05-19T10:27:14,310405000,SAPPHIRE PRINCESS,KETCHIKAN,54.80587,-131.10114,32,32.0,12.9,0,9228186,ZCDG7
2008-05-19T10:27:04,310405000,SAPPHIRE PRINCESS,KETCHIKAN,54.80541333,-131.1016283,32,32.0,13.0,0,9228186,ZCDG7
2008-05-19T10:27:04,310405000,SAPPHIRE PRINCESS,KETCHIKAN,54.80491,-131.1021733,0,0.0,0.0,0,9228186,ZCDG7
2008-05-19T10:26:55,310405000,SAPPHIRE PRINCESS,KETCHIKAN,54.80491,-131.1021733,32,32.0,12.9,0,9228186,ZCDG7
2008-05-19T10:26:34,310405000,SAPPHIRE PRINCESS,KETCHIKAN,54.803845,-131.1033283,32,32.0,13.0,0,9228186,ZCDG7
2008-05-19T10:26:14,310405000,SAPPHIRE PRINCESS,KETCHIKAN,54.80283,-131.1044167,32,32.0,13.0,0,9228186,ZCDG7
2008-05-19T10:26:04,310405000,SAPPHIRE PRINCESS,KETCHIKAN,54.80231833,-131.1049683,32,32.0,13.0,0,9228186,ZCDG7
2008-05-19T10:25:55,310405000,SAPPHIRE PRINCESS,KETCHIKAN,54.801815,-131.1055067,32,32.0,13.0,0,9228186,ZCDG7
2008-05-19T10:25:44,310405000,SAPPHIRE PRINCESS,KETCHIKAN,54.80130333,-131.1060667,32,31.5,13.0,0,9228186,ZCDG7
2008-05-19T10:25:34,310405000,SAPPHIRE PRINCESS,KETCHIKAN,54.80079833,-131.1066033,32,32.0,13.0,0,9228186,ZCDG7
2008-05-19T10:25:24,310405000,SAPPHIRE PRINCESS,KETCHIKAN,54.80023833,-131.1072067,32,31.5,13.0,0,9228186,ZCDG7
2008-05-19T10:25:14,310405000,SAPPHIRE PRINCESS,KETCHIKAN,54.79973167,-131.10776,32,31.1,13.0,0,9228186,ZCDG7
2008-05-19T10:25:04,310405000,SAPPHIRE PRINCESS,KETCHIKAN,54.799265,-131.108255,32,32.0,13.1,0,9228186,ZCDG7
2008-05-19T10:24:55,310405000,SAPPHIRE PRINCESS,KETCHIKAN,54.79876,-131.1088017,32,31.5,13.0,0,9228186,ZCDG7
2008-05-19T10:24:44,310405000,SAPPHIRE PRINCESS,KETCHIKAN,54.79819833,-131.109405,33,32.5,13.1,0,9228186,ZCDG7
2008-05-19T10:24:34,310405000,SAPPHIRE PRINCESS,KETCHIKAN,54.79774167,-131.1098983,33,32.5,13.0,0,9228186,ZCDG7
2008-05-19T10:24:24,310405000,SAPPHIRE PRINCESS,KETCHIKAN,54.79718,-131.110505,33,32.5,13.0,0,9228186,ZCDG7
2008-05-19T10:24:14,310405000,SAPPHIRE PRINCESS,KETCHIKAN,54.79672333,-131.1110017,33,32.5,13.0,0,9228186,ZCDG7
2008-05-19T10:23:55,310405000,SAPPHIRE PRINCESS,KETCHIKAN,54.795705,-131.1121,33,32.1,13.0,0,9228186,ZCDG7
2008-05-19T10:23:44,310405000,SAPPHIRE PRINCESS,KETCHIKAN,54.79514667,-131.1127117,33,31.6,13.0,0,9228186,ZCDG7
2008-05-19T10:23:34,310405000,SAPPHIRE PRINCESS,KETCHIKAN,54.79463333,-131.1132567,33,32.5,13.0,0,9228186,ZCDG7
2008-05-19T10:23:24,310405000,SAPPHIRE PRINCESS,KETCHIKAN,54.79412667,-131.1138133,33,32.1,13.0,0,9228186,ZCDG7
2008-05-19T10:23:14,310405000,SAPPHIRE PRINCESS,KETCHIKAN,54.79367,-131.1143067,33,32.5,13.0,0,9228186,ZCDG7
2008-05-19T10:23:04,310405000,SAPPHIRE PRINCESS,KETCHIKAN,54.79315667,-131.1148667,33,32.1,13.0,0,9228186,ZCDG7
2008-05-19T10:22:54,310405000,SAPPHIRE PRINCESS,KETCHIKAN,54.79265333,-131.1154133,33,32.1,13.0,0,9228186,ZCDG7
2008-05-19T10:22:44,310405000,SAPPHIRE PRINCESS,KETCHIKAN,54.79209333,-131.1160233,33,32.1,13.0,0,9228186,ZCDG7
2008-05-19T10:22:14,310405000,SAPPHIRE PRINCESS,KETCHIKAN,54.79057,-131.1176817,33,32.1,13.0,0,9228186,ZCDG7
2008-05-19T10:22:04,310405000,SAPPHIRE PRINCESS,KETCHIKAN,54.79005667,-131.1182383,33,32.1,13.0,0,9228186,ZCDG7
2008-05-19T10:21:54,310405000,SAPPHIRE PRINCESS,KETCHIKAN,54.789605,-131.1187283,33,32.1,13.0,0,9228186,ZCDG7
2008-05-19T10:21:44,310405000,SAPPHIRE PRINCESS,KETCHIKAN,54.78903667,-131.1193383,33,31.6,13.0,0,9228186,ZCDG7
2008-05-19T10:21:24,310405000,SAPPHIRE PRINCESS,KETCHIKAN,54.78797667,-131.1204883,33,32.1,13.0,0,9228186,ZCDG7
2008-05-19T10:21:14,310405000,SAPPHIRE PRINCESS,KETCHIKAN,54.78752,-131.120985,33,31.6,13.0,0,9228186,ZCDG7
2008-05-19T10:21:07,310405000,SAPPHIRE PRINCESS,KETCHIKAN,54.78700667,-131.1215433,0,0.0,0.0,0,9228186,ZCDG7
2008-05-19T10:21:04,310405000,SAPPHIRE PRINCESS,KETCHIKAN,54.78700667,-131.1215433,33,32.1,13.0,0,9228186,ZCDG7
2008-05-19T10:20:54,310405000,SAPPHIRE PRINCESS,KETCHIKAN,54.78650667,-131.1220933,34,32.6,13.0,0,9228186,ZCDG7
2008-05-19T10:20:34,310405000,SAPPHIRE PRINCESS,KETCHIKAN,54.785495,-131.123195,34,32.6,13.0,0,9228186,ZCDG7
2008-05-19T10:20:14,310405000,SAPPHIRE PRINCESS,KETCHIKAN,54.78448667,-131.1243017,34,32.6,13.0,0,9228186,ZCDG7
2008-05-19T10:20:04,310405000,SAPPHIRE PRINCESS,KETCHIKAN,54.783985,-131.1248583,34,32.6,13.0,0,9228186,ZCDG7
2008-05-19T10:19:54,310405000,SAPPHIRE PRINCESS,KETCHIKAN,54.78348,-131.1254133,34,32.6,13.0,0,9228186,ZCDG7
2008-05-19T10:19:44,310405000,SAPPHIRE PRINCESS,KETCHIKAN,54.78297167,-131.1259767,34,32.2,13.0,0,9228186,ZCDG7
2008-05-19T10:19:34,310405000,SAPPHIRE PRINCESS,KETCHIKAN,54.78247333,-131.126525,34,32.2,13.0,0,9228186,ZCDG7
2008-05-19T10:19:23,310405000,SAPPHIRE PRINCESS,KETCHIKAN,54.78191,-131.1271467,34,32.2,13.0,0,9228186,ZCDG7
2008-05-19T10:19:14,310405000,SAPPHIRE PRINCESS,KETCHIKAN,54.78146,-131.12764,34,32.6,12.9,0,9228186,ZCDG7
2008-05-19T10:18:54,310405000,SAPPHIRE PRINCESS,KETCHIKAN,54.78040833,-131.1287967,34,32.2,13.0,0,9228186,ZCDG7
2008-05-19T10:18:23,310405000,SAPPHIRE PRINCESS,KETCHIKAN,54.77884,-131.1305217,34,31.7,12.9,0,9228186,ZCDG7
2008-05-19T10:18:04,310405000,SAPPHIRE PRINCESS,KETCHIKAN,54.77793833,-131.1315083,34,31.7,12.9,0,9228186,ZCDG7
2008-05-19T10:17:54,310405000,SAPPHIRE PRINCESS,KETCHIKAN,54.77743167,-131.1320567,34,32.2,12.9,0,9228186,ZCDG7
2008-05-19T10:17:34,310405000,SAPPHIRE PRINCESS,KETCHIKAN,54.77637333,-131.1332183,34,31.7,12.9,0,9228186,ZCDG7
2008-05-19T10:17:23,310405000,SAPPHIRE PRINCESS,KETCHIKAN,54.775815,-131.1338267,35,33.2,12.9,0,9228186,ZCDG7
2008-05-19T10:17:14,310405000,SAPPHIRE PRINCESS,KETCHIKAN,54.77536167,-131.1343317,35,32.7,12.9,0,9228186,ZCDG7
2008-05-19T10:17:04,310405000,SAPPHIRE PRINCESS,KETCHIKAN,54.77485833,-131.1348817,35,33.2,12.9,0,9228186,ZCDG7
2008-05-19T10:16:54,310405000,SAPPHIRE PRINCESS,KETCHIKAN,54.77441333,-131.13538,35,32.7,12.9,0,9228186,ZCDG7
2008-05-19T10:16:34,310405000,SAPPHIRE PRINCESS,KETCHIKAN,54.773405,-131.1364967,35,32.3,12.9,0,9228186,ZCDG7
2008-05-19T10:16:14,310405000,SAPPHIRE PRINCESS,KETCHIKAN,54.772305,-131.137715,35,32.7,13.0,0,9228186,ZCDG7
2008-05-19T10:16:04,310405000,SAPPHIRE PRINCESS,KETCHIKAN,54.77184833,-131.1382183,35,32.8,13.1,0,9228186,ZCDG7
2008-05-19T10:15:54,310405000,SAPPHIRE PRINCESS,KETCHIKAN,54.77134833,-131.1387733,35,32.7,12.9,0,9228186,ZCDG7
2008-05-19T10:15:44,310405000,SAPPHIRE PRINCESS,KETCHIKAN,54.77084667,-131.1393317,35,32.3,12.9,0,9228186,ZCDG7
2008-05-19T10:15:34,310405000,SAPPHIRE PRINCESS,KETCHIKAN,54.770345,-131.1398867,35,32.7,12.9,0,9228186,ZCDG7
2008-05-19T10:15:23,310405000,SAPPHIRE PRINCESS,KETCHIKAN,54.76979333,-131.1404983,35,32.3,13.0,0,9228186,ZCDG7
2008-05-19T10:15:14,310405000,SAPPHIRE PRINCESS,KETCHIKAN,54.76934333,-131.140995,35,32.3,12.9,0,9228186,ZCDG7
2008-05-19T10:15:07,310405000,SAPPHIRE PRINCESS,KETCHIKAN,54.76782333,-131.1426633,0,0.0,0.0,0,9228186,ZCDG7
2008-05-19T10:14:44,310405000,SAPPHIRE PRINCESS,KETCHIKAN,54.76782333,-131.1426633,35,31.9,13.0,0,9228186,ZCDG7
2008-05-19T10:14:34,310405000,SAPPHIRE PRINCESS,KETCHIKAN,54.76731667,-131.1432183,36,33.3,13.0,0,9228186,ZCDG7
2008-05-19T10:14:23,310405000,SAPPHIRE PRINCESS,KETCHIKAN,54.76676333,-131.1438333,36,32.9,13.0,0,9228186,ZCDG7
2008-05-19T10:14:14,310405000,SAPPHIRE PRINCESS,KETCHIKAN,54.76626333,-131.1443867,36,32.9,13.0,0,9228186,ZCDG7
2008-05-19T10:14:04,310405000,SAPPHIRE PRINCESS,KETCHIKAN,54.76580333,-131.14489,36,33.3,13.0,0,9228186,ZCDG7
2008-05-19T10:13:53,310405000,SAPPHIRE PRINCESS,KETCHIKAN,54.765255,-131.1455017,36,32.9,13.0,0,9228186,ZCDG7
2008-05-19T10:13:44,310405000,SAPPHIRE PRINCESS,KETCHIKAN,54.764735,-131.146065,35,31.9,13.0,0,9228186,ZCDG7
2008-05-19T10:13:34,310405000,SAPPHIRE PRINCESS,KETCHIKAN,54.76423667,-131.1466117,35,31.9,13.0,0,9228186,ZCDG7
2008-05-19T10:13:23,310405000,SAPPHIRE PRINCESS,KETCHIKAN,54.76367,-131.147225,35,31.9,13.1,0,9228186,ZCDG7
2008-05-19T10:13:14,310405000,SAPPHIRE PRINCESS,KETCHIKAN,54.76321,-131.1477233,35,31.5,13.1,0,9228186,ZCDG7
2008-05-19T10:13:04,310405000,SAPPHIRE PRINCESS,KETCHIKAN,54.76269667,-131.1482733,35,31.5,13.1,0,9228186,ZCDG7
2008-05-19T10:12:53,310405000,SAPPHIRE PRINCESS,KETCHIKAN,54.76218667,-131.1488217,35,31.5,13.1,0,9228186,ZCDG7
2008-05-19T10:12:44,310405000,SAPPHIRE PRINCESS,KETCHIKAN,54.76172,-131.1493217,35,31.5,13.1,0,9228186,ZCDG7
2008-05-19T10:12:34,310405000,SAPPHIRE PRINCESS,KETCHIKAN,54.761205,-131.1498717,35,31.5,13.1,0,9228186,ZCDG7
2008-05-19T10:12:24,310405000,SAPPHIRE PRINCESS,KETCHIKAN,54.76069333,-131.150425,35,31.5,13.1,0,9228186,ZCDG7
2008-05-19T10:12:14,310405000,SAPPHIRE PRINCESS,KETCHIKAN,54.76013333,-131.1510217,35,31.5,13.1,0,9228186,ZCDG7
2008-05-19T10:11:34,310405000,SAPPHIRE PRINCESS,KETCHIKAN,54.758075,-131.1532217,35,31.0,13.2,0,9228186,ZCDG7
2008-05-19T10:11:14,310405000,SAPPHIRE PRINCESS,KETCHIKAN,54.75703833,-131.15432,35,31.9,13.2,0,9228186,ZCDG7
2008-05-19T10:11:04,310405000,SAPPHIRE PRINCESS,KETCHIKAN,54.75646833,-131.1549433,35,31.0,13.2,0,9228186,ZCDG7
2008-05-19T10:10:55,310405000,SAPPHIRE PRINCESS,KETCHIKAN,54.75600333,-131.1554317,35,31.9,13.2,0,9228186,ZCDG7
2008-05-19T10:10:44,310405000,SAPPHIRE PRINCESS,KETCHIKAN,54.755485,-131.1559817,35,31.5,13.2,0,9228186,ZCDG7
2008-05-19T10:10:34,310405000,SAPPHIRE PRINCESS,KETCHIKAN,54.75496333,-131.1565317,35,31.5,13.2,0,9228186,ZCDG7
2008-05-19T10:10:24,310405000,SAPPHIRE PRINCESS,KETCHIKAN,54.75444333,-131.1570767,35,31.0,13.2,0,9228186,ZCDG7
2008-05-19T10:10:14,310405000,SAPPHIRE PRINCESS,KETCHIKAN,54.75391167,-131.1576283,35,31.5,13.2,0,9228186,ZCDG7
2008-05-19T10:10:04,310405000,SAPPHIRE PRINCESS,KETCHIKAN,54.75339333,-131.1581667,35,31.5,13.3,0,9228186,ZCDG7
2008-05-19T10:09:55,310405000,SAPPHIRE PRINCESS,KETCHIKAN,54.75291667,-131.1586683,35,31.5,13.3,0,9228186,ZCDG7
2008-05-19T10:09:34,310405000,SAPPHIRE PRINCESS,KETCHIKAN,54.75181667,-131.1598183,35,31.5,13.3,0,9228186,ZCDG7
2008-05-19T10:09:14,310405000,SAPPHIRE PRINCESS,KETCHIKAN,54.75072167,-131.1609683,35,31.1,13.3,0,9228186,ZCDG7
2008-05-19T10:09:04,310405000,SAPPHIRE PRINCESS,KETCHIKAN,54.75025,-131.16146,35,31.5,13.3,0,9228186,ZCDG7
2008-05-19T10:09:03,310405000,SAPPHIRE PRINCESS,KETCHIKAN,54.74868333,-131.1631183,0,0.0,0.0,0,9228186,ZCDG7
2008-05-19T10:08:34,310405000,SAPPHIRE PRINCESS,KETCHIKAN,54.74868333,-131.1631183,35,31.1,13.3,0,9228186,ZCDG7
2008-05-19T10:08:24,310405000,SAPPHIRE PRINCESS,KETCHIKAN,54.74821167,-131.16361,35,31.9,13.3,0,9228186,ZCDG7
2008-05-19T10:07:55,310405000,SAPPHIRE PRINCESS,KETCHIKAN,54.74659,-131.1653233,35,31.5,13.3,0,9228186,ZCDG7
2008-05-19T10:06:54,310405000,SAPPHIRE PRINCESS,KETCHIKAN,54.74338333,-131.1686267,34,30.9,13.3,0,9228186,ZCDG7
2008-05-19T10:06:34,310405000,SAPPHIRE PRINCESS,KETCHIKAN,54.74232833,-131.1696983,34,30.9,13.3,0,9228186,ZCDG7
2008-05-19T10:04:13,310405000,SAPPHIRE PRINCESS,KETCHIKAN,54.73495333,-131.1772983,33,29.9,13.2,0,9228186,ZCDG7
2008-05-19T10:02:34,310405000,SAPPHIRE PRINCESS,KETCHIKAN,54.72979,-131.182585,33,30.3,13.1,0,9228186,ZCDG7
2008-05-19T10:02:13,310405000,SAPPHIRE PRINCESS,KETCHIKAN,54.72869833,-131.183705,33,30.3,13.1,0,9228186,ZCDG7
2008-05-19T10:00:04,310405000,SAPPHIRE PRINCESS,KETCHIKAN,54.72194833,-131.190445,32,28.9,13.1,0,9228186,ZCDG7
2008-05-19T09:54:53,310405000,SAPPHIRE PRINCESS,KETCHIKAN,54.70570833,-131.206345,30,29.5,12.8,0,9228186,ZCDG7
2008-05-19T09:49:33,310405000,SAPPHIRE PRINCESS,KETCHIKAN,54.68982167,-131.2224767,31,31.9,12.3,0,9228186,ZCDG7
2008-05-19T09:49:13,310405000,SAPPHIRE PRINCESS,KETCHIKAN,54.68885833,-131.2234883,31,31.4,12.2,0,9228186,ZCDG7
2008-05-19T09:49:04,310405000,SAPPHIRE PRINCESS,KETCHIKAN,54.68842333,-131.22395,31,31.0,12.2,0,9228186,ZCDG7
2008-05-19T09:48:55,310405000,SAPPHIRE PRINCESS,KETCHIKAN,54.68794,-131.2244533,31,31.0,12.2,0,9228186,ZCDG7
2008-05-19T09:48:44,310405000,SAPPHIRE PRINCESS,KETCHIKAN,54.68745833,-131.2249633,31,31.0,12.2,0,9228186,ZCDG7
2008-05-19T09:48:33,310405000,SAPPHIRE PRINCESS,KETCHIKAN,54.68692667,-131.2255167,31,31.0,12.3,0,9228186,ZCDG7
2008-05-19T09:48:23,310405000,SAPPHIRE PRINCESS,KETCHIKAN,54.68644167,-131.2260317,31,31.0,12.2,0,9228186,ZCDG7
2008-05-19T09:48:13,310405000,SAPPHIRE PRINCESS,KETCHIKAN,54.68596,-131.2265283,31,31.0,12.3,0,9228186,ZCDG7
2008-05-19T09:48:04,310405000,SAPPHIRE PRINCESS,KETCHIKAN,54.68552667,-131.2269867,31,31.0,12.2,0,9228186,ZCDG7
2008-05-19T09:47:55,310405000,SAPPHIRE PRINCESS,KETCHIKAN,54.68504167,-131.227495,31,30.5,12.3,0,9228186,ZCDG7
2008-05-19T09:47:44,310405000,SAPPHIRE PRINCESS,KETCHIKAN,54.68455667,-131.2279933,31,31.4,12.3,0,9228186,ZCDG7
2008-05-19T09:47:33,310405000,SAPPHIRE PRINCESS,KETCHIKAN,54.68402167,-131.2285517,31,31.0,12.3,0,9228186,ZCDG7
2008-05-19T09:47:23,310405000,SAPPHIRE PRINCESS,KETCHIKAN,54.68353333,-131.2290617,31,30.5,12.3,0,9228186,ZCDG7
2008-05-19T09:47:13,310405000,SAPPHIRE PRINCESS,KETCHIKAN,54.68305,-131.2295583,31,31.0,12.3,0,9228186,ZCDG7
2008-05-19T09:47:04,310405000,SAPPHIRE PRINCESS,KETCHIKAN,54.682615,-131.2300117,31,30.5,12.3,0,9228186,ZCDG7
2008-05-19T09:46:55,310405000,SAPPHIRE PRINCESS,KETCHIKAN,54.68217667,-131.2304633,31,31.0,12.3,0,9228186,ZCDG7
2008-05-19T09:46:44,310405000,SAPPHIRE PRINCESS,KETCHIKAN,54.68158667,-131.2310783,31,30.5,12.4,0,9228186,ZCDG7
2008-05-19T09:46:34,310405000,SAPPHIRE PRINCESS,KETCHIKAN,54.68110167,-131.2315833,31,30.5,12.4,0,9228186,ZCDG7
2008-05-19T09:46:23,310405000,SAPPHIRE PRINCESS,KETCHIKAN,54.68061333,-131.2320883,31,31.4,12.4,0,9228186,ZCDG7
2008-05-19T09:46:13,310405000,SAPPHIRE PRINCESS,KETCHIKAN,54.68007167,-131.2326583,31,32.0,12.4,0,9228186,ZCDG7
2008-05-19T09:46:04,310405000,SAPPHIRE PRINCESS,KETCHIKAN,54.679635,-131.2331167,32,31.5,12.4,0,9228186,ZCDG7
2008-05-19T09:45:53,310405000,SAPPHIRE PRINCESS,KETCHIKAN,54.67914333,-131.2336317,32,32.0,12.4,0,9228186,ZCDG7
2008-05-19T09:45:44,310405000,SAPPHIRE PRINCESS,KETCHIKAN,54.67870667,-131.2341017,32,31.5,12.5,0,9228186,ZCDG7
2008-05-19T09:45:34,310405000,SAPPHIRE PRINCESS,KETCHIKAN,54.678205,-131.2346217,32,32.0,12.5,0,9228186,ZCDG7
2008-05-19T09:45:23,310405000,SAPPHIRE PRINCESS,KETCHIKAN,54.67767667,-131.235185,32,31.5,12.5,0,9228186,ZCDG7
2008-05-19T09:45:13,310405000,SAPPHIRE PRINCESS,KETCHIKAN,54.677135,-131.2357567,32,31.5,12.5,0,9228186,ZCDG7
2008-05-19T09:45:04,310405000,SAPPHIRE PRINCESS,KETCHIKAN,54.67669167,-131.23622,32,32.0,12.5,0,9228186,ZCDG7
2008-05-19T09:45:02,310405000,SAPPHIRE PRINCESS,KETCHIKAN,54.67614667,-131.2368017,0,0.0,0.0,0,9228186,ZCDG7
2008-05-19T09:44:53,310405000,SAPPHIRE PRINCESS,KETCHIKAN,54.67614667,-131.2368017,32,31.5,12.5,0,9228186,ZCDG7
2008-05-19T09:44:44,310405000,SAPPHIRE PRINCESS,KETCHIKAN,54.67575667,-131.2372133,32,31.5,12.5,0,9228186,ZCDG7
2008-05-19T09:44:34,310405000,SAPPHIRE PRINCESS,KETCHIKAN,54.67521333,-131.237795,32,31.5,12.6,0,9228186,ZCDG7
2008-05-19T09:44:23,310405000,SAPPHIRE PRINCESS,KETCHIKAN,54.67471833,-131.2383183,32,32.0,12.6,0,9228186,ZCDG7
2008-05-19T09:44:13,310405000,SAPPHIRE PRINCESS,KETCHIKAN,54.67417333,-131.2389,32,31.5,12.6,0,9228186,ZCDG7
2008-05-19T09:44:04,310405000,SAPPHIRE PRINCESS,KETCHIKAN,54.67373167,-131.23937,32,31.0,12.6,0,9228186,ZCDG7
2008-05-19T09:43:53,310405000,SAPPHIRE PRINCESS,KETCHIKAN,54.67318333,-131.2399417,32,32.0,12.6,0,9228186,ZCDG7
2008-05-19T09:43:44,310405000,SAPPHIRE PRINCESS,KETCHIKAN,54.67273167,-131.2404233,32,31.0,12.6,0,9228186,ZCDG7
2008-05-19T09:43:34,310405000,SAPPHIRE PRINCESS,KETCHIKAN,54.67223833,-131.2409383,32,31.5,12.6,0,9228186,ZCDG7
2008-05-19T09:43:24,310405000,SAPPHIRE PRINCESS,KETCHIKAN,54.67174167,-131.24146,32,31.5,12.6,0,9228186,ZCDG7
2008-05-19T09:43:13,310405000,SAPPHIRE PRINCESS,KETCHIKAN,54.67119333,-131.2420367,32,31.0,12.7,0,9228186,ZCDG7
2008-05-19T09:43:04,310405000,SAPPHIRE PRINCESS,KETCHIKAN,54.670745,-131.2425033,32,32.0,12.6,0,9228186,ZCDG7
2008-05-19T09:42:53,310405000,SAPPHIRE PRINCESS,KETCHIKAN,54.67024667,-131.2430267,32,31.0,12.7,0,9228186,ZCDG7
2008-05-19T09:42:44,310405000,SAPPHIRE PRINCESS,KETCHIKAN,54.66979667,-131.2434883,32,32.0,12.6,0,9228186,ZCDG7
2008-05-19T09:42:34,310405000,SAPPHIRE PRINCESS,KETCHIKAN,54.66924333,-131.2440617,32,31.5,12.7,0,9228186,ZCDG7
2008-05-19T09:42:24,310405000,SAPPHIRE PRINCESS,KETCHIKAN,54.668745,-131.2445817,32,31.5,12.7,0,9228186,ZCDG7
2008-05-19T09:42:13,310405000,SAPPHIRE PRINCESS,KETCHIKAN,54.668195,-131.2451583,32,31.0,12.6,0,9228186,ZCDG7
2008-05-19T09:42:03,310405000,SAPPHIRE PRINCESS,KETCHIKAN,54.66769333,-131.245675,32,32.0,12.7,0,9228186,ZCDG7
2008-05-19T09:41:53,310405000,SAPPHIRE PRINCESS,KETCHIKAN,54.66719333,-131.246205,32,31.5,12.6,0,9228186,ZCDG7
2008-05-19T09:41:44,310405000,SAPPHIRE PRINCESS,KETCHIKAN,54.66674333,-131.2466717,32,32.0,12.7,0,9228186,ZCDG7
2008-05-19T09:41:34,310405000,SAPPHIRE PRINCESS,KETCHIKAN,54.66624667,-131.2471967,32,31.5,12.6,0,9228186,ZCDG7
2008-05-19T09:41:24,310405000,SAPPHIRE PRINCESS,KETCHIKAN,54.66580167,-131.2476717,32,32.0,12.7,0,9228186,ZCDG7
2008-05-19T09:41:13,310405000,SAPPHIRE PRINCESS,KETCHIKAN,54.66520333,-131.2483083,32,32.0,12.6,0,9228186,ZCDG7
2008-05-19T09:41:03,310405000,SAPPHIRE PRINCESS,KETCHIKAN,54.66471,-131.2488417,32,32.0,12.6,0,9228186,ZCDG7
2008-05-19T09:40:54,310405000,SAPPHIRE PRINCESS,KETCHIKAN,54.664265,-131.249325,32,32.0,12.7,0,9228186,ZCDG7
2008-05-19T09:40:44,310405000,SAPPHIRE PRINCESS,KETCHIKAN,54.66377,-131.2498583,32,32.0,12.6,0,9228186,ZCDG7
2008-05-19T09:40:34,310405000,SAPPHIRE PRINCESS,KETCHIKAN,54.66328,-131.2503983,33,33.0,12.7,0,9228186,ZCDG7
2008-05-19T09:40:24,310405000,SAPPHIRE PRINCESS,KETCHIKAN,54.66278833,-131.2509333,33,33.0,12.6,0,9228186,ZCDG7
2008-05-19T09:40:13,310405000,SAPPHIRE PRINCESS,KETCHIKAN,54.66224833,-131.2515333,33,33.0,12.6,0,9228186,ZCDG7
2008-05-19T09:40:03,310405000,SAPPHIRE PRINCESS,KETCHIKAN,54.66175667,-131.252075,33,33.0,12.7,0,9228186,ZCDG7
2008-05-19T09:39:54,310405000,SAPPHIRE PRINCESS,KETCHIKAN,54.66130833,-131.2525717,33,33.0,12.6,0,9228186,ZCDG7
2008-05-19T09:39:44,310405000,SAPPHIRE PRINCESS,KETCHIKAN,54.660875,-131.2530517,33,32.5,12.7,0,9228186,ZCDG7
2008-05-19T09:39:34,310405000,SAPPHIRE PRINCESS,KETCHIKAN,54.66028667,-131.2537017,33,32.5,12.6,0,9228186,ZCDG7
2008-05-19T09:39:24,310405000,SAPPHIRE PRINCESS,KETCHIKAN,54.659795,-131.2542433,33,33.4,12.7,0,9228186,ZCDG7
2008-05-19T09:39:13,310405000,SAPPHIRE PRINCESS,KETCHIKAN,54.65925333,-131.2548433,33,32.5,12.6,0,9228186,ZCDG7
2008-05-19T09:39:03,310405000,SAPPHIRE PRINCESS,KETCHIKAN,54.65881333,-131.2553383,34,32.6,12.7,0,9228186,ZCDG7
2008-05-19T09:39:01,310405000,SAPPHIRE PRINCESS,KETCHIKAN,54.65836167,-131.2558317,0,0.0,0.0,0,9228186,ZCDG7
2008-05-19T09:38:54,310405000,SAPPHIRE PRINCESS,KETCHIKAN,54.65836167,-131.2558317,34,33.5,12.6,0,9228186,ZCDG7
2008-05-19T09:38:44,310405000,SAPPHIRE PRINCESS,KETCHIKAN,54.65788167,-131.2563717,33,32.0,12.6,0,9228186,ZCDG7
2008-05-19T09:38:34,310405000,SAPPHIRE PRINCESS,KETCHIKAN,54.65738333,-131.2569183,34,33.0,12.7,0,9228186,ZCDG7
2008-05-19T09:38:24,310405000,SAPPHIRE PRINCESS,KETCHIKAN,54.65689333,-131.2574567,34,33.0,12.6,0,9228186,ZCDG7
2008-05-19T09:38:13,310405000,SAPPHIRE PRINCESS,KETCHIKAN,54.656305,-131.2581117,34,33.0,12.7,0,9228186,ZCDG7
2008-05-19T09:38:03,310405000,SAPPHIRE PRINCESS,KETCHIKAN,54.655805,-131.2586717,34,32.6,12.7,0,9228186,ZCDG7
2008-05-19T09:37:54,310405000,SAPPHIRE PRINCESS,KETCHIKAN,54.65537167,-131.2591583,34,32.6,12.7,0,9228186,ZCDG7
2008-05-19T09:37:44,310405000,SAPPHIRE PRINCESS,KETCHIKAN,54.65492833,-131.2596583,34,33.0,12.7,0,9228186,ZCDG7
2008-05-19T09:37:34,310405000,SAPPHIRE PRINCESS,KETCHIKAN,54.65443833,-131.2602167,34,32.6,12.6,0,9228186,ZCDG7
2008-05-19T09:37:24,310405000,SAPPHIRE PRINCESS,KETCHIKAN,54.653905,-131.2608133,34,32.6,12.7,0,9228186,ZCDG7
2008-05-19T09:37:13,310405000,SAPPHIRE PRINCESS,KETCHIKAN,54.65341333,-131.26136,34,32.6,12.6,0,9228186,ZCDG7
2008-05-19T09:37:03,310405000,SAPPHIRE PRINCESS,KETCHIKAN,54.65292,-131.2619017,34,32.6,12.7,0,9228186,ZCDG7
2008-05-19T09:36:54,310405000,SAPPHIRE PRINCESS,KETCHIKAN,54.65246667,-131.2624033,34,32.6,12.6,0,9228186,ZCDG7
2008-05-19T09:36:44,310405000,SAPPHIRE PRINCESS,KETCHIKAN,54.65193333,-131.2629867,34,32.1,12.7,0,9228186,ZCDG7
2008-05-19T09:36:34,310405000,SAPPHIRE PRINCESS,KETCHIKAN,54.65143667,-131.2635267,34,32.1,12.6,0,9228186,ZCDG7
2008-05-19T09:36:24,310405000,SAPPHIRE PRINCESS,KETCHIKAN,54.65094167,-131.2640617,34,32.6,12.7,0,9228186,ZCDG7
2008-05-19T09:36:13,310405000,SAPPHIRE PRINCESS,KETCHIKAN,54.6504,-131.264655,34,32.1,12.7,0,9228186,ZCDG7
2008-05-19T09:36:03,310405000,SAPPHIRE PRINCESS,KETCHIKAN,54.64989667,-131.2652033,34,32.1,12.7,0,9228186,ZCDG7
2008-05-19T09:35:54,310405000,SAPPHIRE PRINCESS,KETCHIKAN,54.64946167,-131.265675,34,32.6,12.7,0,9228186,ZCDG7
2008-05-19T09:35:44,310405000,SAPPHIRE PRINCESS,KETCHIKAN,54.64902,-131.266165,34,32.1,12.7,0,9228186,ZCDG7
2008-05-19T09:35:34,310405000,SAPPHIRE PRINCESS,KETCHIKAN,54.648515,-131.2667133,34,32.1,12.7,0,9228186,ZCDG7
2008-05-19T09:35:24,310405000,SAPPHIRE PRINCESS,KETCHIKAN,54.64798333,-131.2672967,34,32.6,12.7,0,9228186,ZCDG7
2008-05-19T09:35:14,310405000,SAPPHIRE PRINCESS,KETCHIKAN,54.64743667,-131.2678817,34,32.1,12.7,0,9228186,ZCDG7
2008-05-19T09:35:03,310405000,SAPPHIRE PRINCESS,KETCHIKAN,54.64693333,-131.2684333,34,31.7,12.8,0,9228186,ZCDG7
2008-05-19T09:34:54,310405000,SAPPHIRE PRINCESS,KETCHIKAN,54.64649833,-131.26891,34,31.7,12.7,0,9228186,ZCDG7
2008-05-19T09:34:44,310405000,SAPPHIRE PRINCESS,KETCHIKAN,54.64600667,-131.26945,34,32.1,12.7,0,9228186,ZCDG7
2008-05-19T09:34:34,310405000,SAPPHIRE PRINCESS,KETCHIKAN,54.64555167,-131.2699517,34,31.7,12.7,0,9228186,ZCDG7
2008-05-19T09:34:24,310405000,SAPPHIRE PRINCESS,KETCHIKAN,54.64506333,-131.27048,34,32.6,12.7,0,9228186,ZCDG7
2008-05-19T09:34:14,310405000,SAPPHIRE PRINCESS,KETCHIKAN,54.64451833,-131.2710817,34,31.7,12.7,0,9228186,ZCDG7
2008-05-19T09:34:04,310405000,SAPPHIRE PRINCESS,KETCHIKAN,54.64407333,-131.2715717,34,31.7,12.7,0,9228186,ZCDG7
2008-05-19T09:33:54,310405000,SAPPHIRE PRINCESS,KETCHIKAN,54.64352667,-131.2721633,34,32.1,12.7,0,9228186,ZCDG7
2008-05-19T09:33:44,310405000,SAPPHIRE PRINCESS,KETCHIKAN,54.64303167,-131.27271,34,31.2,12.7,0,9228186,ZCDG7
2008-05-19T09:33:34,310405000,SAPPHIRE PRINCESS,KETCHIKAN,54.64248833,-131.2733017,34,31.2,12.7,0,9228186,ZCDG7
2008-05-19T09:33:24,310405000,SAPPHIRE PRINCESS,KETCHIKAN,54.64208667,-131.2737267,34,31.7,12.7,0,9228186,ZCDG7
2008-05-19T09:33:13,310405000,SAPPHIRE PRINCESS,KETCHIKAN,54.64153667,-131.2743183,34,31.2,12.7,0,9228186,ZCDG7
2008-05-19T09:33:04,310405000,SAPPHIRE PRINCESS,KETCHIKAN,54.64108667,-131.2747967,34,31.7,12.7,0,9228186,ZCDG7
2008-05-19T09:32:59,310405000,SAPPHIRE PRINCESS,KETCHIKAN,54.64053833,-131.2753833,0,0.0,0.0,0,9228186,ZCDG7
2008-05-19T09:32:54,310405000,SAPPHIRE PRINCESS,KETCHIKAN,54.64053833,-131.2753833,34,31.2,12.7,0,9228186,ZCDG7
2008-05-19T09:32:44,310405000,SAPPHIRE PRINCESS,KETCHIKAN,54.64003833,-131.2759133,34,31.7,12.7,0,9228186,ZCDG7
2008-05-19T09:32:33,310405000,SAPPHIRE PRINCESS,KETCHIKAN,54.63949,-131.2764967,34,31.2,12.7,0,9228186,ZCDG7
2008-05-19T09:32:24,310405000,SAPPHIRE PRINCESS,KETCHIKAN,54.63904,-131.2769683,34,32.1,12.7,0,9228186,ZCDG7
2008-05-19T09:32:14,310405000,SAPPHIRE PRINCESS,KETCHIKAN,54.63848833,-131.2775533,34,31.7,12.7,0,9228186,ZCDG7
2008-05-19T09:32:04,310405000,SAPPHIRE PRINCESS,KETCHIKAN,54.63804,-131.2780267,34,31.7,12.7,0,9228186,ZCDG7
2008-05-19T09:31:54,310405000,SAPPHIRE PRINCESS,KETCHIKAN,54.63754,-131.2785533,34,31.7,12.7,0,9228186,ZCDG7
2008-05-19T09:31:44,310405000,SAPPHIRE PRINCESS,KETCHIKAN,54.63704,-131.2790883,34,31.2,12.7,0,9228186,ZCDG7
2008-05-19T09:31:34,310405000,SAPPHIRE PRINCESS,KETCHIKAN,54.63654167,-131.2796133,34,32.1,12.7,0,9228186,ZCDG7
2008-05-19T09:31:24,310405000,SAPPHIRE PRINCESS,KETCHIKAN,54.63604333,-131.2801433,34,32.1,12.7,0,9228186,ZCDG7
2008-05-19T09:31:14,310405000,SAPPHIRE PRINCESS,KETCHIKAN,54.635535,-131.2806817,34,31.7,12.7,0,9228186,ZCDG7
2008-05-19T09:31:04,310405000,SAPPHIRE PRINCESS,KETCHIKAN,54.635045,-131.2811983,34,32.1,12.7,0,9228186,ZCDG7
2008-05-19T09:30:54,310405000,SAPPHIRE PRINCESS,KETCHIKAN,54.63449667,-131.2817783,34,31.7,12.7,0,9228186,ZCDG7
2008-05-19T09:30:44,310405000,SAPPHIRE PRINCESS,KETCHIKAN,54.63405,-131.282255,34,31.2,12.7,0,9228186,ZCDG7
2008-05-19T09:30:34,310405000,SAPPHIRE PRINCESS,KETCHIKAN,54.6335,-131.28284,34,31.2,12.7,0,9228186,ZCDG7
2008-05-19T09:30:24,310405000,SAPPHIRE PRINCESS,KETCHIKAN,54.63299833,-131.283355,34,32.1,12.7,0,9228186,ZCDG7
2008-05-19T09:30:14,310405000,SAPPHIRE PRINCESS,KETCHIKAN,54.63253833,-131.283845,34,31.2,12.7,0,9228186,ZCDG7
2008-05-19T09:30:04,310405000,SAPPHIRE PRINCESS,KETCHIKAN,54.632045,-131.2843567,34,31.2,12.7,0,9228186,ZCDG7
2008-05-19T09:29:54,310405000,SAPPHIRE PRINCESS,KETCHIKAN,54.63153333,-131.284895,34,31.2,12.7,0,9228186,ZCDG7
2008-05-19T09:29:43,310405000,SAPPHIRE PRINCESS,KETCHIKAN,54.63099167,-131.2854583,34,31.7,12.8,0,9228186,ZCDG7
2008-05-19T09:29:34,310405000,SAPPHIRE PRINCESS,KETCHIKAN,54.63048833,-131.28599,34,31.2,12.7,0,9228186,ZCDG7
2008-05-19T09:29:23,310405000,SAPPHIRE PRINCESS,KETCHIKAN,54.62998667,-131.2865117,34,31.3,12.8,0,9228186,ZCDG7
2008-05-19T09:29:14,310405000,SAPPHIRE PRINCESS,KETCHIKAN,54.62952333,-131.2869933,34,31.2,12.7,0,9228186,ZCDG7
2008-05-19T09:29:03,310405000,SAPPHIRE PRINCESS,KETCHIKAN,54.62898,-131.2875533,34,31.7,12.8,0,9228186,ZCDG7
2008-05-19T09:28:53,310405000,SAPPHIRE PRINCESS,KETCHIKAN,54.62842333,-131.2881333,34,31.3,12.8,0,9228186,ZCDG7
2008-05-19T09:28:43,310405000,SAPPHIRE PRINCESS,KETCHIKAN,54.62796833,-131.2886017,34,31.7,12.7,0,9228186,ZCDG7
2008-05-19T09:28:34,310405000,SAPPHIRE PRINCESS,KETCHIKAN,54.62745833,-131.2891233,33,30.3,12.8,0,9228186,ZCDG7
2008-05-19T09:28:24,310405000,SAPPHIRE PRINCESS,KETCHIKAN,54.62695167,-131.2896433,33,30.3,12.8,0,9228186,ZCDG7
2008-05-19T09:28:14,310405000,SAPPHIRE PRINCESS,KETCHIKAN,54.62644,-131.2901633,33,30.7,12.8,0,9228186,ZCDG7
2008-05-19T09:28:04,310405000,SAPPHIRE PRINCESS,KETCHIKAN,54.62593,-131.2906817,33,30.3,12.9,0,9228186,ZCDG7
2008-05-19T09:27:53,310405000,SAPPHIRE PRINCESS,KETCHIKAN,54.62536833,-131.29125,33,30.3,12.9,0,9228186,ZCDG7
2008-05-19T09:27:43,310405000,SAPPHIRE PRINCESS,KETCHIKAN,54.62490667,-131.2917083,33,30.7,12.9,0,9228186,ZCDG7
2008-05-19T09:27:33,310405000,SAPPHIRE PRINCESS,KETCHIKAN,54.62439167,-131.2922217,32,29.3,12.9,0,9228186,ZCDG7
2008-05-19T09:27:24,310405000,SAPPHIRE PRINCESS,KETCHIKAN,54.62387667,-131.2927333,32,29.3,12.9,0,9228186,ZCDG7
2008-05-19T09:27:14,310405000,SAPPHIRE PRINCESS,KETCHIKAN,54.62340667,-131.2931967,32,29.3,12.9,0,9228186,ZCDG7
2008-05-19T09:27:04,310405000,SAPPHIRE PRINCESS,KETCHIKAN,54.62278167,-131.2938133,32,29.7,12.9,0,9228186,ZCDG7
2008-05-19T09:26:53,310405000,SAPPHIRE PRINCESS,KETCHIKAN,54.62227333,-131.2943067,32,29.7,12.9,0,9228186,ZCDG7
2008-05-19T09:26:43,310405000,SAPPHIRE PRINCESS,KETCHIKAN,54.621805,-131.2947583,32,30.6,12.9,0,9228186,ZCDG7
2008-05-19T09:26:33,310405000,SAPPHIRE PRINCESS,KETCHIKAN,54.62123833,-131.2953167,32,29.7,12.9,0,9228186,ZCDG7
2008-05-19T09:26:24,310405000,SAPPHIRE PRINCESS,KETCHIKAN,54.62077333,-131.2957767,32,29.7,12.9,0,9228186,ZCDG7
2008-05-19T09:26:13,310405000,SAPPHIRE PRINCESS,KETCHIKAN,54.62025333,-131.2962883,32,30.2,12.9,0,9228186,ZCDG7
2008-05-19T09:26:04,310405000,SAPPHIRE PRINCESS,KETCHIKAN,54.61973833,-131.2967983,32,29.7,12.9,0,9228186,ZCDG7
2008-05-19T09:25:53,310405000,SAPPHIRE PRINCESS,KETCHIKAN,54.61917333,-131.2973683,32,30.2,12.9,0,9228186,ZCDG7
2008-05-19T09:25:43,310405000,SAPPHIRE PRINCESS,KETCHIKAN,54.61866167,-131.297885,32,29.7,12.9,0,9228186,ZCDG7
2008-05-19T09:25:33,310405000,SAPPHIRE PRINCESS,KETCHIKAN,54.61814667,-131.2984067,32,30.2,12.9,0,9228186,ZCDG7
2008-05-19T09:25:23,310405000,SAPPHIRE PRINCESS,KETCHIKAN,54.617635,-131.298925,32,30.6,12.9,0,9228186,ZCDG7
2008-05-19T09:25:13,310405000,SAPPHIRE PRINCESS,KETCHIKAN,54.61712167,-131.29945,32,31.2,12.9,0,9228186,ZCDG7
2008-05-19T09:25:04,310405000,SAPPHIRE PRINCESS,KETCHIKAN,54.61666,-131.2999217,33,30.7,12.9,0,9228186,ZCDG7
2008-05-19T09:24:53,310405000,SAPPHIRE PRINCESS,KETCHIKAN,54.61609833,-131.3004933,33,31.2,13.0,0,9228186,ZCDG7
2008-05-19T09:24:43,310405000,SAPPHIRE PRINCESS,KETCHIKAN,54.61564,-131.30097,33,31.2,12.9,0,9228186,ZCDG7
2008-05-19T09:24:33,310405000,SAPPHIRE PRINCESS,KETCHIKAN,54.61512667,-131.3014933,33,31.2,12.9,0,9228186,ZCDG7
2008-05-19T09:24:23,310405000,SAPPHIRE PRINCESS,KETCHIKAN,54.61461333,-131.30202,33,30.3,12.9,0,9228186,ZCDG7
2008-05-19T09:24:13,310405000,SAPPHIRE PRINCESS,KETCHIKAN,54.61404667,-131.3025933,33,30.3,12.9,0,9228186,ZCDG7
2008-05-19T09:24:04,310405000,SAPPHIRE PRINCESS,KETCHIKAN,54.61358667,-131.303055,33,31.2,13.0,0,9228186,ZCDG7
2008-05-19T09:23:54,310405000,SAPPHIRE PRINCESS,KETCHIKAN,54.61301667,-131.3036317,33,30.3,12.9,0,9228186,ZCDG7
2008-05-19T09:23:43,310405000,SAPPHIRE PRINCESS,KETCHIKAN,54.612505,-131.30415,33,29.4,13.0,0,9228186,ZCDG7
2008-05-19T09:23:23,310405000,SAPPHIRE PRINCESS,KETCHIKAN,54.61146667,-131.3051683,32,29.3,13.0,0,9228186,ZCDG7
2008-05-19T09:23:13,310405000,SAPPHIRE PRINCESS,KETCHIKAN,54.61094333,-131.3056767,32,29.3,13.0,0,9228186,ZCDG7
2008-05-19T09:23:04,310405000,SAPPHIRE PRINCESS,KETCHIKAN,54.610525,-131.306075,32,29.7,13.0,0,9228186,ZCDG7
2008-05-19T09:22:54,310405000,SAPPHIRE PRINCESS,KETCHIKAN,54.60989667,-131.306675,31,28.3,12.9,0,9228186,ZCDG7
2008-05-19T09:22:44,310405000,SAPPHIRE PRINCESS,KETCHIKAN,54.60937333,-131.3071717,31,28.3,13.0,0,9228186,ZCDG7
2008-05-19T09:22:33,310405000,SAPPHIRE PRINCESS,KETCHIKAN,54.60884667,-131.30766,31,28.3,12.9,0,9228186,ZCDG7
2008-05-19T09:22:23,310405000,SAPPHIRE PRINCESS,KETCHIKAN,54.60831833,-131.3081533,30,27.7,13.0,0,9228186,ZCDG7
2008-05-19T09:22:13,310405000,SAPPHIRE PRINCESS,KETCHIKAN,54.60779,-131.308645,30,27.7,13.0,0,9228186,ZCDG7
2008-05-19T09:22:04,310405000,SAPPHIRE PRINCESS,KETCHIKAN,54.607315,-131.3090733,30,28.6,13.0,0,9228186,ZCDG7
2008-05-19T09:21:54,310405000,SAPPHIRE PRINCESS,KETCHIKAN,54.60678167,-131.30956,29,27.6,12.9,0,9228186,ZCDG7
2008-05-19T09:21:44,310405000,SAPPHIRE PRINCESS,KETCHIKAN,54.606205,-131.3100817,29,26.7,13.0,0,9228186,ZCDG7
2008-05-19T09:21:34,310405000,SAPPHIRE PRINCESS,KETCHIKAN,54.60567333,-131.310555,29,28.1,13.0,0,9228186,ZCDG7
2008-05-19T09:21:23,310405000,SAPPHIRE PRINCESS,KETCHIKAN,54.60508333,-131.31109,29,28.1,12.9,0,9228186,ZCDG7
2008-05-19T09:21:13,310405000,SAPPHIRE PRINCESS,KETCHIKAN,54.60462,-131.3115133,29,28.1,13.0,0,9228186,ZCDG7
2008-05-19T09:21:04,310405000,SAPPHIRE PRINCESS,KETCHIKAN,54.60414667,-131.3119517,29,27.2,12.9,0,9228186,ZCDG7
2008-05-19T09:21:02,310405000,SAPPHIRE PRINCESS,KETCHIKAN,54.60356667,-131.312475,0,0.0,0.0,0,9228186,ZCDG7
2008-05-19T09:20:54,310405000,SAPPHIRE PRINCESS,KETCHIKAN,54.60356667,-131.312475,29,28.5,13.0,0,9228186,ZCDG7
2008-05-19T09:20:44,310405000,SAPPHIRE PRINCESS,KETCHIKAN,54.60304167,-131.3129667,30,29.5,12.8,0,9228186,ZCDG7
2008-05-19T09:20:34,310405000,SAPPHIRE PRINCESS,KETCHIKAN,54.60252167,-131.3134617,30,29.5,12.9,0,9228186,ZCDG7
2008-05-19T09:20:23,310405000,SAPPHIRE PRINCESS,KETCHIKAN,54.602,-131.31397,30,29.5,12.9,0,9228186,ZCDG7
2008-05-19T09:20:13,310405000,SAPPHIRE PRINCESS,KETCHIKAN,54.60142833,-131.31452,30,29.1,12.9,0,9228186,ZCDG7
2008-05-19T09:20:04,310405000,SAPPHIRE PRINCESS,KETCHIKAN,54.60096,-131.3149683,30,29.5,12.9,0,9228186,ZCDG7
2008-05-19T09:19:54,310405000,SAPPHIRE PRINCESS,KETCHIKAN,54.60048333,-131.3154217,29,29.0,12.9,0,9228186,ZCDG7
2008-05-19T09:19:44,310405000,SAPPHIRE PRINCESS,KETCHIKAN,54.59992167,-131.31596,29,28.1,12.9,0,9228186,ZCDG7
2008-05-19T09:19:33,310405000,SAPPHIRE PRINCESS,KETCHIKAN,54.59939833,-131.3164517,28,26.6,12.9,0,9228186,ZCDG7
2008-05-19T09:19:23,310405000,SAPPHIRE PRINCESS,KETCHIKAN,54.59886833,-131.316925,28,27.5,12.9,0,9228186,ZCDG7
2008-05-19T09:19:13,310405000,SAPPHIRE PRINCESS,KETCHIKAN,54.59833833,-131.3174,27,26.5,12.9,0,9228186,ZCDG7
2008-05-19T09:19:04,310405000,SAPPHIRE PRINCESS,KETCHIKAN,54.59780833,-131.3178567,26,25.5,12.9,0,9228186,ZCDG7
2008-05-19T09:18:54,310405000,SAPPHIRE PRINCESS,KETCHIKAN,54.59727333,-131.3183083,26,25.1,12.9,0,9228186,ZCDG7
2008-05-19T09:18:44,310405000,SAPPHIRE PRINCESS,KETCHIKAN,54.59668,-131.3187833,25,25.0,12.9,0,9228186,ZCDG7
2008-05-19T09:18:33,310405000,SAPPHIRE PRINCESS,KETCHIKAN,54.59613833,-131.3192117,24,23.5,12.9,0,9228186,ZCDG7
2008-05-19T09:18:24,310405000,SAPPHIRE PRINCESS,KETCHIKAN,54.595645,-131.319595,24,23.5,12.9,0,9228186,ZCDG7
2008-05-19T09:18:13,310405000,SAPPHIRE PRINCESS,KETCHIKAN,54.59504833,-131.320035,23,22.5,12.9,0,9228186,ZCDG7
2008-05-19T09:18:04,310405000,SAPPHIRE PRINCESS,KETCHIKAN,54.59454667,-131.3203933,22,21.5,12.9,0,9228186,ZCDG7
2008-05-19T09:17:54,310405000,SAPPHIRE PRINCESS,KETCHIKAN,54.59405667,-131.3207367,21,20.5,12.9,0,9228186,ZCDG7
2008-05-19T09:17:33,310405000,SAPPHIRE PRINCESS,KETCHIKAN,54.59283167,-131.32154,20,20.0,12.9,0,9228186,ZCDG7
2008-05-19T09:17:24,310405000,SAPPHIRE PRINCESS,KETCHIKAN,54.59232333,-131.3218583,19,18.5,13.0,0,9228186,ZCDG7
2008-05-19T09:17:13,310405000,SAPPHIRE PRINCESS,KETCHIKAN,54.59170167,-131.3222267,18,18.4,12.9,0,9228186,ZCDG7
2008-05-19T09:17:04,310405000,SAPPHIRE PRINCESS,KETCHIKAN,54.59114333,-131.32255,18,17.5,13.0,0,9228186,ZCDG7
2008-05-19T09:16:54,310405000,SAPPHIRE PRINCESS,KETCHIKAN,54.59062333,-131.3228383,17,17.0,13.0,0,9228186,ZCDG7
2008-05-19T09:16:33,310405000,SAPPHIRE PRINCESS,KETCHIKAN,54.58948167,-131.3234367,15,15.0,12.9,0,9228186,ZCDG7
2008-05-19T09:16:24,310405000,SAPPHIRE PRINCESS,KETCHIKAN,54.58891333,-131.3237117,14,14.4,13.0,0,9228186,ZCDG7
2008-05-19T09:16:13,310405000,SAPPHIRE PRINCESS,KETCHIKAN,54.58822167,-131.3240333,14,14.4,13.0,0,9228186,ZCDG7
2008-05-19T09:16:03,310405000,SAPPHIRE PRINCESS,KETCHIKAN,54.58770167,-131.324265,13,13.4,12.9,0,9228186,ZCDG7
2008-05-19T09:15:54,310405000,SAPPHIRE PRINCESS,KETCHIKAN,54.58717167,-131.3244867,12,12.4,12.9,0,9228186,ZCDG7
2008-05-19T09:15:43,310405000,SAPPHIRE PRINCESS,KETCHIKAN,54.586475,-131.3247667,12,11.8,13.1,0,9228186,ZCDG7
2008-05-19T09:15:34,310405000,SAPPHIRE PRINCESS,KETCHIKAN,54.58595333,-131.3249633,11,11.8,12.9,0,9228186,ZCDG7
2008-05-19T09:15:24,310405000,SAPPHIRE PRINCESS,KETCHIKAN,54.58542667,-131.325155,10,10.4,13.0,0,9228186,ZCDG7
2008-05-19T09:15:13,310405000,SAPPHIRE PRINCESS,KETCHIKAN,54.584785,-131.32537,9,9.8,13.0,0,9228186,ZCDG7
2008-05-19T09:15:04,310405000,SAPPHIRE PRINCESS,KETCHIKAN,54.58419,-131.32556,9,10.3,13.0,0,9228186,ZCDG7
2008-05-19T09:14:59,310405000,SAPPHIRE PRINCESS,KETCHIKAN,54.583655,-131.32572,0,0.0,0.0,0,9228186,ZCDG7
2008-05-19T09:14:54,310405000,SAPPHIRE PRINCESS,KETCHIKAN,54.583655,-131.32572,8,8.8,12.9,0,9228186,ZCDG7
2008-05-19T09:14:43,310405000,SAPPHIRE PRINCESS,KETCHIKAN,54.58294167,-131.3259117,7,8.7,13.0,0,9228186,ZCDG7
2008-05-19T09:14:34,310405000,SAPPHIRE PRINCESS,KETCHIKAN,54.58241667,-131.32605,7,7.8,13.0,0,9228186,ZCDG7
2008-05-19T09:14:24,310405000,SAPPHIRE PRINCESS,KETCHIKAN,54.58188333,-131.3261767,6,7.3,13.0,0,9228186,ZCDG7
2008-05-19T09:14:13,310405000,SAPPHIRE PRINCESS,KETCHIKAN,54.58122667,-131.32632,5,5.8,13.0,0,9228186,ZCDG7
2008-05-19T09:14:03,310405000,SAPPHIRE PRINCESS,KETCHIKAN,54.58056833,-131.32645,4,5.3,13.0,0,9228186,ZCDG7
2008-05-19T09:13:54,310405000,SAPPHIRE PRINCESS,KETCHIKAN,54.58009167,-131.3265317,4,5.3,13.0,0,9228186,ZCDG7
2008-05-19T09:13:43,310405000,SAPPHIRE PRINCESS,KETCHIKAN,54.57944,-131.32664,3,3.8,13.0,0,9228186,ZCDG7
2008-05-19T09:13:34,310405000,SAPPHIRE PRINCESS,KETCHIKAN,54.57884167,-131.3267167,3,4.7,13.0,0,9228186,ZCDG7
2008-05-19T09:13:24,310405000,SAPPHIRE PRINCESS,KETCHIKAN,54.57824333,-131.326785,2,3.3,13.0,0,9228186,ZCDG7
2008-05-19T09:13:13,310405000,SAPPHIRE PRINCESS,KETCHIKAN,54.57758333,-131.32685,1,2.3,13.0,0,9228186,ZCDG7
2008-05-19T09:13:03,310405000,SAPPHIRE PRINCESS,KETCHIKAN,54.57697833,-131.326895,1,3.2,13.0,0,9228186,ZCDG7
2008-05-19T09:12:54,310405000,SAPPHIRE PRINCESS,KETCHIKAN,54.57649833,-131.32693,0,0.8,13.0,0,9228186,ZCDG7
2008-05-19T09:12:43,310405000,SAPPHIRE PRINCESS,KETCHIKAN,54.57578167,-131.326955,359,0.7,13.0,0,9228186,ZCDG7
2008-05-19T09:12:34,310405000,SAPPHIRE PRINCESS,KETCHIKAN,54.57524667,-131.326965,358,359.3,13.0,0,9228186,ZCDG7
2008-05-19T09:12:24,310405000,SAPPHIRE PRINCESS,KETCHIKAN,54.57470833,-131.3269617,358,359.3,13.0,0,9228186,ZCDG7
2008-05-19T09:12:13,310405000,SAPPHIRE PRINCESS,KETCHIKAN,54.57398833,-131.3269517,357,358.3,13.0,0,9228186,ZCDG7
2008-05-19T09:12:03,310405000,SAPPHIRE PRINCESS,KETCHIKAN,54.57338167,-131.3269267,356,357.7,13.0,0,9228186,ZCDG7
2008-05-19T09:11:54,310405000,SAPPHIRE PRINCESS,KETCHIKAN,54.57284667,-131.3268883,356,358.2,13.0,0,9228186,ZCDG7
2008-05-19T09:11:45,310405000,SAPPHIRE PRINCESS,KETCHIKAN,54.57230833,-131.3268517,355,356.3,13.0,0,9228186,ZCDG7
2008-05-19T09:11:34,310405000,SAPPHIRE PRINCESS,KETCHIKAN,54.57165,-131.3267817,354,355.3,13.0,0,9228186,ZCDG7
2008-05-19T09:11:24,310405000,SAPPHIRE PRINCESS,KETCHIKAN,54.57104833,-131.3267083,354,355.7,13.0,0,9228186,ZCDG7
2008-05-19T09:11:14,310405000,SAPPHIRE PRINCESS,KETCHIKAN,54.57044833,-131.32663,353,354.7,13.0,0,9228186,ZCDG7
2008-05-19T09:11:03,310405000,SAPPHIRE PRINCESS,KETCHIKAN,54.56979167,-131.3265267,353,353.7,13.0,0,9228186,ZCDG7
2008-05-19T09:10:54,310405000,SAPPHIRE PRINCESS,KETCHIKAN,54.56924667,-131.32643,352,353.3,13.0,0,9228186,ZCDG7
2008-05-19T09:10:45,310405000,SAPPHIRE PRINCESS,KETCHIKAN,54.568655,-131.3263133,351,352.7,13.0,0,9228186,ZCDG7
2008-05-19T09:10:34,310405000,SAPPHIRE PRINCESS,KETCHIKAN,54.56800167,-131.3261767,351,352.3,13.0,0,9228186,ZCDG7
2008-05-19T09:10:24,310405000,SAPPHIRE PRINCESS,KETCHIKAN,54.56746667,-131.32605,350,351.3,13.0,0,9228186,ZCDG7
2008-05-19T09:10:14,310405000,SAPPHIRE PRINCESS,KETCHIKAN,54.56687,-131.3259017,349,350.7,13.0,0,9228186,ZCDG7
2008-05-19T09:10:03,310405000,SAPPHIRE PRINCESS,KETCHIKAN,54.566225,-131.3257267,349,349.8,13.0,0,9228186,ZCDG7
2008-05-19T09:09:54,310405000,SAPPHIRE PRINCESS,KETCHIKAN,54.56575167,-131.325585,348,349.7,13.0,0,9228186,ZCDG7
2008-05-19T09:09:45,310405000,SAPPHIRE PRINCESS,KETCHIKAN,54.56516,-131.3254083,348,348.3,13.0,0,9228186,ZCDG7
2008-05-19T09:09:34,310405000,SAPPHIRE PRINCESS,KETCHIKAN,54.56445167,-131.3251717,347,347.8,13.1,0,9228186,ZCDG7
2008-05-19T09:09:24,310405000,SAPPHIRE PRINCESS,KETCHIKAN,54.56386333,-131.3249617,346,347.3,13.0,0,9228186,ZCDG7
2008-05-19T09:09:03,310405000,SAPPHIRE PRINCESS,KETCHIKAN,54.56268833,-131.3245167,345,346.7,12.9,0,9228186,ZCDG7
2008-05-19T09:09:00,310405000,SAPPHIRE PRINCESS,KETCHIKAN,54.562155,-131.3242933,0,0.0,0.0,0,9228186,ZCDG7
2008-05-19T09:08:55,310405000,SAPPHIRE PRINCESS,KETCHIKAN,54.562155,-131.3242933,344,345.7,13.0,0,9228186,ZCDG7
2008-05-19T09:08:45,310405000,SAPPHIRE PRINCESS,KETCHIKAN,54.56157833,-131.3240483,344,345.3,13.0,0,9228186,ZCDG7
2008-05-19T09:08:34,310405000,SAPPHIRE PRINCESS,KETCHIKAN,54.56099333,-131.32378,343,343.8,13.0,0,9228186,ZCDG7
2008-05-19T09:08:24,310405000,SAPPHIRE PRINCESS,KETCHIKAN,54.56041833,-131.3235033,342,343.3,13.0,0,9228186,ZCDG7
2008-05-19T09:08:14,310405000,SAPPHIRE PRINCESS,KETCHIKAN,54.55978167,-131.3231817,342,341.4,13.1,0,9228186,ZCDG7
2008-05-19T09:08:03,310405000,SAPPHIRE PRINCESS,KETCHIKAN,54.55914667,-131.3228433,341,342.3,13.0,0,9228186,ZCDG7
2008-05-19T09:07:54,310405000,SAPPHIRE PRINCESS,KETCHIKAN,54.558635,-131.3225583,340,341.3,13.0,0,9228186,ZCDG7
2008-05-19T09:07:45,310405000,SAPPHIRE PRINCESS,KETCHIKAN,54.55812333,-131.3222583,339,339.8,13.0,0,9228186,ZCDG7
2008-05-19T09:07:34,310405000,SAPPHIRE PRINCESS,KETCHIKAN,54.55750167,-131.321885,339,338.8,13.0,0,9228186,ZCDG7
2008-05-19T09:07:24,310405000,SAPPHIRE PRINCESS,KETCHIKAN,54.55699333,-131.32156,338,338.4,13.1,0,9228186,ZCDG7
2008-05-19T09:07:14,310405000,SAPPHIRE PRINCESS,KETCHIKAN,54.55642833,-131.3211917,337,338.3,13.1,0,9228186,ZCDG7
2008-05-19T09:07:03,310405000,SAPPHIRE PRINCESS,KETCHIKAN,54.55581667,-131.320765,337,337.8,13.0,0,9228186,ZCDG7
2008-05-19T09:06:54,310405000,SAPPHIRE PRINCESS,KETCHIKAN,54.555205,-131.320335,336,336.8,13.0,0,9228186,ZCDG7
2008-05-19T09:06:44,310405000,SAPPHIRE PRINCESS,KETCHIKAN,54.55470667,-131.3199667,335,336.3,13.0,0,9228186,ZCDG7
2008-05-19T09:06:34,310405000,SAPPHIRE PRINCESS,KETCHIKAN,54.55415667,-131.319555,334,334.8,13.1,0,9228186,ZCDG7
2008-05-19T09:06:14,310405000,SAPPHIRE PRINCESS,KETCHIKAN,54.55311167,-131.318715,333,333.4,13.1,0,9228186,ZCDG7
2008-05-19T09:06:03,310405000,SAPPHIRE PRINCESS,KETCHIKAN,54.552525,-131.318215,332,333.3,13.1,0,9228186,ZCDG7
2008-05-19T09:05:54,310405000,SAPPHIRE PRINCESS,KETCHIKAN,54.55198833,-131.317745,331,331.8,13.1,0,9228186,ZCDG7
2008-05-19T09:05:44,310405000,SAPPHIRE PRINCESS,KETCHIKAN,54.55139667,-131.3172067,331,330.8,13.2,0,9228186,ZCDG7
2008-05-19T09:05:34,310405000,SAPPHIRE PRINCESS,KETCHIKAN,54.55091833,-131.3167667,330,330.8,13.1,0,9228186,ZCDG7
2008-05-19T09:05:23,310405000,SAPPHIRE PRINCESS,KETCHIKAN,54.55028667,-131.3161583,329,330.3,13.1,0,9228186,ZCDG7
2008-05-19T09:05:14,310405000,SAPPHIRE PRINCESS,KETCHIKAN,54.54986167,-131.3157433,329,329.3,13.1,0,9228186,ZCDG7
2008-05-19T09:05:03,310405000,SAPPHIRE PRINCESS,KETCHIKAN,54.54928833,-131.3151683,328,328.8,13.2,0,9228186,ZCDG7
2008-05-19T09:04:54,310405000,SAPPHIRE PRINCESS,KETCHIKAN,54.548815,-131.3146817,327,328.7,13.2,0,9228186,ZCDG7
2008-05-19T09:04:44,310405000,SAPPHIRE PRINCESS,KETCHIKAN,54.54829833,-131.3141483,327,327.8,13.2,0,9228186,ZCDG7
2008-05-19T09:04:34,310405000,SAPPHIRE PRINCESS,KETCHIKAN,54.54777667,-131.3135933,327,327.8,13.2,0,9228186,ZCDG7
2008-05-19T09:04:23,310405000,SAPPHIRE PRINCESS,KETCHIKAN,54.54715667,-131.3129383,327,328.3,13.2,0,9228186,ZCDG7
2008-05-19T09:04:14,310405000,SAPPHIRE PRINCESS,KETCHIKAN,54.546745,-131.3125,327,328.3,13.1,0,9228186,ZCDG7
2008-05-19T09:04:03,310405000,SAPPHIRE PRINCESS,KETCHIKAN,54.54618333,-131.3119017,327,328.3,13.2,0,9228186,ZCDG7
2008-05-19T09:03:54,310405000,SAPPHIRE PRINCESS,KETCHIKAN,54.54571167,-131.3114017,327,328.3,13.1,0,9228186,ZCDG7
2008-05-19T09:03:44,310405000,SAPPHIRE PRINCESS,KETCHIKAN,54.54520167,-131.3108583,327,328.3,13.1,0,9228186,ZCDG7
2008-05-19T09:03:34,310405000,SAPPHIRE PRINCESS,KETCHIKAN,54.54468,-131.3103067,327,328.3,13.1,0,9228186,ZCDG7
2008-05-19T09:03:23,310405000,SAPPHIRE PRINCESS,KETCHIKAN,54.54412,-131.30971,327,328.7,13.1,0,9228186,ZCDG7
2008-05-19T09:03:14,310405000,SAPPHIRE PRINCESS,KETCHIKAN,54.54371,-131.3092783,327,328.3,13.1,0,9228186,ZCDG7
2008-05-19T09:03:03,310405000,SAPPHIRE PRINCESS,KETCHIKAN,54.54309167,-131.3086267,327,327.8,13.1,0,9228186,ZCDG7
2008-05-19T09:03:01,310405000,SAPPHIRE PRINCESS,KETCHIKAN,54.54258,-131.3080783,0,0.0,0.0,0,9228186,ZCDG7
2008-05-19T09:02:54,310405000,SAPPHIRE PRINCESS,KETCHIKAN,54.54258,-131.3080783,327,328.7,13.0,0,9228186,ZCDG7
2008-05-19T09:02:44,310405000,SAPPHIRE PRINCESS,KETCHIKAN,54.54206833,-131.3075333,327,328.7,13.0,0,9228186,ZCDG7
2008-05-19T09:02:34,310405000,SAPPHIRE PRINCESS,KETCHIKAN,54.54156,-131.306985,327,328.3,13.0,0,9228186,ZCDG7
2008-05-19T09:02:23,310405000,SAPPHIRE PRINCESS,KETCHIKAN,54.540995,-131.3063783,327,328.3,13.0,0,9228186,ZCDG7
2008-05-19T09:02:14,310405000,SAPPHIRE PRINCESS,KETCHIKAN,54.54058833,-131.30594,327,328.3,13.1,0,9228186,ZCDG7
2008-05-19T09:02:03,310405000,SAPPHIRE PRINCESS,KETCHIKAN,54.54003333,-131.3053467,327,328.7,13.0,0,9228186,ZCDG7
2008-05-19T09:01:54,310405000,SAPPHIRE PRINCESS,KETCHIKAN,54.53956833,-131.3048533,326,327.7,12.9,0,9228186,ZCDG7
2008-05-19T09:01:44,310405000,SAPPHIRE PRINCESS,KETCHIKAN,54.53906667,-131.304315,326,327.3,13.0,0,9228186,ZCDG7
2008-05-19T09:01:33,310405000,SAPPHIRE PRINCESS,KETCHIKAN,54.53845833,-131.303665,326,327.7,12.9,0,9228186,ZCDG7
2008-05-19T09:01:23,310405000,SAPPHIRE PRINCESS,KETCHIKAN,54.537945,-131.3031133,326,327.7,13.0,0,9228186,ZCDG7
2008-05-19T09:01:14,310405000,SAPPHIRE PRINCESS,KETCHIKAN,54.53754167,-131.3026783,326,327.7,12.9,0,9228186,ZCDG7
2008-05-19T09:01:03,310405000,SAPPHIRE PRINCESS,KETCHIKAN,54.53693333,-131.30203,326,327.7,13.0,0,9228186,ZCDG7
2008-05-19T09:00:54,310405000,SAPPHIRE PRINCESS,KETCHIKAN,54.53648167,-131.3015467,326,327.7,13.0,0,9228186,ZCDG7
2008-05-19T09:00:43,310405000,SAPPHIRE PRINCESS,KETCHIKAN,54.535975,-131.3010017,326,328.2,12.9,0,9228186,ZCDG7
2008-05-19T09:00:33,310405000,SAPPHIRE PRINCESS,KETCHIKAN,54.53546833,-131.3004633,326,327.7,12.9,0,9228186,ZCDG7
2008-05-19T09:00:23,310405000,SAPPHIRE PRINCESS,KETCHIKAN,54.53486,-131.2998183,326,328.2,12.9,0,9228186,ZCDG7
2008-05-19T09:00:14,310405000,SAPPHIRE PRINCESS,KETCHIKAN,54.534455,-131.2993867,326,328.2,12.9,0,9228186,ZCDG7
2008-05-19T09:00:04,310405000,SAPPHIRE PRINCESS,KETCHIKAN,54.53394833,-131.29885,326,327.7,12.9,0,9228186,ZCDG7
2008-05-19T08:59:54,310405000,SAPPHIRE PRINCESS,KETCHIKAN,54.53344167,-131.29831,326,328.2,12.9,0,9228186,ZCDG7
2008-05-19T08:59:43,310405000,SAPPHIRE PRINCESS,KETCHIKAN,54.53293333,-131.2977717,326,327.7,12.9,0,9228186,ZCDG7
2008-05-19T08:59:33,310405000,SAPPHIRE PRINCESS,KETCHIKAN,54.53237333,-131.2971833,327,328.7,12.9,0,9228186,ZCDG7
2008-05-19T08:59:24,310405000,SAPPHIRE PRINCESS,KETCHIKAN,54.53191333,-131.2967,327,328.3,13.0,0,9228186,ZCDG7
2008-05-19T08:59:14,310405000,SAPPHIRE PRINCESS,KETCHIKAN,54.53140167,-131.2961633,326,327.7,13.0,0,9228186,ZCDG7
2008-05-19T08:58:54,310405000,SAPPHIRE PRINCESS,KETCHIKAN,54.53033,-131.2950267,326,327.7,13.0,0,9228186,ZCDG7
2008-05-19T08:58:43,310405000,SAPPHIRE PRINCESS,KETCHIKAN,54.52982,-131.2944883,326,327.7,13.0,0,9228186,ZCDG7
2008-05-19T08:58:33,310405000,SAPPHIRE PRINCESS,KETCHIKAN,54.52931167,-131.2939433,326,327.7,13.0,0,9228186,ZCDG7
2008-05-19T08:58:24,310405000,SAPPHIRE PRINCESS,KETCHIKAN,54.52885333,-131.293455,326,327.7,13.0,0,9228186,ZCDG7
2008-05-19T08:58:04,310405000,SAPPHIRE PRINCESS,KETCHIKAN,54.52783833,-131.2923583,326,328.2,13.0,0,9228186,ZCDG7
2008-05-19T08:57:54,310405000,SAPPHIRE PRINCESS,KETCHIKAN,54.52732167,-131.2917983,326,327.7,13.0,0,9228186,ZCDG7
2008-05-19T08:57:43,310405000,SAPPHIRE PRINCESS,KETCHIKAN,54.526765,-131.2912,326,327.7,13.1,0,9228186,ZCDG7
2008-05-19T08:57:33,310405000,SAPPHIRE PRINCESS,KETCHIKAN,54.52620167,-131.2905917,326,328.2,13.0,0,9228186,ZCDG7
2008-05-19T08:57:24,310405000,SAPPHIRE PRINCESS,KETCHIKAN,54.52574333,-131.290095,326,328.2,13.0,0,9228186,ZCDG7
2008-05-19T08:57:14,310405000,SAPPHIRE PRINCESS,KETCHIKAN,54.52523167,-131.289545,326,328.2,13.0,0,9228186,ZCDG7
2008-05-19T08:57:04,310405000,SAPPHIRE PRINCESS,KETCHIKAN,54.52472333,-131.2889933,326,328.1,13.1,0,9228186,ZCDG7
2008-05-19T08:56:58,310405000,SAPPHIRE PRINCESS,KETCHIKAN,54.52426,-131.288485,0,0.0,0.0,0,9228186,ZCDG7
2008-05-19T08:56:54,310405000,SAPPHIRE PRINCESS,KETCHIKAN,54.52426,-131.288485,326,328.1,13.1,0,9228186,ZCDG7
2008-05-19T08:56:43,310405000,SAPPHIRE PRINCESS,KETCHIKAN,54.5237,-131.28788,326,328.1,13.2,0,9228186,ZCDG7
2008-05-19T08:56:33,310405000,SAPPHIRE PRINCESS,KETCHIKAN,54.523185,-131.2873283,326,328.1,13.1,0,9228186,ZCDG7
2008-05-19T08:56:24,310405000,SAPPHIRE PRINCESS,KETCHIKAN,54.52267,-131.2867833,326,327.7,13.2,0,9228186,ZCDG7
2008-05-19T08:56:14,310405000,SAPPHIRE PRINCESS,KETCHIKAN,54.52215167,-131.2862367,326,328.6,13.2,0,9228186,ZCDG7
2008-05-19T08:55:53,310405000,SAPPHIRE PRINCESS,KETCHIKAN,54.52111667,-131.2851467,326,328.6,13.2,0,9228186,ZCDG7
2008-05-19T08:55:43,310405000,SAPPHIRE PRINCESS,KETCHIKAN,54.5206,-131.2846067,326,328.1,13.2,0,9228186,ZCDG7
2008-05-19T08:55:33,310405000,SAPPHIRE PRINCESS,KETCHIKAN,54.52007833,-131.2840667,326,329.0,13.1,0,9228186,ZCDG7
2008-05-19T08:55:24,310405000,SAPPHIRE PRINCESS,KETCHIKAN,54.51956167,-131.2835267,326,328.1,13.2,0,9228186,ZCDG7
2008-05-19T08:55:14,310405000,SAPPHIRE PRINCESS,KETCHIKAN,54.51908833,-131.2830367,327,329.6,13.2,0,9228186,ZCDG7
2008-05-19T08:55:04,310405000,SAPPHIRE PRINCESS,KETCHIKAN,54.51852167,-131.2824467,327,329.6,13.2,0,9228186,ZCDG7
2008-05-19T08:54:53,310405000,SAPPHIRE PRINCESS,KETCHIKAN,54.517945,-131.2818533,327,329.1,13.2,0,9228186,ZCDG7
2008-05-19T08:54:43,310405000,SAPPHIRE PRINCESS,KETCHIKAN,54.51747667,-131.2813683,327,329.1,13.3,0,9228186,ZCDG7
2008-05-19T08:54:34,310405000,SAPPHIRE PRINCESS,KETCHIKAN,54.51695333,-131.280825,326,329.6,13.2,0,9228186,ZCDG7
2008-05-19T08:54:24,310405000,SAPPHIRE PRINCESS,KETCHIKAN,54.51643,-131.280285,327,329.1,13.3,0,9228186,ZCDG7
2008-05-19T08:54:14,310405000,SAPPHIRE PRINCESS,KETCHIKAN,54.515955,-131.27979,327,329.6,13.2,0,9228186,ZCDG7
2008-05-19T08:54:04,310405000,SAPPHIRE PRINCESS,KETCHIKAN,54.51538,-131.2792017,327,329.1,13.3,0,9228186,ZCDG7
2008-05-19T08:53:53,310405000,SAPPHIRE PRINCESS,KETCHIKAN,54.51485667,-131.27866,327,329.6,13.2,0,9228186,ZCDG7
2008-05-19T08:53:44,310405000,SAPPHIRE PRINCESS,KETCHIKAN,54.51432667,-131.278125,327,329.1,13.3,0,9228186,ZCDG7
2008-05-19T08:53:34,310405000,SAPPHIRE PRINCESS,KETCHIKAN,54.51380167,-131.277595,327,329.1,13.3,0,9228186,ZCDG7
2008-05-19T08:53:25,310405000,SAPPHIRE PRINCESS,KETCHIKAN,54.51332833,-131.277115,327,329.1,13.2,0,9228186,ZCDG7
2008-05-19T08:53:14,310405000,SAPPHIRE PRINCESS,KETCHIKAN,54.51274833,-131.2765283,327,329.1,13.3,0,9228186,ZCDG7
2008-05-19T08:53:03,310405000,SAPPHIRE PRINCESS,KETCHIKAN,54.51216,-131.27594,327,329.1,13.3,0,9228186,ZCDG7
2008-05-19T08:52:53,310405000,SAPPHIRE PRINCESS,KETCHIKAN,54.51169,-131.275455,327,329.1,13.3,0,9228186,ZCDG7
2008-05-19T08:52:44,310405000,SAPPHIRE PRINCESS,KETCHIKAN,54.51116333,-131.2749167,327,328.7,13.3,0,9228186,ZCDG7
2008-05-19T08:52:34,310405000,SAPPHIRE PRINCESS,KETCHIKAN,54.51063333,-131.2743767,327,328.7,13.3,0,9228186,ZCDG7
2008-05-19T08:52:25,310405000,SAPPHIRE PRINCESS,KETCHIKAN,54.51016167,-131.273885,327,329.1,13.3,0,9228186,ZCDG7
2008-05-19T08:52:03,310405000,SAPPHIRE PRINCESS,KETCHIKAN,54.50900167,-131.2726767,327,327.4,13.3,0,9228186,ZCDG7
2008-05-19T08:51:53,310405000,SAPPHIRE PRINCESS,KETCHIKAN,54.508485,-131.2721283,327,329.1,13.3,0,9228186,ZCDG7
2008-05-19T08:51:44,310405000,SAPPHIRE PRINCESS,KETCHIKAN,54.50801333,-131.2716367,327,328.7,13.3,0,9228186,ZCDG7
2008-05-19T08:51:34,310405000,SAPPHIRE PRINCESS,KETCHIKAN,54.507485,-131.2710917,327,328.7,13.3,0,9228186,ZCDG7
2008-05-19T08:51:25,310405000,SAPPHIRE PRINCESS,KETCHIKAN,54.50701167,-131.2706,327,328.7,13.3,0,9228186,ZCDG7
2008-05-19T08:51:14,310405000,SAPPHIRE PRINCESS,KETCHIKAN,54.506435,-131.270005,327,328.7,13.3,0,9228186,ZCDG7
2008-05-19T08:51:03,310405000,SAPPHIRE PRINCESS,KETCHIKAN,54.50590833,-131.26946,327,328.2,13.3,0,9228186,ZCDG7
2008-05-19T08:50:55,310405000,SAPPHIRE PRINCESS,KETCHIKAN,54.50533,-131.2688617,0,0.0,0.0,0,9228186,ZCDG7
2008-05-19T08:50:53,310405000,SAPPHIRE PRINCESS,KETCHIKAN,54.50533,-131.2688617,327,328.7,13.3,0,9228186,ZCDG7
2008-05-19T08:50:44,310405000,SAPPHIRE PRINCESS,KETCHIKAN,54.50480667,-131.26832,327,328.7,13.3,0,9228186,ZCDG7
2008-05-19T08:50:34,310405000,SAPPHIRE PRINCESS,KETCHIKAN,54.50433,-131.2678217,327,328.7,13.3,0,9228186,ZCDG7
2008-05-19T08:50:25,310405000,SAPPHIRE PRINCESS,KETCHIKAN,54.50381,-131.26728,327,329.1,13.2,0,9228186,ZCDG7
2008-05-19T08:50:14,310405000,SAPPHIRE PRINCESS,KETCHIKAN,54.50328,-131.2667267,327,328.2,13.3,0,9228186,ZCDG7
2008-05-19T08:50:03,310405000,SAPPHIRE PRINCESS,KETCHIKAN,54.50271167,-131.2661333,327,328.7,13.3,0,9228186,ZCDG7
2008-05-19T08:49:53,310405000,SAPPHIRE PRINCESS,KETCHIKAN,54.50218833,-131.2655817,327,328.7,13.2,0,9228186,ZCDG7
2008-05-19T08:49:44,310405000,SAPPHIRE PRINCESS,KETCHIKAN,54.50171833,-131.2650917,327,328.7,13.2,0,9228186,ZCDG7
2008-05-19T08:49:34,310405000,SAPPHIRE PRINCESS,KETCHIKAN,54.50119167,-131.2645433,327,328.7,13.3,0,9228186,ZCDG7
2008-05-19T08:49:15,310405000,SAPPHIRE PRINCESS,KETCHIKAN,54.50014833,-131.2634567,327,328.7,13.2,0,9228186,ZCDG7
2008-05-19T08:48:53,310405000,SAPPHIRE PRINCESS,KETCHIKAN,54.49900167,-131.262275,327,329.1,13.3,0,9228186,ZCDG7
2008-05-19T08:48:44,310405000,SAPPHIRE PRINCESS,KETCHIKAN,54.49853167,-131.2617833,327,328.7,13.3,0,9228186,ZCDG7
2008-05-19T08:48:33,310405000,SAPPHIRE PRINCESS,KETCHIKAN,54.49800833,-131.2612467,327,328.7,13.3,0,9228186,ZCDG7
2008-05-19T08:48:24,310405000,SAPPHIRE PRINCESS,KETCHIKAN,54.49753833,-131.2607617,327,328.7,13.2,0,9228186,ZCDG7
2008-05-19T08:48:15,310405000,SAPPHIRE PRINCESS,KETCHIKAN,54.49706667,-131.260275,327,329.1,13.2,0,9228186,ZCDG7
2008-05-19T08:48:03,310405000,SAPPHIRE PRINCESS,KETCHIKAN,54.49637833,-131.2595733,327,328.7,13.2,0,9228186,ZCDG7
2008-05-19T08:47:53,310405000,SAPPHIRE PRINCESS,KETCHIKAN,54.49586333,-131.2590367,327,328.7,13.2,0,9228186,ZCDG7
2008-05-19T08:47:44,310405000,SAPPHIRE PRINCESS,KETCHIKAN,54.49539167,-131.2585517,327,328.7,13.2,0,9228186,ZCDG7
2008-05-19T08:47:33,310405000,SAPPHIRE PRINCESS,KETCHIKAN,54.49487167,-131.258015,327,328.2,13.3,0,9228186,ZCDG7
2008-05-19T08:47:24,310405000,SAPPHIRE PRINCESS,KETCHIKAN,54.49435,-131.2574733,327,329.1,13.2,0,9228186,ZCDG7
2008-05-19T08:47:15,310405000,SAPPHIRE PRINCESS,KETCHIKAN,54.49387833,-131.25698,327,328.7,13.2,0,9228186,ZCDG7
2008-05-19T08:47:04,310405000,SAPPHIRE PRINCESS,KETCHIKAN,54.49330833,-131.25639,327,328.7,13.2,0,9228186,ZCDG7
2008-05-19T08:46:43,310405000,SAPPHIRE PRINCESS,KETCHIKAN,54.49221167,-131.2552517,327,328.7,13.2,0,9228186,ZCDG7
2008-05-19T08:46:33,310405000,SAPPHIRE PRINCESS,KETCHIKAN,54.491695,-131.2547167,327,328.7,13.2,0,9228186,ZCDG7
2008-05-19T08:46:15,310405000,SAPPHIRE PRINCESS,KETCHIKAN,54.49075,-131.25374,327,328.7,13.2,0,9228186,ZCDG7
2008-05-19T08:46:04,310405000,SAPPHIRE PRINCESS,KETCHIKAN,54.49018333,-131.2531533,327,328.7,13.2,0,9228186,ZCDG7
2008-05-19T08:45:54,310405000,SAPPHIRE PRINCESS,KETCHIKAN,54.489665,-131.252615,327,328.7,13.1,0,9228186,ZCDG7
2008-05-19T08:45:33,310405000,SAPPHIRE PRINCESS,KETCHIKAN,54.48857667,-131.2514867,327,328.7,13.2,0,9228186,ZCDG7
2008-05-19T08:45:15,310405000,SAPPHIRE PRINCESS,KETCHIKAN,54.48758667,-131.25045,327,328.7,13.2,0,9228186,ZCDG7
2008-05-19T08:45:04,310405000,SAPPHIRE PRINCESS,KETCHIKAN,54.48707333,-131.2499133,327,328.7,13.1,0,9228186,ZCDG7
2008-05-19T08:44:58,310405000,SAPPHIRE PRINCESS,KETCHIKAN,54.48654833,-131.2493683,0,0.0,0.0,0,9228186,ZCDG7
2008-05-19T08:44:54,310405000,SAPPHIRE PRINCESS,KETCHIKAN,54.48654833,-131.2493683,327,328.7,13.1,0,9228186,ZCDG7
2008-05-19T08:44:15,310405000,SAPPHIRE PRINCESS,KETCHIKAN,54.48447667,-131.2472167,327,328.3,13.2,0,9228186,ZCDG7
2008-05-19T08:43:54,310405000,SAPPHIRE PRINCESS,KETCHIKAN,54.48339167,-131.2460883,327,328.7,13.1,0,9228186,ZCDG7
2008-05-19T08:43:43,310405000,SAPPHIRE PRINCESS,KETCHIKAN,54.482875,-131.245555,327,328.3,13.2,0,9228186,ZCDG7
2008-05-19T08:43:34,310405000,SAPPHIRE PRINCESS,KETCHIKAN,54.482405,-131.2450633,327,328.3,13.2,0,9228186,ZCDG7
2008-05-19T08:43:24,310405000,SAPPHIRE PRINCESS,KETCHIKAN,54.481895,-131.2445317,327,328.3,13.1,0,9228186,ZCDG7
2008-05-19T08:43:04,310405000,SAPPHIRE PRINCESS,KETCHIKAN,54.48085667,-131.2434517,327,328.3,13.1,0,9228186,ZCDG7
2008-05-19T08:42:54,310405000,SAPPHIRE PRINCESS,KETCHIKAN,54.48028833,-131.2428583,327,328.3,13.1,0,9228186,ZCDG7
2008-05-19T08:42:43,310405000,SAPPHIRE PRINCESS,KETCHIKAN,54.479715,-131.242265,327,328.3,13.1,0,9228186,ZCDG7
2008-05-19T08:42:34,310405000,SAPPHIRE PRINCESS,KETCHIKAN,54.479255,-131.2417833,327,328.3,13.1,0,9228186,ZCDG7
2008-05-19T08:42:14,310405000,SAPPHIRE PRINCESS,KETCHIKAN,54.47822,-131.24071,327,328.3,13.2,0,9228186,ZCDG7
2008-05-19T08:42:04,310405000,SAPPHIRE PRINCESS,KETCHIKAN,54.47770833,-131.240175,327,328.7,13.1,0,9228186,ZCDG7
2008-05-19T08:41:54,310405000,SAPPHIRE PRINCESS,KETCHIKAN,54.47719,-131.2396367,327,328.3,13.1,0,9228186,ZCDG7
2008-05-19T08:41:33,310405000,SAPPHIRE PRINCESS,KETCHIKAN,54.47615667,-131.238565,327,328.7,13.1,0,9228186,ZCDG7
2008-05-19T08:41:23,310405000,SAPPHIRE PRINCESS,KETCHIKAN,54.47564,-131.2380367,327,328.3,13.2,0,9228186,ZCDG7
2008-05-19T08:41:13,310405000,SAPPHIRE PRINCESS,KETCHIKAN,54.47507,-131.2374483,328,329.7,13.1,0,9228186,ZCDG7
2008-05-19T08:41:03,310405000,SAPPHIRE PRINCESS,KETCHIKAN,54.474545,-131.2369083,328,329.7,13.1,0,9228186,ZCDG7
2008-05-19T08:40:53,310405000,SAPPHIRE PRINCESS,KETCHIKAN,54.47402833,-131.23638,328,329.7,13.1,0,9228186,ZCDG7
2008-05-19T08:40:43,310405000,SAPPHIRE PRINCESS,KETCHIKAN,54.47356,-131.2359083,328,329.7,13.2,0,9228186,ZCDG7
2008-05-19T08:40:33,310405000,SAPPHIRE PRINCESS,KETCHIKAN,54.47304,-131.2353767,328,329.7,13.1,0,9228186,ZCDG7
2008-05-19T08:39:53,310405000,SAPPHIRE PRINCESS,KETCHIKAN,54.47090167,-131.2332183,328,329.3,13.2,0,9228186,ZCDG7
2008-05-19T08:39:43,310405000,SAPPHIRE PRINCESS,KETCHIKAN,54.47038333,-131.232695,328,329.7,13.2,0,9228186,ZCDG7
2008-05-19T08:39:33,310405000,SAPPHIRE PRINCESS,KETCHIKAN,54.46986,-131.23217,328,329.7,13.1,0,9228186,ZCDG7
2008-05-19T08:39:23,310405000,SAPPHIRE PRINCESS,KETCHIKAN,54.46933667,-131.231645,328,329.3,13.1,0,9228186,ZCDG7
2008-05-19T08:39:03,310405000,SAPPHIRE PRINCESS,KETCHIKAN,54.468345,-131.2306467,328,329.3,13.1,0,9228186,ZCDG7
2008-05-19T08:38:43,310405000,SAPPHIRE PRINCESS,KETCHIKAN,54.46724667,-131.22954,329,329.8,13.1,0,9228186,ZCDG7
2008-05-19T08:38:32,310405000,SAPPHIRE PRINCESS,KETCHIKAN,54.46667167,-131.2289633,329,329.8,13.1,0,9228186,ZCDG7
2008-05-19T08:38:23,310405000,SAPPHIRE PRINCESS,KETCHIKAN,54.46620333,-131.2284883,329,329.8,13.1,0,9228186,ZCDG7
2008-05-19T08:38:03,310405000,SAPPHIRE PRINCESS,KETCHIKAN,54.46516,-131.227435,329,329.8,13.1,0,9228186,ZCDG7
2008-05-19T08:37:43,310405000,SAPPHIRE PRINCESS,KETCHIKAN,54.46411833,-131.2263783,329,329.8,13.1,0,9228186,ZCDG7
2008-05-19T08:37:32,310405000,SAPPHIRE PRINCESS,KETCHIKAN,54.46349167,-131.22574,329,329.0,13.1,0,9228186,ZCDG7
2008-05-19T08:36:32,310405000,SAPPHIRE PRINCESS,KETCHIKAN,54.46042833,-131.222595,328,328.0,13.2,0,9228186,ZCDG7
2008-05-19T08:36:23,310405000,SAPPHIRE PRINCESS,KETCHIKAN,54.45996167,-131.2221167,328,328.4,13.1,0,9228186,ZCDG7
2008-05-19T08:36:03,310405000,SAPPHIRE PRINCESS,KETCHIKAN,54.45887667,-131.2209967,329,329.0,13.2,0,9228186,ZCDG7
2008-05-19T08:35:24,310405000,SAPPHIRE PRINCESS,KETCHIKAN,54.45686,-131.2189167,328,328.4,13.1,0,9228186,ZCDG7
2008-05-19T08:35:02,310405000,SAPPHIRE PRINCESS,KETCHIKAN,54.45577167,-131.2177967,329,329.0,13.2,0,9228186,ZCDG7
2008-05-19T08:34:32,310405000,SAPPHIRE PRINCESS,KETCHIKAN,54.45416333,-131.2161367,328,328.4,13.1,0,9228186,ZCDG7
2008-05-19T08:34:02,310405000,SAPPHIRE PRINCESS,KETCHIKAN,54.452615,-131.2145167,328,328.0,13.1,0,9228186,ZCDG7
2008-05-19T08:33:32,310405000,SAPPHIRE PRINCESS,KETCHIKAN,54.45106667,-131.212895,328,328.4,13.1,0,9228186,ZCDG7
2008-05-19T08:32:24,310405000,SAPPHIRE PRINCESS,KETCHIKAN,54.44755667,-131.20922,328,328.0,13.2,0,9228186,ZCDG7
2008-05-19T08:32:14,310405000,SAPPHIRE PRINCESS,KETCHIKAN,54.44698667,-131.2086167,328,328.4,13.1,0,9228186,ZCDG7
2008-05-19T08:31:32,310405000,SAPPHIRE PRINCESS,KETCHIKAN,54.444875,-131.2063867,328,328.4,13.2,0,9228186,ZCDG7
2008-05-19T08:30:14,310405000,SAPPHIRE PRINCESS,KETCHIKAN,54.44078,-131.20209,328,328.8,13.1,0,9228186,ZCDG7
2008-05-19T08:29:54,310405000,SAPPHIRE PRINCESS,KETCHIKAN,54.43974167,-131.2010033,328,328.8,13.2,0,9228186,ZCDG7
2008-05-19T08:28:03,310405000,SAPPHIRE PRINCESS,KETCHIKAN,54.43404333,-131.195015,328,328.8,13.2,0,9228186,ZCDG7
2008-05-19T08:23:03,310405000,SAPPHIRE PRINCESS,KETCHIKAN,54.418385,-131.178755,328,328.8,13.1,0,9228186,ZCDG7
2008-05-19T08:05:42,310405000,SAPPHIRE PRINCESS,KETCHIKAN,54.36477,-131.123095,328,328.4,13.1,0,9228186,ZCDG7
2008-05-19T08:05:03,310405000,SAPPHIRE PRINCESS,KETCHIKAN,54.36277,-131.1210183,328,328.8,13.1,0,9228186,ZCDG7
2008-05-19T08:04:03,310405000,SAPPHIRE PRINCESS,KETCHIKAN,54.35961833,-131.1177733,329,329.0,13.1,0,9228186,ZCDG7
2008-05-19T08:03:42,310405000,SAPPHIRE PRINCESS,KETCHIKAN,54.35852833,-131.1166683,329,329.8,13.1,0,9228186,ZCDG7
2008-05-19T08:00:14,310405000,SAPPHIRE PRINCESS,KETCHIKAN,54.34750667,-131.1053367,328,328.8,13.6,0,9228186,ZCDG7
